0,250,0
5,250,0
10,250,0
15,250,0
20,250,0
25,250,0
30,250,0
35,250,0
40,250,0
45,250,0
50,250,0
55,250,0
60,250,0
65,250,0
70,250,0.0001
75,250,0.0352
0,252,0
5,252,0
10,252,0
15,252,0
20,252,0
25,252,0
30,252,0
35,252,0
40,252,0
45,252,0
50,252,0
55,252,0
60,252,0
65,252,0
70,252,0.0001
75,252,0.0353
0,254,0
5,254,0
10,254,0
15,254,0
20,254,0
25,254,0
30,254,0
35,254,0
40,254,0
45,254,0
50,254,0
55,254,0
60,254,0
65,254,0
70,254,0.0001
75,254,0.0354
0,256,0
5,256,0
10,256,0
15,256,0
20,256,0
25,256,0
30,256,0
35,256,0
40,256,0
45,256,0
50,256,0
55,256,0
60,256,0
65,256,0
70,256,0.0001
75,256,0.0354
0,258,0
5,258,0
10,258,0
15,258,0
20,258,0
25,258,0
30,258,0
35,258,0
40,258,0
45,258,0
50,258,0
55,258,0
60,258,0
65,258,0
70,258,0.0001
75,258,0.0354
0,260,0
5,260,0
10,260,0
15,260,0
20,260,0
25,260,0
30,260,0
35,260,0
40,260,0
45,260,0
50,260,0
55,260,0
60,260,0
65,260,0
70,260,0.0001
75,260,0.0355
0,262,0
5,262,0
10,262,0
15,262,0
20,262,0
25,262,0
30,262,0
35,262,0
40,262,0
45,262,0
50,262,0
55,262,0
60,262,0
65,262,0
70,262,0.0001
75,262,0.0354
0,264,0
5,264,0
10,264,0
15,264,0
20,264,0
25,264,0
30,264,0
35,264,0
40,264,0
45,264,0
50,264,0
55,264,0
60,264,0
65,264,0
70,264,0.0001
75,264,0.0354
0,266,0
5,266,0
10,266,0
15,266,0
20,266,0
25,266,0
30,266,0
35,266,0
40,266,0
45,266,0
50,266,0
55,266,0
60,266,0
65,266,0
70,266,0.0001
75,266,0.0356
0,268,0
5,268,0
10,268,0
15,268,0
20,268,0
25,268,0
30,268,0
35,268,0
40,268,0
45,268,0
50,268,0
55,268,0
60,268,0
65,268,0
70,268,0.0001
75,268,0.0356
0,270,0
5,270,0
10,270,0
15,270,0
20,270,0
25,270,0
30,270,0
35,270,0
40,270,0
45,270,0
50,270,0
55,270,0
60,270,0
65,270,0
70,270,0.0001
75,270,0.0355
0,272,0
5,272,0
10,272,0
15,272,0
20,272,0
25,272,0
30,272,0
35,272,0
40,272,0
45,272,0
50,272,0
55,272,0
60,272,0
65,272,0
70,272,0.0001
75,272,0.0355
0,274,0
5,274,0
10,274,0
15,274,0
20,274,0
25,274,0
30,274,0
35,274,0
40,274,0
45,274,0
50,274,0
55,274,0
60,274,0
65,274,0
70,274,0.0001
75,274,0.0357
0,276,0
5,276,0
10,276,0
15,276,0
20,276,0
25,276,0
30,276,0
35,276,0
40,276,0
45,276,0
50,276,0
55,276,0
60,276,0
65,276,0
70,276,0.0001
75,276,0.0356
0,278,0
5,278,0
10,278,0
15,278,0
20,278,0
25,278,0
30,278,0
35,278,0
40,278,0
45,278,0
50,278,0
55,278,0
60,278,0
65,278,0
70,278,0.0001
75,278,0.0356
0,280,0
5,280,0
10,280,0
15,280,0
20,280,0
25,280,0
30,280,0
35,280,0
40,280,0
45,280,0
50,280,0
55,280,0
60,280,0
65,280,0.0001
70,280,0.0003
75,280,0.0358
0,282,0
5,282,0
10,282,0
15,282,0
20,282,0
25,282,0
30,282,0
35,282,0
40,282,0
45,282,0
50,282,0
55,282,0.0001
60,282,0.0004
65,282,0.0009
70,282,0.001
75,282,0.0363
0,284,0
5,284,0
10,284,0
15,284,0
20,284,0.0001
25,284,0.0003
30,284,0.0002
35,284,0
40,284,0
45,284,0.0001
50,284,0.0004
55,284,0.0011
60,284,0.0023
65,284,0.0025
70,284,0.0018
75,284,0.0365
0,286,0.0001
5,286,0.0001
10,286,0.0002
15,286,0.0005
20,286,0.0009
25,286,0.0007
30,286,0.0002
35,286,0.0001
40,286,0.0003
45,286,0.0009
50,286,0.0021
55,286,0.0047
60,286,0.0054
65,286,0.004
70,286,0.0023
75,286,0.0369
0,288,0.0014
5,288,0.0016
10,288,0.0021
15,288,0.0025
20,288,0.0017
25,288,0.0006
30,288,0.0002
35,288,0.0006
40,288,0.0016
45,288,0.0035
50,288,0.0072
55,288,0.0094
60,288,0.0078
65,288,0.0049
70,288,0.0031
75,288,0.037
0,290,0.0055
5,290,0.0054
10,290,0.0048
15,290,0.003
20,290,0.0012
25,290,0.0005
30,290,0.001
35,290,0.0027
40,290,0.0053
45,290,0.0094
50,290,0.0134
55,290,0.0133
60,290,0.0096
65,290,0.0059
70,290,0.0027
75,290,0.0364
0,292,0.0063
5,292,0.0053
10,292,0.0034
15,292,0.0016
20,292,0.0009
25,292,0.0016
30,292,0.0041
35,292,0.0079
40,292,0.0114
45,292,0.0162
50,292,0.0193
55,292,0.0168
60,292,0.0106
65,292,0.0042
70,292,0.0017
75,292,0.0358
0,294,0.0032
5,294,0.0026
10,294,0.0018
15,294,0.0015
20,294,0.0025
25,294,0.0061
30,294,0.0118
35,294,0.0142
40,294,0.0172
45,294,0.0242
50,294,0.0267
55,294,0.018
60,294,0.0067
65,294,0.0022
70,294,0.0011
75,294,0.0361
0,296,0.0024
5,296,0.0023
10,296,0.0028
15,296,0.0048
20,296,0.0098
25,296,0.0177
30,296,0.0184
35,296,0.0174
40,296,0.0269
45,296,0.0371
50,296,0.0296
55,296,0.0105
60,296,0.0033
65,296,0.0013
70,296,0.002
75,296,0.0426
0,298,0.0069
5,298,0.0076
10,298,0.0109
15,298,0.0185
20,298,0.0263
25,298,0.0234
30,298,0.0175
35,298,0.0281
40,298,0.0453
45,298,0.0432
50,298,0.0187
55,298,0.0048
60,298,0.0018
65,298,0.002
70,298,0.0111
75,298,0.0559
0,300,0.0273
5,300,0.029
10,300,0.0343
15,300,0.0367
20,300,0.0275
25,300,0.0176
30,300,0.0287
35,300,0.0506
40,300,0.0564
45,300,0.0316
50,300,0.0074
55,300,0.0028
60,300,0.0016
65,300,0.0111
70,300,0.0241
75,300,0.0641
0,302,0.0481
5,302,0.046
10,302,0.0395
15,302,0.0261
20,302,0.0176
25,302,0.0303
30,302,0.0553
35,302,0.0668
40,302,0.048
45,302,0.012
50,302,0.0047
55,302,0.0017
60,302,0.0083
65,302,0.0244
70,302,0.0294
75,302,0.0585
0,304,0.0312
5,304,0.0267
10,304,0.0194
15,304,0.0187
20,304,0.034
25,304,0.0619
30,304,0.0756
35,304,0.0608
40,304,0.0216
45,304,0.0068
50,304,0.0027
55,304,0.0048
60,304,0.0242
65,304,0.0267
70,304,0.0235
75,304,0.0431
0,306,0.0195
5,306,0.0202
10,306,0.0274
15,306,0.045
20,306,0.0723
25,306,0.084
30,306,0.0671
35,306,0.0363
40,306,0.0089
45,306,0.005
50,306,0.0022
55,306,0.0209
60,306,0.0253
65,306,0.0237
70,306,0.0081
75,306,0.0371
0,308,0.049
5,308,0.053
10,308,0.0688
15,308,0.0893
20,308,0.0911
25,308,0.0681
30,308,0.0508
35,308,0.0124
40,308,0.0083
45,308,0.0025
50,308,0.0115
55,308,0.0277
60,308,0.023
65,308,0.0097
70,308,0.0022
75,308,0.0371
0,310,0.0998
5,310,0.1004
10,310,0.1047
15,310,0.0903
20,310,0.0657
25,310,0.0598
30,310,0.0193
35,310,0.0104
40,310,0.0049
45,310,0.0042
50,310,0.0295
55,310,0.0208
60,310,0.0137
65,310,0.0024
70,310,0.0023
75,310,0.0515
0,312,0.1017
5,312,0.0922
10,312,0.0738
15,312,0.0606
20,312,0.0636
25,312,0.0279
30,312,0.0114
35,312,0.0093
40,312,0.0026
45,312,0.0205
50,312,0.0234
55,312,0.0172
60,312,0.0037
65,312,0.0016
70,312,0.0168
75,312,0.1454
0,314,0.0611
5,314,0.0569
10,314,0.0598
15,314,0.0643
20,314,0.0348
25,314,0.0125
30,314,0.0139
35,314,0.004
40,314,0.0082
45,314,0.0312
50,314,0.0167
55,314,0.0067
60,314,0.0013
65,314,0.0072
70,314,0.1201
75,314,0.1795
0,316,0.0664
5,316,0.0656
10,316,0.0594
15,316,0.0333
20,316,0.0139
25,316,0.0171
30,316,0.0076
35,316,0.0031
40,316,0.028
45,316,0.017
50,316,0.0122
55,316,0.0016
60,316,0.0024
65,316,0.0753
70,316,0.183
75,316,0.0816
0,318,0.0488
5,318,0.0405
10,318,0.0246
15,318,0.0147
20,318,0.0194
25,318,0.0125
30,318,0.0031
35,318,0.0149
40,318,0.0264
45,318,0.0134
50,318,0.0039
55,318,0.0011
60,318,0.0245
65,318,0.1915
70,318,0.0676
75,318,0.0451
0,320,0.0197
5,320,0.0169
10,320,0.017
15,320,0.0219
20,320,0.0173
25,320,0.0046
30,320,0.0059
35,320,0.029
40,320,0.0121
45,320,0.0085
50,320,0.0012
55,320,0.0045
60,320,0.1207
65,320,0.1183
70,320,0.0141
75,320,0.0529
0,322,0.0233
5,322,0.0238
10,322,0.0259
15,322,0.0192
20,322,0.0064
25,322,0.0032
30,322,0.0219
35,322,0.0184
40,322,0.0102
45,322,0.0025
50,322,0.0012
55,322,0.0477
60,322,0.1651
65,322,0.0252
70,322,0.0171
75,322,0.0983
0,324,0.0274
5,324,0.0243
10,324,0.0167
15,324,0.0067
20,324,0.0028
25,324,0.0137
30,324,0.0258
35,324,0.0091
40,324,0.006
45,324,0.0009
50,324,0.0063
55,324,0.1462
60,324,0.0621
65,324,0.0095
70,324,0.059
75,324,0.0912
0,326,0.0126
5,326,0.0095
10,326,0.005
15,326,0.0027
20,326,0.0087
25,326,0.0272
30,326,0.0104
35,326,0.0083
40,326,0.0016
45,326,0.0012
50,326,0.0599
55,326,0.1269
60,326,0.0114
65,326,0.033
70,326,0.0651
75,326,0.0636
0,328,0.0037
5,328,0.0031
10,328,0.0027
15,328,0.0081
20,328,0.0251
25,328,0.0147
30,328,0.0078
35,328,0.0039
40,328,0.0007
45,328,0.0095
50,328,0.1444
55,328,0.0303
60,328,0.012
65,328,0.059
70,328,0.0313
75,328,0.0644
0,330,0.0038
5,330,0.005
10,330,0.0118
15,330,0.0243
20,330,0.0183
25,330,0.0067
30,330,0.0065
35,330,0.0011
40,330,0.0013
45,330,0.071
50,330,0.1006
55,330,0.0064
60,330,0.0376
65,330,0.0336
70,330,0.0286
75,330,0.0545
0,332,0.0179
5,332,0.0201
10,332,0.0254
15,332,0.0178
20,332,0.0062
25,332,0.0073
30,332,0.0022
35,332,0.0007
40,332,0.0126
45,332,0.1377
50,332,0.0199
55,332,0.0148
60,332,0.041
65,332,0.0186
70,332,0.0235
75,332,0.0436
0,334,0.023
5,334,0.0203
10,334,0.0133
15,334,0.0057
20,334,0.0069
25,334,0.0039
30,334,0.0007
35,334,0.0018
40,334,0.0793
45,334,0.076
50,334,0.0048
55,334,0.034
60,334,0.0156
65,334,0.0191
70,334,0.0116
75,334,0.0439
0,336,0.0089
5,336,0.0065
10,336,0.0051
15,336,0.0067
20,336,0.0053
25,336,0.0011
30,336,0.0008
35,336,0.0206
40,336,0.1279
45,336,0.0125
50,336,0.0143
55,336,0.0239
60,336,0.0114
65,336,0.012
70,336,0.0082
75,336,0.0582
0,338,0.0057
5,338,0.0058
10,338,0.0069
15,338,0.0055
20,338,0.0016
25,338,0.0006
30,338,0.0034
35,338,0.0948
40,338,0.0553
45,338,0.0042
50,338,0.0267
55,338,0.0073
60,338,0.0116
65,338,0.0056
70,338,0.0139
75,338,0.0843
0,340,0.0071
5,340,0.0066
10,340,0.0047
15,340,0.0017
20,340,0.0006
25,340,0.0013
30,340,0.0394
35,340,0.1141
40,340,0.0082
45,340,0.0139
50,340,0.0147
55,340,0.0069
60,340,0.0064
65,340,0.0054
70,340,0.0287
75,340,0.1101
0,342,0.0037
5,342,0.0028
10,342,0.0013
15,342,0.0006
20,342,0.0008
25,342,0.0128
30,342,0.1154
35,342,0.0351
40,342,0.0041
45,342,0.0209
50,342,0.0038
55,342,0.007
60,342,0.0031
65,342,0.0107
70,342,0.0447
75,342,0.1615
0,344,0.0011
5,344,0.0008
10,344,0.0007
15,344,0.0008
20,344,0.0049
25,344,0.0838
30,344,0.0869
35,344,0.005
40,344,0.0134
45,344,0.0085
50,344,0.004
55,344,0.0037
60,344,0.0035
65,344,0.0197
70,344,0.0813
75,344,0.1489
0,346,0.0007
5,346,0.0007
10,346,0.001
15,346,0.0041
20,346,0.0569
25,346,0.1208
30,346,0.0162
35,346,0.005
40,346,0.0162
45,346,0.002
50,346,0.0044
55,346,0.0018
60,346,0.0071
65,346,0.0324
70,346,0.1041
75,346,0.0641
0,348,0.0017
5,348,0.0022
10,348,0.0076
15,348,0.0539
20,348,0.1307
25,348,0.041
30,348,0.003
35,348,0.014
40,348,0.0047
45,348,0.0023
50,348,0.0025
55,348,0.0021
60,348,0.012
65,348,0.0637
70,348,0.0432
75,348,0.0366
0,350,0.0239
5,350,0.0335
10,350,0.076
15,350,0.1329
20,350,0.0689
25,350,0.0055
30,350,0.0074
35,350,0.0118
40,350,0.0011
45,350,0.0029
50,350,0.0011
55,350,0.0044
60,350,0.0217
65,350,0.0604
70,350,0.007
75,350,0.0325
0,352,0.1088
5,352,0.12
10,352,0.1322
15,352,0.074
20,352,0.0103
25,352,0.0038
30,352,0.0142
35,352,0.0021
40,352,0.0014
45,352,0.0017
50,352,0.0011
55,352,0.007
60,352,0.0433
65,352,0.0157
70,352,0.0018
75,352,0.0319
0,354,0.1144
5,354,0.0984
10,354,0.0535
15,354,0.0114
20,354,0.0027
25,354,0.0121
30,354,0.0066
35,354,0.0006
40,354,0.0019
45,354,0.0007
50,354,0.0023
55,354,0.0135
60,354,0.037
65,354,0.0023
70,354,0.001
75,354,0.0319
0,356,0.033
5,356,0.0215
10,356,0.0075
15,356,0.0027
20,356,0.0097
25,356,0.011
30,356,0.0008
35,356,0.0009
40,356,0.0012
45,356,0.0006
50,356,0.0038
55,356,0.0285
60,356,0.0075
65,356,0.0007
70,356,0.0007
75,356,0.032
0,358,0.0049
5,358,0.0035
10,358,0.0031
15,358,0.0097
20,358,0.0136
25,358,0.0017
30,358,0.0004
35,358,0.0013
40,358,0.0004
45,358,0.0012
50,358,0.0065
55,358,0.0243
60,358,0.001
65,358,0.0004
70,358,0.0007
75,358,0.0324
0,360,0.0062
5,360,0.0075
10,360,0.0124
15,360,0.0145
20,360,0.0035
25,360,0.0003
30,360,0.0007
35,360,0.0009
40,360,0.0003
45,360,0.0021
50,360,0.0164
55,360,0.0046
60,360,0.0003
65,360,0.0003
70,360,0.0007
75,360,0.0334
0,362,0.0157
5,362,0.0161
10,362,0.0127
15,362,0.0038
20,362,0.0003
25,362,0.0003
30,362,0.001
35,362,0.0003
40,362,0.0007
45,362,0.0031
50,362,0.0182
55,362,0.0005
60,362,0.0002
65,362,0.0003
70,362,0.0009
75,362,0.0352
0,364,0.0095
5,364,0.0071
10,364,0.0019
15,364,0.0003
20,364,0.0002
25,364,0.0006
30,364,0.0005
35,364,0.0002
40,364,0.0012
45,364,0.0092
50,364,0.0052
55,364,0.0001
60,364,0.0001
65,364,0.0003
70,364,0.0013
75,364,0.0375
0,366,0.0008
5,366,0.0005
10,366,0.0001
15,366,0.0001
20,366,0.0003
25,366,0.0007
30,366,0.0001
35,366,0.0003
40,366,0.0015
45,366,0.0131
50,366,0.0003
55,366,0
60,366,0.0001
65,366,0.0003
70,366,0.0021
75,366,0.0413
0,368,0.0001
5,368,0
10,368,0
15,368,0.0002
20,368,0.0006
25,368,0.0002
30,368,0
35,368,0.0007
40,368,0.0047
45,368,0.0052
50,368,0
55,368,0
60,368,0.0001
65,368,0.0004
70,368,0.0036
75,368,0.0504
0,370,0
5,370,0
10,370,0.0001
15,370,0.0005
20,370,0.0003
25,370,0
30,370,0.0001
35,370,0.0008
40,370,0.0091
45,370,0.0001
50,370,0
55,370,0
60,370,0
65,370,0.0006
70,370,0.0074
75,370,0.0628
0,372,0.0001
5,372,0.0002
10,372,0.0004
15,372,0.0003
20,372,0
25,372,0
30,372,0.0004
35,372,0.0023
40,372,0.0053
45,372,0
50,372,0
55,372,0
60,372,0
65,372,0.0012
70,372,0.0159
75,372,0.0615
0,374,0.0004
5,374,0.0004
10,374,0.0002
15,374,0
20,374,0
25,374,0
30,374,0.0003
35,374,0.0061
40,374,0
45,374,0
50,374,0
55,374,0
60,374,0
65,374,0.0027
70,374,0.0247
75,374,0.05
0,376,0
5,376,0
10,376,0
15,376,0
20,376,0
25,376,0
30,376,0.0012
35,376,0.0043
40,376,0
45,376,0
50,376,0
55,376,0
60,376,0
65,376,0.0074
70,376,0.0222
75,376,0.0449
0,378,0.0001
5,378,0.0001
10,378,0.0001
15,378,0.0001
20,378,0.0003
25,378,0.0005
30,378,0.0049
35,378,0.0003
40,378,0
45,378,0
50,378,0
55,378,0.0001
60,378,0.0008
65,378,0.0152
70,378,0.014
75,378,0.0471
0,380,0.0002
5,380,0.0002
10,380,0.0002
15,380,0.0004
20,380,0.0005
25,380,0.0022
30,380,0.0031
35,380,0.0001
40,380,0.0001
45,380,0.0001
50,380,0.0001
55,380,0.0002
60,380,0.0024
65,380,0.0179
70,380,0.0099
75,380,0.0493
0,382,0.0002
5,382,0.0003
10,382,0.0004
15,382,0.0005
20,382,0.0006
25,382,0.0042
30,382,0.0002
35,382,0.0001
40,382,0.0001
45,382,0.0001
50,382,0.0001
55,382,0.0003
60,382,0.0065
65,382,0.0132
70,382,0.0114
75,382,0.0672
0,384,0.0004
5,384,0.0004
10,384,0.0004
15,384,0.0004
20,384,0.0029
25,384,0.0016
30,384,0.0001
35,384,0.0001
40,384,0.0001
45,384,0.0001
50,384,0.0001
55,384,0.0005
60,384,0.0113
65,384,0.0095
70,384,0.0187
75,384,0.0707
0,386,0.0004
5,386,0.0004
10,386,0.0004
15,386,0.0021
20,386,0.003
25,386,0.0001
30,386,0.0001
35,386,0.0001
40,386,0.0001
45,386,0.0001
50,386,0.0001
55,386,0.0014
60,386,0.0124
65,386,0.0095
70,386,0.0296
75,386,0.0533
0,388,0.0006
5,388,0.0009
10,388,0.0022
15,388,0.0032
20,388,0.0003
25,388,0.0001
30,388,0.0001
35,388,0.0001
40,388,0.0001
45,388,0.0001
50,388,0.0002
55,388,0.0041
60,388,0.0096
65,388,0.0129
70,388,0.0304
75,388,0.0426
0,390,0.0026
5,390,0.0029
10,390,0.0028
15,390,0.0006
20,390,0.0001
25,390,0.0001
30,390,0.0001
35,390,0.0001
40,390,0.0001
45,390,0.0001
50,390,0.0002
55,390,0.0074
60,390,0.0079
65,390,0.0187
70,390,0.0207
75,390,0.0401
0,392,0.0023
5,392,0.0017
10,392,0.0005
15,392,0.0001
20,392,0.0001
25,392,0.0001
30,392,0.0001
35,392,0.0001
40,392,0.0001
45,392,0.0001
50,392,0.0005
55,392,0.0087
60,392,0.0087
65,392,0.0221
70,392,0.0129
75,392,0.041
0,394,0.0003
5,394,0.0001
10,394,0.0001
15,394,0.0001
20,394,0.0001
25,394,0.0001
30,394,0.0001
35,394,0.0001
40,394,0.0001
45,394,0.0001
50,394,0.0017
55,394,0.0076
60,394,0.0114
65,394,0.0195
70,394,0.0101
75,394,0.0463
0,396,0.0001
5,396,0.0001
10,396,0.0001
15,396,0.0001
20,396,0.0001
25,396,0.0001
30,396,0.0001
35,396,0.0001
40,396,0.0001
45,396,0.0001
50,396,0.0039
55,396,0.0067
60,396,0.0144
65,396,0.0141
70,396,0.0105
75,396,0.0602
0,398,0.0001
5,398,0.0001
10,398,0.0001
15,398,0.0001
20,398,0.0001
25,398,0.0001
30,398,0.0001
35,398,0.0001
40,398,0.0001
45,398,0.0002
50,398,0.0057
55,398,0.0075
60,398,0.0157
65,398,0.0104
70,398,0.0137
75,398,0.082
0,400,0.0001
5,400,0.0001
10,400,0.0001
15,400,0.0001
20,400,0.0001
25,400,0.0001
30,400,0.0001
35,400,0.0001
40,400,0.0001
45,400,0.0006
50,400,0.006
55,400,0.0091
60,400,0.0143
65,400,0.0089
70,400,0.0211
75,400,0.0966
0,402,0.0001
5,402,0.0001
10,402,0.0001
15,402,0.0001
20,402,0.0001
25,402,0.0001
30,402,0.0001
35,402,0.0001
40,402,0.0001
45,402,0.0018
50,402,0.0055
55,402,0.0107
60,402,0.0115
65,402,0.0091
70,402,0.0334
75,402,0.0963
0,404,0.0001
5,404,0.0001
10,404,0.0001
15,404,0.0001
20,404,0.0001
25,404,0.0001
30,404,0.0001
35,404,0.0001
40,404,0.0001
45,404,0.0033
50,404,0.0058
55,404,0.0115
60,404,0.009
65,404,0.0111
70,404,0.0476
75,404,0.0926
0,406,0.0001
5,406,0.0001
10,406,0.0001
15,406,0.0001
20,406,0.0001
25,406,0.0001
30,406,0.0001
35,406,0.0001
40,406,0.0002
45,406,0.0042
50,406,0.0069
55,406,0.011
60,406,0.0074
65,406,0.0157
70,406,0.0575
75,406,0.0995
0,408,0.0001
5,408,0.0001
10,408,0.0001
15,408,0.0001
20,408,0.0001
25,408,0.0001
30,408,0.0001
35,408,0.0001
40,408,0.0007
45,408,0.0044
50,408,0.0078
55,408,0.0096
60,408,0.0069
65,408,0.0239
70,408,0.0619
75,408,0.1254
0,410,0.0001
5,410,0.0001
10,410,0.0001
15,410,0.0001
20,410,0.0001
25,410,0.0001
30,410,0.0001
35,410,0.0001
40,410,0.0017
45,410,0.0046
50,410,0.0084
55,410,0.0078
60,410,0.0075
65,410,0.0351
70,410,0.066
75,410,0.1782
0,412,0.0001
5,412,0.0001
10,412,0.0001
15,412,0.0001
20,412,0.0001
25,412,0.0001
30,412,0.0001
35,412,0.0001
40,412,0.0027
45,412,0.0054
50,412,0.0085
55,412,0.0061
60,412,0.0097
65,412,0.0458
70,412,0.0777
75,412,0.2474
0,414,0.0001
5,414,0.0001
10,414,0.0001
15,414,0.0001
20,414,0.0001
25,414,0.0001
30,414,0.0001
35,414,0.0003
40,414,0.0032
45,414,0.0061
50,414,0.0083
55,414,0.0051
60,414,0.0148
65,414,0.0516
70,414,0.1059
75,414,0.2799
0,416,0.0001
5,416,0.0001
10,416,0.0001
15,416,0.0001
20,416,0.0001
25,416,0.0001
30,416,0.0001
35,416,0.0009
40,416,0.0036
45,416,0.0063
50,416,0.0073
55,416,0.005
60,416,0.0237
65,416,0.0521
70,416,0.1538
75,416,0.2356
0,418,0.0001
5,418,0.0001
10,418,0.0001
15,418,0.0001
20,418,0.0001
25,418,0.0001
30,418,0.0001
35,418,0.0016
40,418,0.0043
45,418,0.0065
50,418,0.0057
55,418,0.0058
60,418,0.0337
65,418,0.0541
70,418,0.1947
75,418,0.1604
0,420,0.0001
5,420,0.0001
10,420,0.0001
15,420,0.0001
20,420,0.0001
25,420,0.0001
30,420,0.0002
35,420,0.0022
40,420,0.0049
45,420,0.0068
50,420,0.0042
55,420,0.0086
60,420,0.039
65,420,0.0659
70,420,0.1867
75,420,0.1087
0,422,0.0001
5,422,0.0001
10,422,0.0001
15,422,0.0001
20,422,0.0001
25,422,0.0001
30,422,0.0005
35,422,0.0027
40,422,0.0051
45,422,0.0066
50,422,0.0034
55,422,0.0146
60,422,0.037
65,422,0.0922
70,422,0.132
75,422,0.0822
0,424,0.0001
5,424,0.0001
10,424,0.0001
15,424,0.0001
20,424,0.0001
25,424,0.0001
30,424,0.0011
35,424,0.0034
40,424,0.005
45,424,0.0055
50,424,0.0034
55,424,0.0231
60,424,0.0323
65,424,0.1215
70,424,0.0769
75,424,0.0691
0,426,0.0001
5,426,0.0001
10,426,0.0001
15,426,0.0001
20,426,0.0001
25,426,0.0002
30,426,0.0016
35,426,0.0042
40,426,0.0054
45,426,0.0039
50,426,0.0043
55,426,0.0285
60,426,0.0329
65,426,0.126
70,426,0.0471
75,426,0.0634
0,428,0
5,428,0
10,428,0.0001
15,428,0.0001
20,428,0.0001
25,428,0.0005
30,428,0.002
35,428,0.0043
40,428,0.0058
45,428,0.0027
50,428,0.007
55,428,0.0269
60,428,0.0429
65,428,0.0993
70,428,0.034
75,428,0.0625
0,430,0
5,430,0.0001
10,430,0.0001
15,430,0.0001
20,430,0.0001
25,430,0.0009
30,430,0.0028
35,430,0.0041
40,430,0.0054
45,430,0.0023
50,430,0.0127
55,430,0.0208
60,430,0.0625
65,430,0.0616
70,430,0.0286
75,430,0.0658
0,432,0.0001
5,432,0.0001
10,432,0.0001
15,432,0.0001
20,432,0.0002
25,432,0.0013
30,432,0.0037
35,432,0.0043
40,432,0.004
45,432,0.0024
50,432,0.019
55,432,0.0169
60,432,0.0791
65,432,0.0368
70,432,0.0276
75,432,0.0746
0,434,0.0001
5,434,0.0001
10,434,0.0001
15,434,0.0001
20,434,0.0005
25,434,0.0018
30,434,0.0038
35,434,0.0049
40,434,0.0026
45,434,0.0034
50,434,0.0207
55,434,0.0181
60,434,0.0783
65,434,0.0257
70,434,0.0303
75,434,0.0939
0,436,0.0001
5,436,0.0001
10,436,0.0001
15,436,0.0002
20,436,0.0009
25,436,0.0027
30,436,0.0035
35,436,0.005
40,436,0.0018
45,436,0.0064
50,436,0.0167
55,436,0.0258
60,436,0.0606
65,436,0.0214
70,436,0.0377
75,436,0.1319
0,438,0.0001
5,438,0.0001
10,438,0.0001
15,438,0.0005
20,438,0.0012
25,438,0.0035
30,438,0.0035
35,438,0.0041
40,438,0.0015
45,438,0.0117
50,438,0.0109
55,438,0.0399
60,438,0.0376
65,438,0.0208
70,438,0.0532
75,438,0.1994
0,440,0.0001
5,440,0.0001
10,440,0.0003
15,440,0.0008
20,440,0.0019
25,440,0.0035
30,440,0.0042
35,440,0.0026
40,440,0.0018
45,440,0.0154
50,440,0.0084
55,440,0.0516
60,440,0.0233
65,440,0.023
70,440,0.0842
75,440,0.2929
0,442,0.0002
5,442,0.0003
10,442,0.0006
15,442,0.0011
20,442,0.0029
25,442,0.003
30,442,0.0047
35,442,0.0016
40,442,0.0029
45,442,0.0145
50,442,0.0088
55,442,0.0522
60,442,0.0173
65,442,0.029
70,442,0.1446
75,442,0.3777
0,444,0.0006
5,444,0.0007
10,444,0.0009
15,444,0.0018
20,444,0.0035
25,444,0.0031
30,444,0.0041
35,444,0.0012
40,444,0.0062
45,444,0.0097
50,444,0.0126
55,444,0.0422
60,444,0.0156
65,444,0.0417
70,444,0.2477
75,444,0.4165
0,446,0.0009
5,446,0.001
10,446,0.0015
15,446,0.0031
20,446,0.0031
25,446,0.0042
30,446,0.0026
35,446,0.0013
40,446,0.0109
45,446,0.0058
50,446,0.0216
55,446,0.0273
60,446,0.0165
65,446,0.069
70,446,0.3801
75,446,0.4217
0,448,0.0013
5,448,0.0015
10,448,0.0026
15,448,0.0036
20,448,0.0027
25,448,0.0048
30,448,0.0016
35,448,0.0018
40,448,0.0126
45,448,0.0046
50,448,0.0327
55,448,0.0175
60,448,0.02
65,448,0.1253
70,448,0.4856
75,448,0.433
0,450,0.0023
5,450,0.0027
10,450,0.0036
15,450,0.0029
20,450,0.0034
25,450,0.0038
30,450,0.0011
35,450,0.0036
40,450,0.0102
45,450,0.0049
50,450,0.0381
55,450,0.0136
60,450,0.0274
65,450,0.2287
70,450,0.5315
75,450,0.4674
0,452,0.0035
5,452,0.0035
10,452,0.0031
15,452,0.0025
20,452,0.0047
25,452,0.0022
30,452,0.0011
35,452,0.0074
40,452,0.0057
45,452,0.007
50,452,0.0356
55,452,0.0127
60,452,0.0428
65,452,0.3772
70,452,0.5427
75,452,0.5197
0,454,0.0033
5,454,0.0029
10,454,0.0024
15,454,0.0033
20,454,0.0045
25,454,0.0013
30,454,0.0014
35,454,0.0107
40,454,0.0034
45,454,0.0124
50,454,0.0267
55,454,0.0138
60,454,0.0759
65,454,0.5276
70,454,0.565
75,454,0.5718
0,456,0.0024
5,456,0.0022
10,456,0.0027
15,456,0.0047
20,456,0.0027
25,456,0.001
30,456,0.0024
35,456,0.01
40,456,0.0028
45,456,0.0216
50,456,0.0169
55,456,0.0172
60,456,0.1461
65,456,0.6234
70,456,0.6137
75,456,0.6042
0,458,0.0024
5,458,0.0026
10,458,0.004
15,458,0.0044
20,458,0.0013
25,458,0.0009
30,458,0.0053
35,458,0.006
40,458,0.0029
45,458,0.0288
50,458,0.012
55,458,0.024
60,458,0.2722
65,458,0.6552
70,458,0.6742
75,458,0.6118
0,460,0.0036
5,460,0.004
10,460,0.0048
15,460,0.0023
20,460,0.0008
25,460,0.001
30,460,0.0089
35,460,0.0028
40,460,0.0038
45,460,0.0298
50,460,0.0104
55,460,0.038
60,460,0.4412
65,460,0.6671
70,460,0.7229
75,460,0.6062
0,462,0.0048
5,462,0.0047
10,462,0.0031
15,462,0.001
20,462,0.0006
25,462,0.0018
30,462,0.0092
35,462,0.0017
40,462,0.0064
45,462,0.025
50,462,0.0106
55,462,0.0679
60,462,0.6001
65,462,0.6973
70,462,0.7451
75,462,0.6019
0,464,0.0036
5,464,0.0028
10,464,0.0012
15,464,0.0005
20,464,0.0005
25,464,0.0043
30,464,0.0056
35,464,0.0014
40,464,0.0122
45,464,0.0166
50,464,0.0123
55,464,0.1327
60,464,0.7005
65,464,0.7452
70,464,0.7425
75,464,0.6055
0,466,0.0015
5,466,0.001
10,466,0.0005
15,466,0.0003
20,466,0.0007
25,466,0.0078
30,466,0.0021
35,466,0.0014
40,466,0.0196
45,466,0.0106
50,466,0.0164
55,466,0.2547
60,466,0.7293
65,466,0.7893
70,466,0.7294
75,466,0.6149
0,468,0.0005
5,468,0.0004
10,468,0.0003
15,468,0.0003
20,468,0.0018
25,468,0.0078
30,468,0.001
35,468,0.0019
40,468,0.0232
45,468,0.0083
50,468,0.0245
55,468,0.4239
60,468,0.7292
65,468,0.8104
70,468,0.7197
75,468,0.6245
0,470,0.0002
5,470,0.0002
10,470,0.0002
15,470,0.0005
20,470,0.0048
25,470,0.0041
30,470,0.0007
35,470,0.0034
40,470,0.0216
45,470,0.0079
50,470,0.0419
55,470,0.589
60,470,0.7431
65,470,0.8056
70,470,0.7184
75,470,0.6347
0,472,0.0002
5,472,0.0002
10,472,0.0003
15,472,0.0014
20,472,0.0076
25,472,0.0013
30,472,0.0007
35,472,0.007
40,472,0.0158
45,472,0.0087
50,472,0.0804
55,472,0.6984
60,472,0.7718
65,472,0.7859
70,472,0.7249
75,472,0.6535
0,474,0.0002
5,474,0.0003
10,474,0.0007
15,474,0.0042
20,474,0.0057
25,474,0.0006
30,474,0.0008
35,474,0.013
40,474,0.0097
45,474,0.0111
50,474,0.1624
55,474,0.7348
60,474,0.7963
65,474,0.7661
70,474,0.7431
75,474,0.6721
0,476,0.0005
5,476,0.0007
10,476,0.0023
15,476,0.0073
20,476,0.0019
25,476,0.0004
30,476,0.0012
35,476,0.0175
40,476,0.0068
45,476,0.0161
50,476,0.3022
55,476,0.728
60,476,0.802
65,476,0.757
70,476,0.7791
75,476,0.6745
0,478,0.0016
5,478,0.0023
10,478,0.0059
15,478,0.0053
20,478,0.0006
25,478,0.0003
30,478,0.0022
35,478,0.0174
40,478,0.006
45,478,0.026
50,478,0.4675
55,478,0.7261
60,478,0.7872
65,478,0.7679
70,478,0.8089
75,478,0.6797
0,480,0.0049
5,480,0.006
10,480,0.0069
15,480,0.0016
20,480,0.0003
25,480,0.0004
30,480,0.0049
35,480,0.0134
40,480,0.0064
45,480,0.0468
50,480,0.6014
55,480,0.7355
60,480,0.7617
65,480,0.8076
70,480,0.811
75,480,0.6852
0,482,0.0073
5,482,0.0066
10,482,0.0029
15,482,0.0006
20,482,0.0003
25,482,0.0007
30,482,0.0097
35,482,0.0083
40,482,0.0082
45,482,0.0944
50,482,0.6721
55,482,0.7453
60,482,0.7478
65,482,0.8605
70,482,0.8098
75,482,0.6807
0,484,0.004
5,484,0.0026
10,484,0.0009
15,484,0.0005
20,484,0.0004
25,484,0.0013
30,484,0.014
35,484,0.0059
40,484,0.0114
45,484,0.1945
50,484,0.6854
55,484,0.7499
60,484,0.7748
65,484,0.8839
70,484,0.8102
75,484,0.6758
0,486,0.0012
5,486,0.0009
10,486,0.0006
15,486,0.0005
20,486,0.0006
25,486,0.0028
30,486,0.0144
35,486,0.0057
40,486,0.0171
45,486,0.3508
50,486,0.687
55,486,0.7559
60,486,0.8466
65,486,0.8828
70,486,0.8047
75,486,0.679
0,488,0.0007
5,488,0.0006
10,488,0.0005
15,488,0.0005
20,488,0.0008
25,488,0.0062
30,488,0.0112
35,488,0.0065
40,488,0.0299
45,488,0.5192
50,488,0.7107
55,488,0.7751
60,488,0.9086
65,488,0.8833
70,488,0.8033
75,488,0.6863
0,490,0.0006
5,490,0.0006
10,490,0.0006
15,490,0.0006
20,490,0.0013
25,490,0.0113
30,490,0.0076
35,490,0.0077
40,490,0.0614
45,490,0.6552
50,490,0.752
55,490,0.8239
60,490,0.93
65,490,0.8808
70,490,0.8119
75,490,0.6905
0,492,0.0006
5,492,0.0006
10,492,0.0006
15,492,0.0008
20,492,0.0024
25,492,0.0145
30,492,0.0063
35,492,0.0097
40,492,0.1365
45,492,0.7327
50,492,0.7966
55,492,0.8888
60,492,0.9348
65,492,0.8786
70,492,0.8241
75,492,0.6881
0,494,0.0007
5,494,0.0007
10,494,0.0007
15,494,0.0011
20,494,0.0054
25,494,0.0132
30,494,0.0063
35,494,0.0143
40,494,0.2837
45,494,0.7629
50,494,0.8399
55,494,0.9333
60,494,0.9382
65,494,0.8846
70,494,0.8308
75,494,0.6828
0,496,0.0007
5,496,0.0008
10,496,0.0009
15,496,0.0018
20,496,0.0109
25,496,0.0093
30,496,0.0063
35,496,0.025
40,496,0.4868
45,496,0.7907
50,496,0.8847
55,496,0.9503
60,496,0.9368
65,496,0.8978
70,496,0.8289
75,496,0.6803
0,498,0.0008
5,498,0.0009
10,498,0.0012
15,498,0.0036
20,498,0.0151
25,498,0.0068
30,498,0.007
35,498,0.05
40,498,0.6784
45,498,0.8356
50,498,0.9246
55,498,0.9597
60,498,0.9356
65,498,0.9106
70,498,0.8228
75,498,0.6831
0,500,0.0009
5,500,0.0011
10,500,0.0018
15,500,0.008
20,500,0.0137
25,500,0.0055
30,500,0.009
35,500,0.11
40,500,0.8063
45,500,0.8859
50,500,0.9483
55,500,0.966
60,500,0.9397
65,500,0.9171
70,500,0.818
75,500,0.6892
0,502,0.0013
5,502,0.0016
10,502,0.0037
15,502,0.0138
20,502,0.0093
25,502,0.005
30,502,0.0136
35,502,0.238
40,502,0.8537
45,502,0.9285
50,502,0.9599
55,502,0.9654
60,502,0.9485
65,502,0.916
70,502,0.818
75,502,0.6953
0,504,0.0022
5,504,0.003
10,504,0.0085
15,504,0.0153
20,504,0.0062
25,504,0.0055
30,504,0.0232
35,504,0.4412
40,504,0.8619
45,504,0.9561
50,504,0.9703
55,504,0.9632
60,504,0.9578
65,504,0.9115
70,504,0.8223
75,504,0.6991
0,506,0.0052
5,506,0.0072
10,506,0.0145
15,506,0.0108
20,506,0.0048
25,506,0.0069
30,506,0.045
35,506,0.6595
40,506,0.8817
45,506,0.9648
50,506,0.9794
55,506,0.9613
60,506,0.9637
65,506,0.9049
70,506,0.828
75,506,0.7
0,508,0.0112
5,508,0.0136
10,508,0.0147
15,508,0.0065
20,508,0.0044
25,508,0.0095
30,508,0.0974
35,508,0.8135
40,508,0.9179
45,508,0.9666
50,508,0.9841
55,508,0.9662
60,508,0.9644
65,508,0.9035
70,508,0.8342
75,508,0.699
0,510,0.0158
5,510,0.015
10,510,0.0093
15,510,0.0046
20,510,0.0048
25,510,0.0149
30,510,0.2143
35,510,0.873
40,510,0.9533
45,510,0.9701
50,510,0.9838
55,510,0.9738
60,510,0.9608
65,510,0.9056
70,510,0.8389
75,510,0.6977
0,512,0.0126
5,512,0.0098
10,512,0.0056
15,512,0.004
20,512,0.0059
25,512,0.0264
30,512,0.4139
35,512,0.8734
40,512,0.972
45,512,0.9783
50,512,0.9801
55,512,0.9808
60,512,0.9551
65,512,0.9098
70,512,0.8403
75,512,0.698
0,514,0.0073
5,514,0.0057
10,514,0.0042
15,514,0.0042
20,514,0.0081
25,514,0.0534
30,514,0.6461
35,514,0.8832
40,514,0.972
45,514,0.9861
50,514,0.977
55,514,0.9848
60,514,0.9501
65,514,0.9142
70,514,0.8393
75,514,0.7007
0,516,0.0048
5,516,0.0042
10,516,0.0038
15,516,0.0049
20,516,0.0125
25,516,0.1194
30,516,0.8143
35,516,0.9194
40,516,0.9658
45,516,0.989
50,516,0.977
55,516,0.9848
60,516,0.9476
65,516,0.917
70,516,0.8377
75,516,0.7061
0,518,0.004
5,518,0.0038
10,518,0.0041
15,518,0.0065
20,518,0.0215
25,518,0.2614
30,518,0.8635
35,518,0.9549
40,518,0.9656
45,518,0.9862
50,518,0.98
55,518,0.9816
60,518,0.9479
65,518,0.9174
70,518,0.8378
75,518,0.7124
0,520,0.004
5,520,0.004
10,520,0.005
15,520,0.0094
20,520,0.0418
25,520,0.4844
30,520,0.8694
35,520,0.9694
40,520,0.9713
45,520,0.9808
50,520,0.9838
55,520,0.9771
60,520,0.9501
65,520,0.9158
70,520,0.8402
75,520,0.7177
0,522,0.0045
5,522,0.0047
10,522,0.0067
15,522,0.0153
20,522,0.0913
25,522,0.708
30,522,0.8911
35,522,0.9669
40,522,0.9776
45,522,0.9767
50,522,0.9864
55,522,0.9735
60,522,0.9523
65,522,0.9135
70,522,0.8448
75,522,0.7203
0,524,0.0057
5,524,0.0063
10,524,0.0099
15,524,0.0279
20,524,0.2071
25,524,0.8397
30,524,0.9271
35,524,0.9623
40,524,0.9804
45,524,0.9756
50,524,0.9867
55,524,0.9717
60,524,0.9536
65,524,0.9119
70,524,0.8501
75,524,0.7189
0,526,0.0081
5,526,0.0092
10,526,0.0164
15,526,0.0574
20,526,0.4177
25,526,0.8785
30,526,0.9517
35,526,0.9623
40,526,0.9786
45,526,0.9772
50,526,0.985
55,526,0.9716
60,526,0.9534
65,526,0.9121
70,526,0.8542
75,526,0.714
0,528,0.0126
5,528,0.015
10,528,0.0302
15,528,0.1301
20,528,0.6669
25,528,0.8922
30,528,0.9608
35,528,0.9663
40,528,0.9746
45,528,0.9799
50,528,0.9826
55,528,0.9725
60,528,0.9522
65,528,0.9142
70,528,0.8555
75,528,0.707
0,530,0.0218
5,530,0.0272
10,530,0.0629
15,530,0.2908
20,530,0.839
25,530,0.913
30,530,0.9615
35,530,0.9709
40,530,0.9708
45,530,0.9822
50,530,0.9806
55,530,0.9733
60,530,0.9509
65,530,0.9173
70,530,0.8536
75,530,0.6997
0,532,0.0425
5,532,0.0559
10,532,0.1447
15,532,0.5475
20,532,0.8939
25,532,0.9358
30,532,0.9595
35,532,0.9735
40,532,0.969
45,532,0.9834
50,532,0.9796
55,532,0.9736
60,532,0.9501
65,532,0.9202
70,532,0.8489
75,532,0.6935
0,534,0.0935
5,534,0.128
10,534,0.3265
15,534,0.7915
20,534,0.8947
25,534,0.9545
30,534,0.9587
35,534,0.9731
40,534,0.9693
45,534,0.9834
50,534,0.9794
55,534,0.9733
60,534,0.9505
65,534,0.922
70,534,0.8428
75,534,0.6892
0,536,0.2175
5,536,0.2946
10,536,0.6063
15,536,0.8975
20,536,0.9016
25,536,0.963
30,536,0.9605
35,536,0.9704
40,536,0.9712
45,536,0.9829
50,536,0.9795
55,536,0.9728
60,536,0.9514
65,536,0.9221
70,536,0.8363
75,536,0.6867
0,538,0.4545
5,538,0.5687
10,538,0.8392
15,538,0.8944
20,538,0.9256
25,538,0.9618
30,538,0.9642
35,538,0.9668
40,538,0.9736
45,538,0.9823
50,538,0.9797
55,538,0.9724
60,538,0.9527
65,538,0.9202
70,538,0.8308
75,538,0.686
0,540,0.7346
5,540,0.8198
10,540,0.9049
15,540,0.8863
20,540,0.9507
25,540,0.9569
30,540,0.9677
35,540,0.9637
40,540,0.9761
45,540,0.9818
50,540,0.9797
55,540,0.9721
60,540,0.9537
65,540,0.9172
70,540,0.8266
75,540,0.6863
0,542,0.8882
5,542,0.9025
10,542,0.8841
15,542,0.9075
20,542,0.9626
25,542,0.9544
30,542,0.9686
35,542,0.9622
40,542,0.9782
45,542,0.9816
50,542,0.9798
55,542,0.972
60,542,0.9544
65,542,0.9135
70,542,0.8237
75,542,0.6872
0,544,0.895
5,544,0.8831
10,544,0.8829
15,544,0.9396
20,544,0.9601
25,544,0.957
30,544,0.9662
35,544,0.963
40,544,0.9795
45,544,0.9815
50,544,0.9798
55,544,0.9718
60,544,0.9545
65,544,0.9096
70,544,0.8223
75,544,0.6884
0,546,0.8787
5,546,0.8785
10,546,0.9121
15,546,0.9594
20,546,0.9521
25,546,0.9623
30,546,0.9616
35,546,0.9659
40,546,0.9801
45,546,0.9813
50,546,0.98
55,546,0.9715
60,546,0.9541
65,546,0.9059
70,546,0.822
75,546,0.6895
0,548,0.8953
5,548,0.9066
10,548,0.945
15,548,0.9605
20,548,0.9481
25,548,0.9662
30,548,0.9568
35,548,0.9699
40,548,0.9797
45,548,0.9815
50,548,0.9801
55,548,0.9712
60,548,0.9534
65,548,0.9026
70,548,0.8228
75,548,0.6903
0,550,0.9292
5,550,0.941
10,550,0.9606
15,550,0.9512
20,550,0.9508
25,550,0.9659
30,550,0.9541
35,550,0.9739
40,550,0.9792
45,550,0.9818
50,550,0.9799
55,550,0.971
60,550,0.952
65,550,0.9
70,550,0.8243
75,550,0.6911
0,552,0.9544
5,552,0.9591
10,552,0.957
15,552,0.9435
20,552,0.9577
25,552,0.961
30,552,0.955
35,552,0.9767
40,552,0.9788
45,552,0.982
50,552,0.9792
55,552,0.9711
60,552,0.9501
65,552,0.8985
70,552,0.8259
75,552,0.6923
0,554,0.9595
5,554,0.957
10,554,0.9461
15,554,0.9438
20,554,0.9633
25,554,0.954
30,554,0.9592
35,554,0.978
40,554,0.9786
45,554,0.9821
50,554,0.9781
55,554,0.9714
60,554,0.9477
65,554,0.8981
70,554,0.8278
75,554,0.6935
0,556,0.9507
5,556,0.9459
10,556,0.9397
15,556,0.9507
20,556,0.9633
25,556,0.9485
30,556,0.9652
35,556,0.9776
40,556,0.979
45,556,0.9819
50,556,0.977
55,556,0.972
60,556,0.9451
65,556,0.8989
70,556,0.8294
75,556,0.6948
0,558,0.9411
5,558,0.9384
10,558,0.9421
15,558,0.9585
20,558,0.9577
25,558,0.9471
30,558,0.9709
35,558,0.9764
40,558,0.9797
45,558,0.9812
50,558,0.9764
55,558,0.9722
60,558,0.9427
65,558,0.9007
70,558,0.8308
75,558,0.6959
0,560,0.939
5,560,0.9396
10,560,0.9501
15,560,0.9611
20,560,0.949
25,560,0.9501
30,560,0.9749
35,560,0.9754
40,560,0.9803
45,560,0.9798
50,560,0.976
55,560,0.9715
60,560,0.9409
65,560,0.9027
70,560,0.8314
75,560,0.6969
0,562,0.9448
5,562,0.9473
10,562,0.9572
15,562,0.9567
20,562,0.9415
25,562,0.9566
30,562,0.9767
35,562,0.975
40,562,0.9803
45,562,0.9779
50,562,0.9761
55,562,0.9699
60,562,0.9401
65,562,0.9047
70,562,0.8314
75,562,0.6979
0,564,0.9535
5,564,0.9556
10,564,0.9589
15,564,0.948
20,564,0.9393
25,564,0.9647
30,564,0.9757
35,564,0.9755
40,564,0.9797
45,564,0.9765
50,564,0.9772
55,564,0.9683
60,564,0.9405
65,564,0.9069
70,564,0.8317
75,564,0.6991
0,566,0.9585
5,566,0.9578
10,566,0.953
15,566,0.9389
20,566,0.9428
25,566,0.971
30,566,0.9736
35,566,0.9769
40,566,0.9781
45,566,0.9759
50,566,0.9785
55,566,0.9662
60,566,0.942
65,566,0.9081
70,566,0.8315
75,566,0.6999
0,568,0.9563
5,568,0.9527
10,568,0.9431
15,568,0.9339
20,568,0.9506
25,568,0.9741
30,568,0.9719
35,568,0.978
40,568,0.9757
45,568,0.9761
50,568,0.9793
55,568,0.9642
60,568,0.9442
65,568,0.9084
70,568,0.8315
75,568,0.7004
0,570,0.948
5,570,0.9428
10,570,0.9339
15,570,0.9351
20,570,0.9601
25,570,0.9739
30,570,0.9716
35,570,0.9782
40,570,0.9734
45,570,0.9771
50,570,0.9794
55,570,0.963
60,570,0.9467
65,570,0.9078
70,570,0.8317
75,570,0.7004
0,572,0.9381
5,572,0.9331
10,572,0.9299
15,572,0.942
20,572,0.9679
25,572,0.9714
30,572,0.9726
35,572,0.9771
40,572,0.9716
45,572,0.9788
50,572,0.9787
55,572,0.9627
60,572,0.9489
65,572,0.9066
70,572,0.8324
75,572,0.6999
0,574,0.9311
5,574,0.9281
10,574,0.9327
15,574,0.9522
20,574,0.972
25,574,0.9686
30,574,0.9745
35,574,0.9744
40,574,0.9709
45,574,0.9805
50,574,0.9774
55,574,0.9636
60,574,0.9502
65,574,0.9054
70,574,0.8335
75,574,0.6987
0,576,0.9301
5,576,0.93
10,576,0.9411
15,576,0.9622
20,576,0.9719
25,576,0.967
30,576,0.9762
35,576,0.9706
40,576,0.9716
45,576,0.9819
50,576,0.9756
55,576,0.9653
60,576,0.9505
65,576,0.9044
70,576,0.8345
75,576,0.697
0,578,0.9355
5,578,0.938
10,578,0.9521
15,578,0.9686
20,578,0.9692
25,578,0.9675
30,578,0.9764
35,578,0.9671
40,578,0.9734
45,578,0.9825
50,578,0.9741
55,578,0.9674
60,578,0.9497
65,578,0.9043
70,578,0.835
75,578,0.6946
0,580,0.9454
5,580,0.9492
10,580,0.9622
15,580,0.9705
20,580,0.9657
25,580,0.9695
30,580,0.9745
35,580,0.9644
40,580,0.976
45,580,0.9823
50,580,0.9732
55,580,0.9695
60,580,0.948
65,580,0.905
70,580,0.8347
75,580,0.6919
0,582,0.9565
5,582,0.9598
10,582,0.9684
15,582,0.9685
20,582,0.9634
25,582,0.972
30,582,0.9705
35,582,0.9633
40,582,0.9786
45,582,0.9813
50,582,0.9731
55,582,0.971
60,582,0.9462
65,582,0.9063
70,582,0.8334
75,582,0.6894
0,584,0.9651
5,584,0.9669
10,584,0.9695
15,584,0.9646
20,584,0.9635
25,584,0.9733
30,584,0.9652
35,584,0.9642
40,584,0.9808
45,584,0.9799
50,584,0.974
55,584,0.9714
60,584,0.9446
65,584,0.9078
70,584,0.8314
75,584,0.6875
0,586,0.9691
5,586,0.969
10,586,0.9667
15,586,0.9611
20,586,0.9656
25,586,0.9723
30,586,0.9602
35,586,0.967
40,586,0.9821
45,586,0.9784
50,586,0.9755
55,586,0.9709
60,586,0.9439
65,586,0.9091
70,586,0.8288
75,586,0.6866
0,588,0.9685
5,588,0.9667
10,588,0.9624
15,588,0.9599
20,588,0.9685
25,588,0.9688
30,588,0.9566
35,588,0.9709
40,588,0.9821
45,588,0.9774
50,588,0.9771
55,588,0.9695
60,588,0.944
65,588,0.9097
70,588,0.8261
75,588,0.6868
0,590,0.9649
5,590,0.9623
10,590,0.959
15,590,0.961
20,590,0.9705
25,590,0.9631
30,590,0.9553
35,590,0.975
40,590,0.9811
45,590,0.977
50,590,0.9785
55,590,0.9676
60,590,0.9451
65,590,0.9094
70,590,0.8237
75,590,0.688
0,592,0.9607
5,592,0.9585
10,592,0.958
15,592,0.9639
20,592,0.9701
25,592,0.9565
30,592,0.9567
35,592,0.9784
40,592,0.9795
45,592,0.9773
50,592,0.9792
55,592,0.9659
60,592,0.9468
65,592,0.908
70,592,0.822
75,592,0.6899
0,594,0.9579
5,594,0.9568
10,594,0.9594
15,594,0.9668
20,594,0.9663
25,594,0.9506
30,594,0.9604
35,594,0.9804
40,594,0.9778
45,594,0.9782
50,594,0.9792
55,594,0.9648
60,594,0.9485
65,594,0.9058
70,594,0.8216
75,594,0.6923
0,596,0.9578
5,596,0.9579
10,596,0.9625
15,596,0.9678
20,596,0.9599
25,596,0.947
30,596,0.9658
35,596,0.9808
40,596,0.9765
45,596,0.9796
50,596,0.9784
55,596,0.9642
60,596,0.9499
65,596,0.9032
70,596,0.8225
75,596,0.6947
0,598,0.96
5,598,0.9608
10,598,0.9654
15,598,0.9656
20,598,0.9522
25,598,0.9465
30,598,0.9715
35,598,0.9798
40,598,0.9758
45,598,0.9807
50,598,0.9771
55,598,0.9647
60,598,0.9506
65,598,0.9008
70,598,0.8245
75,598,0.6966
0,600,0.9631
5,600,0.9638
10,600,0.966
15,600,0.9601
20,600,0.945
25,600,0.9494
30,600,0.9764
35,600,0.9778
40,600,0.976
45,600,0.9814
50,600,0.9754
55,600,0.966
60,600,0.9503
65,600,0.8992
70,600,0.8271
75,600,0.6977
0,602,0.9652
5,602,0.965
10,602,0.9632
15,602,0.9521
20,602,0.94
25,602,0.955
30,602,0.9794
35,602,0.9754
40,602,0.9769
45,602,0.9813
50,602,0.974
55,602,0.9677
60,602,0.9492
65,602,0.8985
70,602,0.83
75,602,0.6978
0,604,0.9646
5,604,0.9627
10,604,0.9569
15,604,0.9436
20,604,0.9385
25,604,0.9619
30,604,0.9802
35,604,0.9733
40,604,0.9781
45,604,0.9807
50,604,0.9732
55,604,0.9694
60,604,0.9474
65,604,0.8989
70,604,0.8327
75,604,0.6967
0,606,0.9604
5,606,0.957
10,606,0.9483
15,606,0.9364
20,606,0.9407
25,606,0.9689
30,606,0.9791
35,606,0.9723
40,606,0.9793
45,606,0.9795
50,606,0.973
55,606,0.9707
60,606,0.9453
65,606,0.9005
70,606,0.8345
75,606,0.6947
0,608,0.9532
5,608,0.9486
10,608,0.9394
15,608,0.9323
20,608,0.9463
25,608,0.9746
30,608,0.9765
35,608,0.9722
40,608,0.9798
45,608,0.978
50,608,0.9737
55,608,0.9715
60,608,0.9433
65,608,0.9029
70,608,0.8351
75,608,0.6921
0,610,0.9442
5,610,0.9392
10,610,0.9319
15,610,0.9323
20,610,0.954
25,610,0.9778
30,610,0.9733
35,610,0.9731
40,610,0.9798
45,610,0.9765
50,610,0.975
55,610,0.9714
60,610,0.942
65,610,0.9057
70,610,0.8346
75,610,0.6896
0,612,0.9355
5,612,0.931
10,612,0.9278
15,612,0.9364
20,612,0.9626
25,612,0.9783
30,612,0.9704
35,612,0.9745
40,612,0.979
45,612,0.9756
50,612,0.9765
55,612,0.9706
60,612,0.9417
65,612,0.9084
70,612,0.8329
75,612,0.6874
0,614,0.9291
5,614,0.9261
10,614,0.9281
15,614,0.9438
20,614,0.9701
25,614,0.9763
30,614,0.9686
35,614,0.9759
40,614,0.9775
45,614,0.9754
50,614,0.9782
55,614,0.9692
60,614,0.9424
65,614,0.9106
70,614,0.8302
75,614,0.686
0,616,0.9265
5,616,0.9253
10,616,0.9327
15,616,0.9529
20,616,0.975
25,616,0.9727
30,616,0.9681
35,616,0.9768
40,616,0.9757
45,616,0.9758
50,616,0.9794
55,616,0.9675
60,616,0.9439
65,616,0.9116
70,616,0.8273
75,616,0.6856
0,618,0.9281
5,618,0.9289
10,618,0.9407
15,618,0.9622
20,618,0.9769
25,618,0.9689
30,618,0.9689
35,618,0.977
40,618,0.9739
45,618,0.977
50,618,0.9802
55,618,0.9662
60,618,0.9461
65,618,0.9115
70,618,0.8246
75,618,0.6861
0,620,0.9339
5,620,0.9364
10,620,0.9506
15,620,0.9698
20,620,0.9758
25,620,0.9655
30,620,0.9706
35,620,0.9762
40,620,0.9727
45,620,0.9786
50,620,0.9804
55,620,0.9653
60,620,0.9486
65,620,0.9104
70,620,0.8225
75,620,0.6874
0,622,0.9428
5,622,0.9465
10,622,0.9605
15,622,0.9744
20,622,0.9723
25,622,0.9635
30,622,0.9725
35,622,0.9745
40,622,0.9722
45,622,0.9803
50,622,0.9799
55,622,0.9652
60,622,0.9508
65,622,0.9082
70,622,0.8216
75,622,0.6893
0,624,0.953
5,624,0.957
10,624,0.9686
15,624,0.9754
20,624,0.9678
25,624,0.963
30,624,0.9738
35,624,0.9723
40,624,0.9726
45,624,0.9819
50,624,0.9789
55,624,0.9659
60,624,0.9525
65,624,0.9056
70,624,0.8216
75,624,0.6915
0,626,0.9627
5,626,0.966
10,626,0.9735
15,626,0.9733
20,626,0.9634
25,626,0.964
30,626,0.9744
35,626,0.9699
40,626,0.9739
45,626,0.9831
50,626,0.9778
55,626,0.9672
60,626,0.9533
65,626,0.903
70,626,0.8227
75,626,0.6935
0,628,0.97
5,628,0.9721
10,628,0.9747
15,628,0.969
20,628,0.9601
25,628,0.9659
30,628,0.9738
35,628,0.9679
40,628,0.9756
45,628,0.9837
50,628,0.9768
55,628,0.969
60,628,0.9532
65,628,0.9009
70,628,0.8245
75,628,0.695
0,630,0.974
5,630,0.9744
10,630,0.9725
15,630,0.9638
20,630,0.9585
25,630,0.9681
30,630,0.9719
35,630,0.9668
40,630,0.9777
45,630,0.9838
50,630,0.9763
55,630,0.9709
60,630,0.9521
65,630,0.8995
70,630,0.8268
75,630,0.6957
0,632,0.9743
5,632,0.9731
10,632,0.9679
15,632,0.959
20,632,0.9587
25,632,0.9698
30,632,0.9692
35,632,0.9668
40,632,0.9798
45,632,0.9834
50,632,0.9762
55,632,0.9725
60,632,0.9503
65,632,0.8991
70,632,0.8292
75,632,0.6956
0,634,0.9713
5,634,0.9689
10,634,0.9624
15,634,0.9557
20,634,0.9603
25,634,0.9703
30,634,0.9664
35,634,0.9678
40,634,0.9815
45,634,0.9825
50,634,0.9766
55,634,0.9738
60,634,0.9482
65,634,0.8996
70,634,0.8313
75,634,0.6946
0,636,0.9663
5,636,0.9633
10,636,0.9573
15,636,0.9544
20,636,0.9626
25,636,0.9693
30,636,0.9635
35,636,0.9697
40,636,0.9827
45,636,0.9816
50,636,0.9775
55,636,0.9745
60,636,0.9461
65,636,0.901
70,636,0.8328
75,636,0.693
0,638,0.9608
5,638,0.9578
10,638,0.9536
15,638,0.9549
20,638,0.9649
25,638,0.9672
30,638,0.9614
35,638,0.9723
40,638,0.9833
45,638,0.9808
50,638,0.9788
55,638,0.9744
60,638,0.9443
65,638,0.903
70,638,0.8334
75,638,0.6913
0,640,0.956
5,640,0.9533
10,640,0.952
15,640,0.9568
20,640,0.9663
25,640,0.964
30,640,0.9608
35,640,0.9751
40,640,0.9834
45,640,0.9804
50,640,0.9803
55,640,0.9736
60,640,0.9433
65,640,0.9053
70,640,0.8331
75,640,0.6895
0,642,0.9527
5,642,0.9508
10,642,0.9524
15,642,0.9593
20,642,0.9663
25,642,0.9605
30,642,0.9617
35,642,0.9778
40,642,0.9828
45,642,0.9805
50,642,0.9816
55,642,0.9723
60,642,0.943
65,642,0.9076
70,642,0.8321
75,642,0.6881
0,644,0.9513
5,644,0.9505
10,644,0.9542
15,644,0.9616
20,644,0.9647
25,644,0.9574
30,644,0.9636
35,644,0.9799
40,644,0.9819
45,644,0.981
50,644,0.9826
55,644,0.9707
60,644,0.9435
65,644,0.9095
70,644,0.8304
75,644,0.6874
0,646,0.9519
5,646,0.9519
10,646,0.9568
15,646,0.9628
20,646,0.9618
25,646,0.9552
30,646,0.9664
35,646,0.9811
40,646,0.981
45,646,0.9821
50,646,0.9832
55,646,0.9692
60,646,0.9447
65,646,0.9106
70,646,0.8284
75,646,0.6876
0,648,0.954
5,648,0.9545
10,648,0.9593
15,648,0.9625
20,648,0.9581
25,648,0.9544
30,648,0.9699
35,648,0.9817
40,648,0.9803
45,648,0.9834
50,648,0.9833
55,648,0.9679
60,648,0.9464
65,648,0.9108
70,648,0.8266
75,648,0.6886
0,650,0.9566
5,650,0.9572
10,650,0.9607
15,650,0.9607
20,650,0.9541
25,650,0.9549
30,650,0.9734
35,650,0.9814
40,650,0.98
45,650,0.9846
50,650,0.9829
55,650,0.967
60,650,0.9484
65,650,0.9104
70,650,0.8254
75,650,0.6902
0,652,0.9588
5,652,0.9592
10,652,0.9607
15,652,0.9574
20,652,0.9509
25,652,0.957
30,652,0.9765
35,652,0.9806
40,652,0.9802
45,652,0.9856
50,652,0.982
55,652,0.9667
60,652,0.9503
65,652,0.9092
70,652,0.8248
75,652,0.6926
0,654,0.9599
5,654,0.9597
10,654,0.9589
15,654,0.9533
20,654,0.9488
25,654,0.9604
30,654,0.9789
35,654,0.9795
40,654,0.9808
45,654,0.9864
50,654,0.9808
55,654,0.9671
60,654,0.952
65,654,0.9077
70,654,0.8251
75,654,0.6954
0,656,0.9596
5,656,0.9584
10,656,0.9556
15,656,0.9493
20,656,0.9484
25,656,0.9644
30,656,0.9801
35,656,0.9784
40,656,0.9818
45,656,0.9867
50,656,0.9796
55,656,0.9681
60,656,0.9531
65,656,0.9061
70,656,0.8263
75,656,0.6982
0,658,0.9575
5,658,0.9554
10,658,0.9513
15,658,0.946
20,658,0.9498
25,658,0.9686
30,658,0.9803
35,658,0.9776
40,658,0.9831
45,658,0.9867
50,658,0.9786
55,658,0.9694
60,658,0.9536
65,658,0.9046
70,658,0.8282
75,658,0.7006
0,660,0.9541
5,660,0.9514
10,660,0.9469
15,660,0.9439
20,660,0.9527
25,660,0.9724
30,660,0.9798
35,660,0.9773
40,660,0.9845
45,660,0.9863
50,660,0.9779
55,660,0.971
60,660,0.9534
65,660,0.9037
70,660,0.8307
75,660,0.7024
0,662,0.9499
5,662,0.947
10,662,0.9432
15,662,0.9436
20,662,0.9567
25,662,0.9753
30,662,0.9785
35,662,0.9775
40,662,0.9854
45,662,0.9855
50,662,0.9777
55,662,0.9726
60,662,0.9527
65,662,0.9033
70,662,0.8336
75,662,0.7036
0,664,0.9455
5,664,0.9427
10,664,0.9409
15,664,0.9452
20,664,0.9613
25,664,0.9771
30,664,0.977
35,664,0.9785
40,664,0.9861
45,664,0.9844
50,664,0.9778
55,664,0.974
60,664,0.9515
65,664,0.9037
70,664,0.8363
75,664,0.7038
0,666,0.9421
5,666,0.9398
10,666,0.9404
15,666,0.9484
20,666,0.966
25,666,0.9776
30,666,0.9758
35,666,0.9798
40,666,0.9865
45,666,0.9835
50,666,0.9786
55,666,0.975
60,666,0.9501
65,666,0.9048
70,666,0.8388
75,666,0.703
0,668,0.9401
5,668,0.9385
10,668,0.9417
15,668,0.9529
20,668,0.9701
25,668,0.977
30,668,0.9749
35,668,0.9811
40,668,0.9863
45,668,0.9828
50,668,0.9794
55,668,0.9754
60,668,0.949
65,668,0.9065
70,668,0.8405
75,668,0.7015
0,670,0.9397
5,670,0.9392
10,670,0.9447
15,670,0.9579
20,670,0.9732
25,670,0.9757
30,670,0.9747
35,670,0.9825
40,670,0.9857
45,670,0.9822
50,670,0.9805
55,670,0.9756
60,670,0.9482
65,670,0.9087
70,670,0.8415
75,670,0.6995
0,672,0.9413
5,672,0.9418
10,672,0.9492
15,672,0.963
20,672,0.975
25,672,0.9742
30,672,0.9752
35,672,0.9837
40,672,0.9848
45,672,0.9822
50,672,0.9819
55,672,0.9752
60,672,0.9477
65,672,0.911
70,672,0.8416
75,672,0.6973
0,674,0.9446
5,674,0.946
10,674,0.9547
15,674,0.9675
20,674,0.9754
25,674,0.9726
30,674,0.9763
35,674,0.9843
40,674,0.9838
45,674,0.9824
50,674,0.9831
55,674,0.9745
60,674,0.9477
65,674,0.9133
70,674,0.8409
75,674,0.695
0,676,0.9492
5,676,0.9512
10,676,0.9602
15,676,0.9709
20,676,0.9746
25,676,0.9712
30,676,0.9777
35,676,0.9846
40,676,0.9829
45,676,0.9828
50,676,0.984
55,676,0.9737
60,676,0.9483
65,676,0.9154
70,676,0.8394
75,676,0.6931
0,678,0.9545
5,678,0.9568
10,678,0.9651
15,678,0.9727
20,678,0.9731
25,678,0.9707
30,678,0.9794
35,678,0.9843
40,678,0.982
45,678,0.9838
50,678,0.9847
55,678,0.9727
60,678,0.9494
65,678,0.9169
70,678,0.8374
75,678,0.6915
0,680,0.96
5,680,0.9621
10,680,0.9689
15,680,0.9732
20,680,0.9712
25,680,0.9708
30,680,0.9809
35,680,0.9835
40,680,0.9815
45,680,0.9849
50,680,0.985
55,680,0.9719
60,680,0.951
65,680,0.9176
70,680,0.8351
75,680,0.6907
0,682,0.9649
5,682,0.9665
10,682,0.9712
15,682,0.9723
20,682,0.9694
25,682,0.9718
30,682,0.9823
35,682,0.9824
40,682,0.9815
45,682,0.9859
50,682,0.9849
55,682,0.9714
60,682,0.9529
65,682,0.9178
70,682,0.8327
75,682,0.6904
0,684,0.9686
5,684,0.9697
10,684,0.9721
15,684,0.9707
20,684,0.968
25,684,0.9733
30,684,0.983
35,684,0.9812
40,684,0.9817
45,684,0.987
50,684,0.9845
55,684,0.9713
60,684,0.9546
65,684,0.9171
70,684,0.8307
75,684,0.6909
0,686,0.9709
5,686,0.9712
10,686,0.9717
15,686,0.9688
20,686,0.9673
25,686,0.9751
30,686,0.9832
35,686,0.9801
40,686,0.9823
45,686,0.9879
50,686,0.984
55,686,0.9716
60,686,0.9562
65,686,0.9158
70,686,0.8292
75,686,0.692
0,688,0.9717
5,688,0.9713
10,688,0.9702
15,688,0.9667
20,688,0.9675
25,688,0.9769
30,688,0.9826
35,688,0.9792
40,688,0.9833
45,688,0.9884
50,688,0.9833
55,688,0.9723
60,688,0.9575
65,688,0.9141
70,688,0.8282
75,688,0.6936
0,690,0.9713
5,690,0.9702
10,690,0.968
15,690,0.9653
20,690,0.9687
25,690,0.9785
30,690,0.9816
35,690,0.9785
40,690,0.9843
45,690,0.9887
50,690,0.9828
55,690,0.9734
60,690,0.9585
65,690,0.9122
70,690,0.8283
75,690,0.6958
0,692,0.9699
5,692,0.9684
10,692,0.966
15,692,0.9646
20,692,0.9704
25,692,0.9796
30,692,0.9802
35,692,0.9784
40,692,0.9854
45,692,0.9888
50,692,0.9824
55,692,0.9746
60,692,0.9588
65,692,0.9104
70,692,0.829
75,692,0.6982
0,694,0.9677
5,694,0.9661
10,694,0.9644
15,694,0.9648
20,694,0.9723
25,694,0.9802
30,694,0.9788
35,694,0.9787
40,694,0.9864
45,694,0.9885
50,694,0.9823
55,694,0.9758
60,694,0.9586
65,694,0.9088
70,694,0.83
75,694,0.7002
0,696,0.9657
5,696,0.9641
10,696,0.9632
15,696,0.9658
20,696,0.9744
25,696,0.98
30,696,0.9774
35,696,0.9795
40,696,0.9873
45,696,0.988
50,696,0.9824
55,696,0.9771
60,696,0.9579
65,696,0.9075
70,696,0.8317
75,696,0.702
0,698,0.964
5,698,0.9627
10,698,0.963
15,698,0.9673
20,698,0.9761
25,698,0.9791
30,698,0.9763
35,698,0.9805
40,698,0.988
45,698,0.9876
50,698,0.9826
55,698,0.9781
60,698,0.9569
65,698,0.9067
70,698,0.8337
75,698,0.7034
0,700,0.9628
5,700,0.9619
10,700,0.9638
15,700,0.9694
20,700,0.9773
25,700,0.9776
30,700,0.9755
35,700,0.9817
40,700,0.9882
45,700,0.9872
50,700,0.9831
55,700,0.9787
60,700,0.9554
65,700,0.9065
70,700,0.8359
75,700,0.7043
0,702,0.9626
5,702,0.9623
10,702,0.9653
15,702,0.9717
20,702,0.9778
25,702,0.976
30,702,0.9754
35,702,0.983
40,702,0.988
45,702,0.9867
50,702,0.9838
55,702,0.9791
60,702,0.954
65,702,0.9069
70,702,0.8382
75,702,0.7046
0,704,0.9633
5,704,0.9635
10,704,0.9674
15,704,0.9736
20,704,0.9774
25,704,0.9743
30,704,0.9758
35,704,0.9841
40,704,0.9878
45,704,0.9866
50,704,0.9845
55,704,0.9793
60,704,0.9527
65,704,0.9078
70,704,0.8401
75,704,0.7045
0,706,0.9646
5,706,0.9654
10,706,0.9695
15,706,0.9749
20,706,0.9763
25,706,0.9729
30,706,0.9767
35,706,0.9851
40,706,0.9874
45,706,0.9866
50,706,0.9853
55,706,0.9789
60,706,0.9516
65,706,0.9092
70,706,0.8416
75,706,0.7038
0,708,0.9667
5,708,0.9676
10,708,0.9715
15,708,0.9757
20,708,0.9748
25,708,0.9718
30,708,0.9779
35,708,0.9858
40,708,0.987
45,708,0.9869
50,708,0.9861
55,708,0.9783
60,708,0.9508
65,708,0.9109
70,708,0.8427
75,708,0.7028
0,710,0.9688
5,710,0.9698
10,710,0.9731
15,710,0.9755
20,710,0.9732
25,710,0.9713
30,710,0.9794
35,710,0.9861
40,710,0.9866
45,710,0.9873
50,710,0.9866
55,710,0.9775
60,710,0.9504
65,710,0.9129
70,710,0.8432
75,710,0.7016
0,712,0.9709
5,712,0.9717
10,712,0.974
15,712,0.9745
20,712,0.9713
25,712,0.9714
30,712,0.9808
35,712,0.9861
40,712,0.9862
45,712,0.9877
50,712,0.9872
55,712,0.9764
60,712,0.9504
65,712,0.9148
70,712,0.8431
75,712,0.7002
0,714,0.9726
5,714,0.9731
10,714,0.9743
15,714,0.9731
20,714,0.9696
25,714,0.9721
30,714,0.9822
35,714,0.9856
40,714,0.986
45,714,0.9882
50,714,0.9873
55,714,0.9755
60,714,0.9509
65,714,0.9166
70,714,0.8424
75,714,0.6992
0,716,0.9736
5,716,0.9739
10,716,0.9738
15,716,0.9712
20,716,0.9685
25,716,0.9732
30,716,0.9833
35,716,0.9851
40,716,0.9861
45,716,0.9889
50,716,0.9871
55,716,0.9746
60,716,0.9518
65,716,0.918
70,716,0.8416
75,716,0.6986
0,718,0.9738
5,718,0.9736
10,718,0.9726
15,718,0.969
20,718,0.9679
25,718,0.9746
30,718,0.9842
35,718,0.9847
40,718,0.9862
45,718,0.9894
50,718,0.9868
55,718,0.974
60,718,0.953
65,718,0.9188
70,718,0.8405
75,718,0.6981
0,720,0.9732
5,720,0.9724
10,720,0.9706
15,720,0.9672
20,720,0.9678
25,720,0.9762
30,720,0.9845
35,720,0.9841
40,720,0.9865
45,720,0.9898
50,720,0.9863
55,720,0.9736
60,720,0.9543
65,720,0.9195
70,720,0.8394
75,720,0.698
0,722,0.9719
5,722,0.9707
10,722,0.9684
15,722,0.9657
20,722,0.9682
25,722,0.9778
30,722,0.9844
35,722,0.9835
40,722,0.9871
45,722,0.9901
50,722,0.9856
55,722,0.9734
60,722,0.9558
65,722,0.9197
70,722,0.8383
75,722,0.6982
0,724,0.9701
5,724,0.9687
10,724,0.9665
15,724,0.9648
20,724,0.9693
25,724,0.9792
30,724,0.984
35,724,0.983
40,724,0.9876
45,724,0.9902
50,724,0.985
55,724,0.9736
60,724,0.9573
65,724,0.9192
70,724,0.8373
75,724,0.699
0,726,0.9679
5,726,0.9667
10,726,0.9647
15,726,0.9647
20,726,0.9709
25,726,0.9803
30,726,0.9835
35,726,0.9828
40,726,0.9881
45,726,0.99
50,726,0.9845
55,726,0.9742
60,726,0.9586
65,726,0.9184
70,726,0.8368
75,726,0.7002
0,728,0.9658
5,728,0.9647
10,728,0.9634
15,728,0.9652
20,728,0.9727
25,728,0.9811
30,728,0.9828
35,728,0.9831
40,728,0.9886
45,728,0.9897
50,728,0.9839
55,728,0.9749
60,728,0.9595
65,728,0.9177
70,728,0.8366
75,728,0.7017
0,730,0.9642
5,730,0.9631
10,730,0.9629
15,730,0.9662
20,730,0.9746
25,730,0.9814
30,730,0.9818
35,730,0.9834
40,730,0.9891
45,730,0.9893
50,730,0.9835
55,730,0.9757
60,730,0.9602
65,730,0.9168
70,730,0.8369
75,730,0.7033
0,732,0.9628
5,732,0.9622
10,732,0.963
15,732,0.9676
20,732,0.9764
25,732,0.9811
30,732,0.981
35,732,0.984
40,732,0.9894
45,732,0.9888
50,732,0.9834
55,732,0.9768
60,732,0.9607
65,732,0.9158
70,732,0.8376
75,732,0.705
0,734,0.962
5,734,0.9619
10,734,0.9639
15,734,0.9696
20,734,0.9777
25,734,0.9806
30,734,0.9806
35,734,0.9848
40,734,0.9893
45,734,0.9883
50,734,0.9835
55,734,0.9779
60,734,0.9608
65,734,0.9149
70,734,0.8386
75,734,0.7065
0,736,0.9623
5,736,0.9624
10,736,0.9652
15,736,0.9716
20,736,0.9785
25,736,0.9799
30,736,0.9803
35,736,0.9855
40,736,0.9891
45,736,0.9879
50,736,0.9838
55,736,0.979
60,736,0.9607
65,736,0.9143
70,736,0.84
75,736,0.7079
0,738,0.9633
5,738,0.9636
10,738,0.9671
15,738,0.9734
20,738,0.9789
25,738,0.9788
30,738,0.9803
35,738,0.986
40,738,0.9887
45,738,0.9875
50,738,0.9841
55,738,0.9799
60,738,0.9602
65,738,0.9142
70,738,0.8415
75,738,0.7089
0,740,0.9645
5,740,0.9652
10,740,0.9692
15,740,0.975
20,740,0.9788
25,740,0.9777
30,740,0.9807
35,740,0.9865
40,740,0.9882
45,740,0.9872
50,740,0.9847
55,740,0.9805
60,740,0.9596
65,740,0.9142
70,740,0.8431
75,740,0.7094
0,742,0.9663
5,742,0.967
10,742,0.9712
15,742,0.9759
20,742,0.9783
25,742,0.977
30,742,0.9814
35,742,0.9868
40,742,0.9877
45,742,0.987
50,742,0.9855
55,742,0.9811
60,742,0.9589
65,742,0.9145
70,742,0.8448
75,742,0.7095
0,744,0.9682
5,744,0.9692
10,744,0.973
15,744,0.9764
20,744,0.9773
25,744,0.9765
30,744,0.9821
35,744,0.9868
40,744,0.9869
45,744,0.9869
50,744,0.9863
55,744,0.9815
60,744,0.9582
65,744,0.9154
70,744,0.8463
75,744,0.7092
0,746,0.9702
5,746,0.9713
10,746,0.9741
15,746,0.9765
20,746,0.9762
25,746,0.9763
30,746,0.9828
35,746,0.9867
40,746,0.9863
45,746,0.9873
50,746,0.987
55,746,0.9816
60,746,0.9576
65,746,0.9165
70,746,0.8474
75,746,0.7085
0,748,0.972
5,748,0.9729
10,748,0.9751
15,748,0.976
20,748,0.9751
25,748,0.9763
30,748,0.9835
35,748,0.9863
40,748,0.9858
45,748,0.9877
50,748,0.9877
55,748,0.9814
60,748,0.9572
65,748,0.9176
70,748,0.8483
75,748,0.7074
0,750,0.9733
5,750,0.9739
10,750,0.9755
15,750,0.9753
20,750,0.9738
25,750,0.9767
30,750,0.9842
35,750,0.9857
40,750,0.9855
45,750,0.9882
50,750,0.9884
55,750,0.981
60,750,0.957
65,750,0.9188
70,750,0.8487
75,750,0.706
0,752,0.9743
5,752,0.9746
10,752,0.975
15,752,0.974
20,752,0.9732
25,752,0.9771
30,752,0.9848
35,752,0.9848
40,752,0.9853
45,752,0.9889
50,752,0.9888
55,752,0.9806
60,752,0.957
65,752,0.9202
70,752,0.8487
75,752,0.7044
0,754,0.9747
5,754,0.9747
10,754,0.9745
15,754,0.973
20,754,0.9727
25,754,0.9781
30,754,0.9851
35,754,0.9842
40,754,0.9853
45,754,0.9895
50,754,0.9891
55,754,0.9802
60,754,0.9573
65,754,0.9215
70,754,0.8481
75,754,0.7026
0,756,0.9745
5,756,0.9743
10,756,0.9734
15,756,0.9718
20,756,0.9726
25,756,0.9792
30,756,0.985
35,756,0.9833
40,756,0.9855
45,756,0.9901
50,756,0.9892
55,756,0.9797
60,756,0.9578
65,756,0.9227
70,756,0.847
75,756,0.7007
0,758,0.9738
5,758,0.9732
10,758,0.9722
15,758,0.9708
20,758,0.973
25,758,0.98
30,758,0.9846
35,758,0.9827
40,758,0.9858
45,758,0.9906
50,758,0.9894
55,758,0.9795
60,758,0.9585
65,758,0.9235
70,758,0.8459
75,758,0.699
0,760,0.9728
5,760,0.9718
10,760,0.9709
15,760,0.97
20,760,0.9736
25,760,0.9807
30,760,0.984
35,760,0.982
40,760,0.9863
45,760,0.9912
50,760,0.9893
55,760,0.9793
60,760,0.9593
65,760,0.924
70,760,0.8443
75,760,0.6976
0,762,0.9716
5,762,0.9706
10,762,0.9696
15,762,0.9698
20,762,0.9745
25,762,0.9814
30,762,0.9832
35,762,0.9817
40,762,0.9871
45,762,0.9917
50,762,0.9893
55,762,0.9791
60,762,0.9602
65,762,0.9243
70,762,0.8428
75,762,0.6965
0,764,0.9703
5,764,0.9693
10,764,0.9687
15,764,0.9697
20,764,0.9754
25,764,0.9815
30,764,0.9822
35,764,0.9817
40,764,0.988
45,764,0.992
50,764,0.9891
55,764,0.979
60,764,0.9612
65,764,0.9241
70,764,0.841
75,764,0.6956
0,766,0.969
5,766,0.9682
10,766,0.9682
15,766,0.9702
20,766,0.9763
25,766,0.9815
30,766,0.9811
35,766,0.9817
40,766,0.9888
45,766,0.9923
50,766,0.9889
55,766,0.9791
60,766,0.9621
65,766,0.9236
70,766,0.8395
75,766,0.6951
0,768,0.968
5,768,0.9675
10,768,0.968
15,768,0.9712
20,768,0.9773
25,768,0.9812
30,768,0.9801
35,768,0.982
40,768,0.9895
45,768,0.9924
50,768,0.9886
55,768,0.9796
60,768,0.963
65,768,0.9228
70,768,0.8382
75,768,0.6949
0,770,0.9674
5,770,0.9672
10,770,0.9684
15,770,0.9723
20,770,0.9784
25,770,0.9805
30,770,0.9795
35,770,0.9824
40,770,0.9901
45,770,0.9921
50,770,0.9884
55,770,0.98
60,770,0.9638
65,770,0.9217
70,770,0.8367
75,770,0.6952
0,772,0.9671
5,772,0.9673
10,772,0.9689
15,772,0.9734
20,772,0.9788
25,772,0.9794
30,772,0.9788
35,772,0.9832
40,772,0.9905
45,772,0.9921
50,772,0.9881
55,772,0.9806
60,772,0.9642
65,772,0.9207
70,772,0.8358
75,772,0.6959
0,774,0.9673
5,774,0.9677
10,774,0.9699
15,774,0.9745
20,774,0.9791
25,774,0.9782
30,774,0.9784
35,774,0.9841
40,774,0.9909
45,774,0.992
50,774,0.9881
55,774,0.9813
60,774,0.9644
65,774,0.9195
70,774,0.8352
75,774,0.6969
0,776,0.9679
5,776,0.9683
10,776,0.9711
15,776,0.9755
20,776,0.9787
25,776,0.9771
30,776,0.9783
35,776,0.9848
40,776,0.9911
45,776,0.9917
50,776,0.9882
55,776,0.9817
60,776,0.9645
65,776,0.9183
70,776,0.8349
75,776,0.6978
0,778,0.9688
5,778,0.9694
10,778,0.9724
15,778,0.9761
20,778,0.978
25,778,0.9758
30,778,0.9784
35,778,0.9858
40,778,0.9912
45,778,0.9914
50,778,0.9882
55,778,0.9822
60,778,0.9641
65,778,0.9169
70,778,0.835
75,778,0.6989
0,780,0.9698
5,780,0.9707
10,780,0.9735
15,780,0.9762
20,780,0.977
25,780,0.9751
30,780,0.9788
35,780,0.9866
40,780,0.9912
45,780,0.9914
50,780,0.9883
55,780,0.983
60,780,0.9638
65,780,0.9158
70,780,0.8355
75,780,0.7001
0,782,0.9711
5,782,0.9719
10,782,0.9744
15,782,0.9762
20,782,0.9756
25,782,0.9743
30,782,0.9795
35,782,0.9872
40,782,0.9909
45,782,0.9912
50,782,0.9886
55,782,0.9833
60,782,0.9633
65,782,0.915
70,782,0.8362
75,782,0.7015
0,784,0.9723
5,784,0.973
10,784,0.975
15,784,0.9758
20,784,0.9747
25,784,0.9738
30,784,0.9803
35,784,0.9878
40,784,0.9908
45,784,0.9913
50,784,0.989
55,784,0.9838
60,784,0.9624
65,784,0.9142
70,784,0.8371
75,784,0.7027
0,786,0.973
5,786,0.9737
10,786,0.975
15,786,0.9749
20,786,0.9732
25,786,0.9736
30,786,0.9815
35,786,0.9881
40,786,0.9904
45,786,0.9912
50,786,0.9892
55,786,0.9841
60,786,0.9616
65,786,0.9138
70,786,0.8384
75,786,0.7039
0,788,0.9739
5,788,0.9741
10,788,0.9749
15,788,0.9737
20,788,0.9719
25,788,0.9738
30,788,0.9827
35,788,0.9886
40,788,0.9902
45,788,0.9912
50,788,0.9898
55,788,0.9842
60,788,0.9605
65,788,0.9137
70,788,0.8396
75,788,0.7049
0,790,0.9743
5,790,0.9743
10,790,0.9742
15,790,0.9725
20,790,0.9709
25,790,0.9741
30,790,0.9837
35,790,0.9886
40,790,0.9898
45,790,0.9916
50,790,0.9902
55,790,0.9843
60,790,0.9597
65,790,0.9139
70,790,0.8411
75,790,0.7056
0,792,0.9741
5,792,0.9739
10,792,0.9734
15,792,0.9712
20,792,0.9702
25,792,0.9748
30,792,0.9846
35,792,0.9885
40,792,0.9896
45,792,0.9919
50,792,0.9905
55,792,0.9839
60,792,0.9589
65,792,0.9142
70,792,0.8425
75,792,0.7064
0,794,0.9734
5,794,0.9731
10,794,0.9723
15,794,0.9697
20,794,0.9697
25,794,0.9756
30,794,0.9854
35,794,0.9881
40,794,0.9894
45,794,0.9921
50,794,0.9907
55,794,0.9837
60,794,0.9583
65,794,0.9148
70,794,0.8438
75,794,0.7067
0,796,0.9728
5,796,0.9722
10,796,0.9709
15,796,0.9685
20,796,0.9697
25,796,0.9768
30,796,0.9862
35,796,0.9876
40,796,0.9893
45,796,0.9924
50,796,0.9909
55,796,0.9833
60,796,0.9581
65,796,0.9156
70,796,0.8447
75,796,0.7071
0,798,0.9717
5,798,0.9708
10,798,0.9694
15,798,0.9676
20,798,0.97
25,798,0.9781
30,798,0.9866
35,798,0.9872
40,798,0.9895
45,798,0.9926
50,798,0.9909
55,798,0.9826
60,798,0.9578
65,798,0.9165
70,798,0.8453
75,798,0.7071
0,800,0.9703
5,800,0.9692
10,800,0.9679
15,800,0.9669
20,800,0.9706
25,800,0.9794
30,800,0.9866
35,800,0.9868
40,800,0.9898
45,800,0.993
50,800,0.991
55,800,0.9823
60,800,0.9575
65,800,0.9177
70,800,0.8464
75,800,0.7069
0,802,0.9689
5,802,0.9677
10,802,0.9666
15,802,0.9664
20,802,0.9715
25,802,0.9803
30,802,0.9868
35,802,0.9863
40,802,0.99
45,802,0.9932
50,802,0.9913
55,802,0.9819
60,802,0.9576
65,802,0.919
70,802,0.8469
75,802,0.7066
0,804,0.9674
5,804,0.9663
10,804,0.9656
15,804,0.9664
20,804,0.9728
25,804,0.9812
30,804,0.9862
35,804,0.9859
40,804,0.9901
45,804,0.9935
50,804,0.9912
55,804,0.9815
60,804,0.9578
65,804,0.9201
70,804,0.8475
75,804,0.7064
0,806,0.9662
5,806,0.9652
10,806,0.9652
15,806,0.9669
20,806,0.974
25,806,0.9821
30,806,0.9861
35,806,0.9858
40,806,0.9903
45,806,0.9937
50,806,0.991
55,806,0.981
60,806,0.9583
65,806,0.9209
70,806,0.8475
75,806,0.7061
0,808,0.9649
5,808,0.9643
10,808,0.9647
15,808,0.9676
20,808,0.9754
25,808,0.9829
30,808,0.9854
35,808,0.9858
40,808,0.9909
45,808,0.9936
50,808,0.9908
55,808,0.9806
60,808,0.9589
65,808,0.9219
70,808,0.8475
75,808,0.7061
0,810,0.9636
5,810,0.9631
10,810,0.9644
15,810,0.9681
20,810,0.9765
25,810,0.9832
30,810,0.9848
35,810,0.9855
40,810,0.9914
45,810,0.9937
50,810,0.9907
55,810,0.9804
60,810,0.9589
65,810,0.9224
70,810,0.847
75,810,0.7055
0,812,0.9629
5,812,0.963
10,812,0.9647
15,812,0.9692
20,812,0.9776
25,812,0.9829
30,812,0.9844
35,812,0.9859
40,812,0.9914
45,812,0.9934
50,812,0.9905
55,812,0.9803
60,812,0.9597
65,812,0.9231
70,812,0.8476
75,812,0.707
0,814,0.9629
5,814,0.9633
10,814,0.9657
15,814,0.9706
20,814,0.9786
25,814,0.9826
30,814,0.9841
35,814,0.9861
40,814,0.9917
45,814,0.9934
50,814,0.9902
55,814,0.9805
60,814,0.9606
65,814,0.9239
70,814,0.8475
75,814,0.7074
0,816,0.9634
5,816,0.9638
10,816,0.9666
15,816,0.9721
20,816,0.9794
25,816,0.9824
30,816,0.9835
35,816,0.9866
40,816,0.9922
45,816,0.9932
50,816,0.9899
55,816,0.9807
60,816,0.9615
65,816,0.9247
70,816,0.8472
75,816,0.7078
0,818,0.964
5,818,0.9648
10,818,0.9679
15,818,0.9733
20,818,0.98
25,818,0.9818
30,818,0.9831
35,818,0.987
40,818,0.9923
45,818,0.993
50,818,0.9898
55,818,0.9813
60,818,0.9622
65,818,0.9246
70,818,0.847
75,818,0.7084
0,820,0.9651
5,820,0.9658
10,820,0.9695
15,820,0.9749
20,820,0.9803
25,820,0.9811
30,820,0.983
35,820,0.9874
40,820,0.9922
45,820,0.993
50,820,0.9899
55,820,0.9813
60,820,0.9632
65,820,0.9246
70,820,0.8469
75,820,0.709
0,822,0.9664
5,822,0.9673
10,822,0.971
15,822,0.9757
20,822,0.9799
25,822,0.9804
30,822,0.9831
35,822,0.9882
40,822,0.9922
45,822,0.9928
50,822,0.9898
55,822,0.9818
60,822,0.964
65,822,0.9246
70,822,0.847
75,822,0.7096
0,824,0.9678
5,824,0.9689
10,824,0.9725
15,824,0.9766
20,824,0.9799
25,824,0.9799
30,824,0.983
35,824,0.9883
40,824,0.9921
45,824,0.9929
50,824,0.99
55,824,0.9823
60,824,0.9645
65,824,0.9245
70,824,0.8472
75,824,0.7107
0,826,0.9695
5,826,0.9704
10,826,0.9739
15,826,0.9768
20,826,0.9794
25,826,0.9793
30,826,0.9833
35,826,0.9887
40,826,0.992
45,826,0.9927
50,826,0.9901
55,826,0.9827
60,826,0.9649
65,826,0.9241
70,826,0.8476
75,826,0.7116
0,828,0.9708
5,828,0.972
10,828,0.9747
15,828,0.9772
20,828,0.979
25,828,0.9789
30,828,0.9835
35,828,0.9891
40,828,0.992
45,828,0.9927
50,828,0.99
55,828,0.9837
60,828,0.9654
65,828,0.924
70,828,0.8479
75,828,0.7126
0,830,0.9722
5,830,0.9729
10,830,0.9757
15,830,0.9773
20,830,0.9783
25,830,0.9785
30,830,0.9843
35,830,0.9892
40,830,0.9915
45,830,0.9929
50,830,0.9905
55,830,0.9844
60,830,0.9659
65,830,0.9242
70,830,0.8487
75,830,0.7138
0,832,0.9734
5,832,0.9741
10,832,0.9761
15,832,0.9769
20,832,0.9773
25,832,0.9785
30,832,0.985
35,832,0.9893
40,832,0.9909
45,832,0.993
50,832,0.9909
55,832,0.985
60,832,0.9661
65,832,0.924
70,832,0.8494
75,832,0.7148
0,834,0.9743
5,834,0.9747
10,834,0.9763
15,834,0.9765
20,834,0.9764
25,834,0.9784
30,834,0.9854
35,834,0.9894
40,834,0.9906
45,834,0.9931
50,834,0.9917
55,834,0.9856
60,834,0.9664
65,834,0.9243
70,834,0.8505
75,834,0.7159
0,836,0.9751
5,836,0.9754
10,836,0.9757
15,836,0.9755
20,836,0.9761
25,836,0.979
30,836,0.986
35,836,0.9893
40,836,0.9907
45,836,0.9934
50,836,0.992
55,836,0.9862
60,836,0.9665
65,836,0.9246
70,836,0.8518
75,836,0.7167
0,838,0.9753
5,838,0.9755
10,838,0.9754
15,838,0.9748
20,838,0.9753
25,838,0.9792
30,838,0.9868
35,838,0.9888
40,838,0.9908
45,838,0.9938
50,838,0.9926
55,838,0.9868
60,838,0.9663
65,838,0.9245
70,838,0.8529
75,838,0.718
0,840,0.975
5,840,0.9752
10,840,0.9747
15,840,0.9741
20,840,0.9753
25,840,0.9798
30,840,0.987
35,840,0.9882
40,840,0.991
45,840,0.9942
50,840,0.9927
55,840,0.9872
60,840,0.9665
65,840,0.9252
70,840,0.8543
75,840,0.7187
0,842,0.9747
5,842,0.9746
10,842,0.9741
15,842,0.9731
20,842,0.9751
25,842,0.9805
30,842,0.9874
35,842,0.988
40,842,0.9912
45,842,0.9947
50,842,0.9931
55,842,0.9876
60,842,0.9666
65,842,0.926
70,842,0.8556
75,842,0.7192
0,844,0.9744
5,844,0.9738
10,844,0.9727
15,844,0.9721
20,844,0.9751
25,844,0.9815
30,844,0.9876
35,844,0.9876
40,844,0.9911
45,844,0.9953
50,844,0.9936
55,844,0.9882
60,844,0.9668
65,844,0.9263
70,844,0.8567
75,844,0.7196
0,846,0.9735
5,846,0.9728
10,846,0.9721
15,846,0.9716
20,846,0.9757
25,846,0.9815
30,846,0.9874
35,846,0.9874
40,846,0.9918
45,846,0.9954
50,846,0.9943
55,846,0.9885
60,846,0.9665
65,846,0.9269
70,846,0.8578
75,846,0.7196
0,848,0.972
5,848,0.9723
10,848,0.9706
15,848,0.9713
20,848,0.9758
25,848,0.9823
30,848,0.9873
35,848,0.9869
40,848,0.992
45,848,0.9958
50,848,0.9946
55,848,0.9884
60,848,0.9666
65,848,0.9277
70,848,0.8595
75,848,0.7198
0,850,0.9717
5,850,0.9708
10,850,0.9707
15,850,0.9713
20,850,0.9766
25,850,0.983
30,850,0.9875
35,850,0.987
40,850,0.9921
45,850,0.9964
50,850,0.9951
55,850,0.9885
60,850,0.9662
65,850,0.9291
70,850,0.8596
75,850,0.7195
0,852,0.9706
5,852,0.9701
10,852,0.9699
15,852,0.9711
20,852,0.9769
25,852,0.983
30,852,0.9868
35,852,0.9865
40,852,0.9925
45,852,0.997
50,852,0.9951
55,852,0.9888
60,852,0.9668
65,852,0.9305
70,852,0.8606
75,852,0.7195
0,854,0.9694
5,854,0.9694
10,854,0.9701
15,854,0.9714
20,854,0.9779
25,854,0.9836
30,854,0.9865
35,854,0.987
40,854,0.993
45,854,0.9971
50,854,0.9953
55,854,0.9892
60,854,0.9669
65,854,0.9314
70,854,0.8616
75,854,0.7194
0,856,0.969
5,856,0.9686
10,856,0.9685
15,856,0.9721
20,856,0.9778
25,856,0.9839
30,856,0.9863
35,856,0.9872
40,856,0.9934
45,856,0.997
50,856,0.9952
55,856,0.9881
60,856,0.9682
65,856,0.9318
70,856,0.862
75,856,0.7189
0,858,0.968
5,858,0.9677
10,858,0.9701
15,858,0.973
20,858,0.9792
25,858,0.983
30,858,0.9857
35,858,0.9871
40,858,0.9946
45,858,0.9973
50,858,0.9949
55,858,0.9887
60,858,0.968
65,858,0.9332
70,858,0.8629
75,858,0.719
0,860,0.9677
5,860,0.9679
10,860,0.9694
15,860,0.9734
20,860,0.9797
25,860,0.983
30,860,0.9849
35,860,0.9875
40,860,0.9949
45,860,0.9975
50,860,0.9956
55,860,0.989
60,860,0.9677
65,860,0.9332
70,860,0.8622
75,860,0.718
0,862,0.9677
5,862,0.9683
10,862,0.9717
15,862,0.974
20,862,0.9798
25,862,0.9831
30,862,0.9843
35,862,0.9869
40,862,0.9941
45,862,0.9979
50,862,0.9952
55,862,0.9887
60,862,0.9687
65,862,0.9341
70,862,0.8626
75,862,0.7169
0,864,0.9665
5,864,0.9683
10,864,0.9708
15,864,0.9743
20,864,0.98
25,864,0.9832
30,864,0.9834
35,864,0.989
40,864,0.9946
45,864,0.9977
50,864,0.9953
55,864,0.9886
60,864,0.9687
65,864,0.9355
70,864,0.8625
75,864,0.7162
0,866,0.968
5,866,0.9698
10,866,0.9711
15,866,0.9756
20,866,0.9797
25,866,0.9809
30,866,0.9839
35,866,0.9885
40,866,0.9964
45,866,0.9988
50,866,0.9966
55,866,0.9894
60,866,0.9709
65,866,0.936
70,866,0.8618
75,866,0.7168
0,868,0.9694
5,868,0.9697
10,868,0.9709
15,868,0.9756
20,868,0.9796
25,868,0.9811
30,868,0.9837
35,868,0.9882
40,868,0.9965
45,868,0.9977
50,868,0.9973
55,868,0.9889
60,868,0.9698
65,868,0.936
70,868,0.8617
75,868,0.7167
0,870,0.9692
5,870,0.97
10,870,0.9732
15,870,0.9768
20,870,0.9799
25,870,0.979
30,870,0.983
35,870,0.9897
40,870,0.9964
45,870,0.998
50,870,0.9959
55,870,0.9881
60,870,0.9721
65,870,0.9363
70,870,0.8616
75,870,0.7152
0,872,0.9706
5,872,0.971
10,872,0.9715
15,872,0.9757
20,872,0.9783
25,872,0.9786
30,872,0.9849
35,872,0.9902
40,872,0.997
45,872,0.9988
50,872,0.9958
55,872,0.9889
60,872,0.9717
65,872,0.9366
70,872,0.8601
75,872,0.7142
0,874,0.9714
5,874,0.9708
10,874,0.9744
15,874,0.975
20,874,0.9767
25,874,0.9785
30,874,0.9842
35,874,0.9912
40,874,0.9959
45,874,0.9983
50,874,0.9944
55,874,0.9899
60,874,0.9729
65,874,0.936
70,874,0.859
75,874,0.7146
0,876,0.9707
5,876,0.9727
10,876,0.9736
15,876,0.9755
20,876,0.9768
25,876,0.9778
30,876,0.9843
35,876,0.9912
40,876,0.9954
45,876,0.997
50,876,0.9954
55,876,0.9886
60,876,0.9745
65,876,0.936
70,876,0.8591
75,876,0.715
0,878,0.9709
5,878,0.9713
10,878,0.9743
15,878,0.9752
20,878,0.9771
25,878,0.9769
30,878,0.9846
35,878,0.99
40,878,0.9964
45,878,0.9969
50,878,0.9937
55,878,0.9894
60,878,0.9735
65,878,0.9359
70,878,0.857
75,878,0.7129
0,880,0.9732
5,880,0.973
10,880,0.9742
15,880,0.9733
20,880,0.9766
25,880,0.9777
30,880,0.9844
35,880,0.9924
40,880,0.9947
45,880,0.9973
50,880,0.9934
55,880,0.9905
60,880,0.973
65,880,0.9346
70,880,0.8577
75,880,0.7132
0,882,0.9731
5,882,0.9723
10,882,0.973
15,882,0.9736
20,882,0.9755
25,882,0.9777
30,882,0.9869
35,882,0.9931
40,882,0.9952
45,882,0.9988
50,882,0.9929
55,882,0.9897
60,882,0.9754
65,882,0.9355
70,882,0.8547
75,882,0.7151
0,884,0.9723
5,884,0.974
10,884,0.9724
15,884,0.9746
20,884,0.9751
25,884,0.9773
30,884,0.9851
35,884,0.9922
40,884,0.9927
45,884,0.9966
50,884,0.998
55,884,0.9911
60,884,0.975
65,884,0.9345
70,884,0.8569
75,884,0.7156
0,886,0.9708
5,886,0.9733
10,886,0.9777
15,886,0.9727
20,886,0.9733
25,886,0.9798
30,886,0.9862
35,886,0.9932
40,886,0.9949
45,886,0.9975
50,886,0.9959
55,886,0.9889
60,886,0.9735
65,886,0.935
70,886,0.8558
75,886,0.7128
0,888,0.9733
5,888,0.9702
10,888,0.9755
15,888,0.9733
20,888,0.9748
25,888,0.9829
30,888,0.9868
35,888,0.992
40,888,0.996
45,888,0.9957
50,888,0.9935
55,888,0.9884
60,888,0.973
65,888,0.9346
70,888,0.8523
75,888,0.7138
0,890,0.973
5,890,0.9702
10,890,0.9707
15,890,0.9745
20,890,0.9735
25,890,0.9819
30,890,0.9896
35,890,0.9917
40,890,0.9911
45,890,0.9958
50,890,0.9957
55,890,0.9906
60,890,0.9706
65,890,0.9346
70,890,0.8537
75,890,0.7133
0,892,0.9724
5,892,0.9704
10,892,0.9726
15,892,0.9709
20,892,0.9741
25,892,0.9825
30,892,0.9873
35,892,0.9965
40,892,0.9923
45,892,0.9974
50,892,0.996
55,892,0.9916
60,892,0.972
65,892,0.9299
70,892,0.8532
75,892,0.7193
0,894,0.9699
5,894,0.9691
10,894,0.9717
15,894,0.9693
20,894,0.975
25,894,0.981
30,894,0.9889
35,894,0.9918
40,894,0.9925
45,894,0.9991
50,894,0.9965
55,894,0.9907
60,894,0.9714
65,894,0.9306
70,894,0.8562
75,894,0.7149
0,896,0.9711
5,896,0.9736
10,896,0.9707
15,896,0.9682
20,896,0.9727
25,896,0.9805
30,896,0.9892
35,896,0.9933
40,896,0.9919
45,896,0.9974
50,896,0.9949
55,896,0.9904
60,896,0.9734
65,896,0.9304
70,896,0.8541
75,896,0.716
0,898,0.971
5,898,0.9694
10,898,0.9688
15,898,0.9691
20,898,0.9701
25,898,0.9806
30,898,0.9879
35,898,0.9905
40,898,0.9937
45,898,0.999
50,898,0.9963
55,898,0.9922
60,898,0.9697
65,898,0.9289
70,898,0.8532
75,898,0.7203
0,900,0.9742
5,900,0.9693
10,900,0.9683
15,900,0.97
20,900,0.9726
25,900,0.9816
30,900,0.9913
35,900,0.9885
40,900,0.9933
45,900,0.9968
50,900,0.9969
55,900,0.9882
60,900,0.9749
65,900,0.929
70,900,0.8538
75,900,0.7195
