0,250,0.0254
10,250,0.0166
20,250,0.0143
30,250,0.1707
40,250,0.1066
45,250,0.0768
50,250,0.0179
60,250,0.0912
70,250,0.1249
0,252,0.0139
10,252,0.0103
20,252,0.0663
30,252,0.1586
40,252,0.0961
45,252,0.035
50,252,0.0088
60,252,0.1455
70,252,0.1607
0,254,0.0118
10,254,0.0234
20,254,0.1931
30,254,0.1584
40,254,0.0643
45,254,0.0109
50,254,0.0158
60,254,0.1436
70,254,0.1541
0,256,0.0433
10,256,0.1183
20,256,0.2035
30,256,0.1275
40,256,0.0216
45,256,0.0069
50,256,0.0666
60,256,0.1575
70,256,0.1885
0,258,0.1805
10,258,0.2433
20,258,0.1692
30,258,0.1085
40,258,0.0066
45,258,0.0156
50,258,0.1637
60,258,0.1953
70,258,0.2496
0,260,0.2524
10,260,0.1981
20,260,0.1657
30,260,0.0776
40,260,0.0056
45,260,0.0729
50,260,0.1897
60,260,0.167
70,260,0.2883
0,262,0.1836
10,262,0.1779
20,262,0.1117
30,262,0.024
40,262,0.0152
45,262,0.1829
50,262,0.156
60,262,0.1759
70,262,0.3313
0,264,0.1863
10,264,0.1556
20,264,0.109
30,264,0.0054
40,264,0.0799
45,264,0.2066
50,264,0.1808
60,264,0.2737
70,264,0.3707
0,266,0.1335
10,266,0.1023
20,266,0.0517
30,266,0.0031
40,266,0.2055
45,266,0.1563
50,266,0.1946
60,266,0.3251
70,266,0.3285
0,268,0.1053
10,268,0.1025
20,268,0.0114
30,268,0.0044
40,268,0.2157
45,268,0.1745
50,268,0.1387
60,268,0.3553
70,268,0.2408
0,270,0.0863
10,270,0.0369
20,270,0.0028
30,270,0.017
40,270,0.1492
45,270,0.1939
50,270,0.1717
60,270,0.4423
70,270,0.1981
0,272,0.0243
10,272,0.0068
20,272,0.0021
30,272,0.1186
40,272,0.1716
45,272,0.1302
50,272,0.3023
60,272,0.4565
70,272,0.2121
0,274,0.0042
10,274,0.0021
20,274,0.0031
30,274,0.2821
40,274,0.1885
45,274,0.1436
50,274,0.3477
60,274,0.3212
70,274,0.2896
0,276,0.0018
10,276,0.0017
20,276,0.0112
30,276,0.228
40,276,0.1177
45,276,0.2851
50,276,0.3694
60,276,0.1859
70,276,0.3953
0,278,0.0017
10,278,0.0026
20,278,0.098
30,278,0.1352
40,278,0.1186
45,278,0.3581
50,278,0.4783
60,278,0.1545
70,278,0.4354
0,280,0.0029
10,280,0.0079
20,280,0.311
30,280,0.1669
40,280,0.265
45,280,0.3595
50,280,0.5092
60,280,0.2285
70,280,0.4581
0,282,0.0103
10,282,0.0687
20,282,0.2519
30,282,0.1739
40,282,0.3665
45,282,0.4583
50,282,0.3552
60,282,0.3654
70,282,0.5003
0,284,0.0998
10,284,0.321
20,284,0.128
30,284,0.0921
40,284,0.3566
45,284,0.5338
50,284,0.1748
60,284,0.4377
70,284,0.5075
0,286,0.353
10,286,0.2742
20,286,0.139
30,286,0.0801
40,286,0.4391
45,286,0.4169
50,286,0.1128
60,286,0.4557
70,286,0.4667
0,288,0.2499
10,288,0.1285
20,288,0.1755
30,288,0.2319
40,288,0.5421
45,288,0.209
50,288,0.1651
60,288,0.525
70,288,0.38
0,290,0.1174
10,290,0.1174
20,290,0.0921
30,290,0.4035
40,290,0.4673
45,290,0.106
50,290,0.319
60,290,0.6092
70,290,0.3127
0,292,0.1279
10,292,0.1791
20,292,0.054
30,292,0.3684
40,292,0.2504
45,292,0.1155
50,292,0.4387
60,292,0.599
70,292,0.3246
0,294,0.1776
10,294,0.0983
20,294,0.1259
30,294,0.41
40,294,0.1113
45,294,0.2424
50,294,0.4462
60,294,0.4755
70,294,0.4352
0,296,0.087
10,296,0.0472
20,296,0.3887
30,296,0.5247
40,296,0.0902
45,296,0.414
50,296,0.4829
60,296,0.3492
70,296,0.5914
0,298,0.0448
10,298,0.0711
20,298,0.4129
30,298,0.5273
40,298,0.1751
45,298,0.46
50,298,0.5959
60,298,0.3015
70,298,0.6532
0,300,0.0756
10,300,0.3043
20,300,0.3664
30,300,0.327
40,300,0.3633
45,300,0.4523
50,300,0.6754
60,300,0.3483
70,300,0.6389
0,302,0.3339
10,302,0.4669
20,302,0.4617
30,302,0.134
40,302,0.4719
45,302,0.5316
50,302,0.6052
60,302,0.4847
70,302,0.6389
0,304,0.4713
10,304,0.3566
20,304,0.5427
30,304,0.0717
40,304,0.4513
45,304,0.6564
50,304,0.4255
60,304,0.6583
70,304,0.6699
0,306,0.3612
10,306,0.4168
20,306,0.4651
30,306,0.09
40,306,0.4842
45,306,0.6862
50,306,0.2939
60,306,0.7641
70,306,0.7012
0,308,0.4287
10,308,0.5053
20,308,0.2167
30,308,0.2234
40,308,0.6035
45,308,0.542
50,308,0.2697
60,308,0.7812
70,308,0.7018
0,310,0.508
10,310,0.5339
20,310,0.0859
30,310,0.4446
40,310,0.7076
45,310,0.3518
50,310,0.3424
60,310,0.781
70,310,0.6808
0,312,0.5343
10,312,0.3147
20,312,0.0596
30,312,0.4978
40,312,0.6513
45,312,0.2574
50,312,0.4994
60,312,0.7982
70,312,0.6739
0,314,0.3067
10,314,0.1166
20,314,0.0927
30,314,0.4469
40,314,0.4503
45,314,0.267
50,314,0.683
60,314,0.8195
70,314,0.6917
0,316,0.1129
10,316,0.0589
20,316,0.2644
30,316,0.4965
40,316,0.2876
45,316,0.3701
50,316,0.8017
60,316,0.825
70,316,0.7199
0,318,0.0589
10,318,0.0619
20,318,0.5213
30,318,0.6202
40,318,0.2397
45,318,0.5473
50,318,0.837
60,318,0.818
70,318,0.7389
0,320,0.0613
10,320,0.1238
20,320,0.5131
30,320,0.7166
40,320,0.2708
45,320,0.6984
50,320,0.8353
60,320,0.8067
70,320,0.7281
0,322,0.1236
10,322,0.3699
20,322,0.4408
30,322,0.6691
40,322,0.3893
45,322,0.8089
50,322,0.8432
60,322,0.8165
70,322,0.724
0,324,0.377
10,324,0.5738
20,324,0.488
30,324,0.4514
40,324,0.5707
45,324,0.8453
50,324,0.8536
60,324,0.8293
70,324,0.7208
0,326,0.5896
10,326,0.4686
20,326,0.604
30,326,0.2738
40,326,0.7409
45,326,0.8535
50,326,0.8573
60,326,0.837
70,326,0.717
0,328,0.4777
10,328,0.4441
20,328,0.7324
30,328,0.2153
40,328,0.8324
45,328,0.8615
50,328,0.8566
60,328,0.8403
70,328,0.7165
0,330,0.4503
10,330,0.5199
20,330,0.694
30,330,0.2411
40,330,0.8598
45,330,0.8672
50,330,0.8599
60,330,0.8408
70,330,0.7234
0,332,0.5222
10,332,0.6431
20,332,0.4531
30,332,0.3423
40,332,0.868
45,332,0.8676
50,332,0.8676
60,332,0.8411
70,332,0.7321
0,334,0.6392
10,334,0.7637
20,334,0.269
30,334,0.5119
40,334,0.8723
45,334,0.8679
50,334,0.8732
60,334,0.8411
70,334,0.7352
0,336,0.7681
10,336,0.6403
20,336,0.2065
30,336,0.6956
40,336,0.8732
45,336,0.8726
50,336,0.8745
60,336,0.8416
70,336,0.7319
0,338,0.6636
10,338,0.3761
20,338,0.2215
30,338,0.8167
40,338,0.8731
45,338,0.8776
50,338,0.8746
60,338,0.843
70,338,0.7221
0,340,0.3976
10,340,0.2351
20,340,0.3031
30,340,0.8642
40,340,0.8758
45,340,0.8781
50,340,0.8737
60,340,0.8465
70,340,0.7092
0,342,0.2461
10,342,0.1981
20,342,0.4568
30,342,0.8754
40,342,0.8799
45,342,0.8774
50,342,0.8724
60,342,0.8496
70,342,0.709
0,344,0.2026
10,344,0.2253
20,344,0.6473
30,344,0.8745
40,344,0.879
45,344,0.8787
50,344,0.8722
60,344,0.8501
70,344,0.7299
0,346,0.2241
10,346,0.3163
20,346,0.7908
30,346,0.8698
40,346,0.8751
45,346,0.8794
50,346,0.8742
60,346,0.8497
70,346,0.7479
0,348,0.3074
10,348,0.4781
20,348,0.8551
30,348,0.8672
40,348,0.8752
45,348,0.8774
50,348,0.8771
60,348,0.8487
70,348,0.7236
0,350,0.4593
10,350,0.6652
20,350,0.8717
30,350,0.8718
40,350,0.88
45,350,0.8759
50,350,0.8784
60,350,0.8445
70,350,0.6478
0,352,0.6457
10,352,0.7971
20,352,0.8704
30,352,0.877
40,352,0.8822
45,352,0.8783
50,352,0.8781
60,352,0.8387
70,352,0.5656
0,354,0.7864
10,354,0.8536
20,354,0.8618
30,354,0.8731
40,354,0.879
45,354,0.8817
50,354,0.8788
60,354,0.8386
70,354,0.5384
0,356,0.8496
10,356,0.8669
20,356,0.857
30,356,0.8591
40,356,0.8769
45,356,0.8823
50,356,0.8796
60,356,0.8452
70,356,0.5482
0,358,0.8663
10,358,0.8619
20,358,0.8632
30,358,0.8528
40,358,0.8797
45,358,0.8807
50,358,0.8803
60,358,0.8435
70,358,0.5166
0,360,0.8623
10,360,0.8505
20,360,0.8737
30,360,0.8614
40,360,0.8832
45,360,0.8808
50,360,0.8808
60,360,0.8126
70,360,0.4082
0,362,0.8503
10,362,0.847
20,362,0.8705
30,362,0.8753
40,362,0.8823
45,362,0.8826
50,362,0.8805
60,362,0.7539
70,362,0.2833
0,364,0.8451
10,364,0.8578
20,364,0.8485
30,364,0.8789
40,364,0.879
45,364,0.8828
50,364,0.8773
60,364,0.6974
70,364,0.2004
0,366,0.8551
10,366,0.8712
20,366,0.8294
30,366,0.8723
40,366,0.8791
45,366,0.883
50,366,0.8735
60,366,0.6643
70,366,0.1618
0,368,0.8709
10,368,0.8641
20,368,0.834
30,368,0.8692
40,368,0.8826
45,368,0.8826
50,368,0.8725
60,368,0.6293
70,368,0.1514
0,370,0.8674
10,370,0.8338
20,370,0.8571
30,370,0.8744
40,370,0.8829
45,370,0.8816
50,370,0.8723
60,370,0.5318
70,370,0.1553
0,372,0.8382
10,372,0.8096
20,372,0.8748
30,372,0.8773
40,372,0.8794
45,372,0.8794
50,372,0.8671
60,372,0.3788
70,372,0.1619
0,374,0.8089
10,374,0.8152
20,374,0.8725
30,374,0.8723
40,374,0.8778
45,374,0.876
50,374,0.8441
60,374,0.2359
70,374,0.1625
0,376,0.8073
10,376,0.8444
20,376,0.8627
30,376,0.8649
40,376,0.8788
45,376,0.8744
50,376,0.8029
60,376,0.1468
70,376,0.1567
0,378,0.8357
10,378,0.8698
20,378,0.862
30,378,0.8665
40,378,0.8787
45,378,0.8742
50,378,0.757
60,378,0.1031
70,378,0.1512
0,380,0.8671
10,380,0.8681
20,380,0.8689
30,380,0.8735
40,380,0.8739
45,380,0.8669
50,380,0.6882
60,380,0.0828
70,380,0.1528
0,382,0.8712
10,382,0.8549
20,382,0.8679
30,382,0.8746
40,382,0.8699
45,382,0.8451
50,382,0.5802
60,382,0.0776
70,382,0.1659
0,384,0.8575
10,384,0.8531
20,384,0.8562
30,384,0.8655
40,384,0.8696
45,384,0.8058
50,384,0.4189
60,384,0.0824
70,384,0.1888
0,386,0.8521
10,386,0.8622
20,386,0.8484
30,386,0.8568
40,386,0.8694
45,386,0.7487
50,386,0.2485
60,386,0.0959
70,386,0.2102
0,388,0.86
10,388,0.8627
20,388,0.8555
30,388,0.8584
40,388,0.8628
45,388,0.6453
50,388,0.1341
60,388,0.1152
70,388,0.2166
0,390,0.8638
10,390,0.8484
20,390,0.8681
30,390,0.866
40,390,0.8393
45,390,0.4898
50,390,0.0777
60,390,0.1347
70,390,0.2076
0,392,0.8509
10,392,0.8358
20,392,0.8665
30,392,0.8665
40,392,0.7943
45,392,0.3083
50,392,0.0523
60,392,0.1466
70,392,0.1937
0,394,0.8351
10,394,0.8422
20,394,0.8481
30,394,0.8578
40,394,0.7067
45,394,0.1625
50,394,0.0414
60,394,0.1461
70,394,0.1851
0,396,0.8369
10,396,0.86
20,396,0.8327
30,396,0.8508
40,396,0.5509
45,396,0.0841
50,396,0.0387
60,396,0.136
70,396,0.1879
0,398,0.8552
10,398,0.8642
20,398,0.837
30,398,0.8534
40,398,0.3584
45,398,0.0499
50,398,0.0429
60,398,0.127
70,398,0.2055
0,400,0.8661
10,400,0.8438
20,400,0.8529
30,400,0.8577
40,400,0.1911
45,400,0.035
50,400,0.0552
60,400,0.1261
70,400,0.2405
0,402,0.851
10,402,0.8185
20,402,0.8582
30,402,0.854
40,402,0.094
45,402,0.0289
50,402,0.0764
60,402,0.134
70,402,0.2961
0,404,0.822
10,404,0.8145
20,404,0.8448
30,404,0.8377
40,404,0.0505
45,404,0.0282
50,404,0.1013
60,404,0.149
70,404,0.3697
0,406,0.8082
10,406,0.8335
20,406,0.8284
30,406,0.7877
40,406,0.0319
45,406,0.0329
50,406,0.1173
60,406,0.165
70,406,0.4372
0,408,0.8223
10,408,0.8515
20,408,0.8279
30,408,0.6598
40,408,0.0239
45,408,0.0453
50,408,0.1155
60,408,0.1749
70,408,0.4479
0,410,0.8461
10,410,0.8445
20,410,0.8389
30,410,0.4508
40,410,0.0211
45,410,0.0669
50,410,0.099
60,410,0.1752
70,410,0.3757
0,412,0.8497
10,412,0.8201
20,412,0.841
30,412,0.2402
40,412,0.022
45,412,0.0915
50,412,0.0821
60,412,0.1709
70,412,0.2613
0,414,0.8268
10,414,0.8065
20,414,0.8309
30,414,0.1088
40,414,0.0275
45,414,0.1057
50,414,0.0758
60,414,0.1737
70,414,0.168
0,416,0.8046
10,416,0.8161
20,416,0.8126
30,416,0.0515
40,416,0.041
45,416,0.1011
50,416,0.0821
60,416,0.1952
70,416,0.1136
0,418,0.8063
10,418,0.8284
20,418,0.7289
30,418,0.0288
40,418,0.064
45,418,0.0822
50,418,0.099
60,418,0.235
70,418,0.0858
0,420,0.8217
10,420,0.8228
20,420,0.5175
30,420,0.0191
40,420,0.0877
45,420,0.0657
50,420,0.1198
60,420,0.2669
70,420,0.0733
0,422,0.824
10,422,0.8106
20,422,0.2672
30,422,0.0147
40,422,0.0975
45,422,0.0606
50,422,0.1334
60,422,0.2603
70,422,0.0708
0,424,0.8101
10,424,0.7924
20,424,0.1134
30,424,0.0131
40,424,0.0875
45,424,0.0672
50,424,0.1311
60,424,0.2093
70,424,0.0779
0,426,0.8019
10,426,0.6631
20,426,0.0507
30,426,0.0137
40,426,0.0665
45,426,0.0844
50,426,0.114
60,426,0.1369
70,426,0.0977
0,428,0.7431
10,428,0.3845
20,428,0.0268
30,428,0.0169
40,428,0.0525
45,428,0.1049
50,428,0.0962
60,428,0.083
70,428,0.1347
0,430,0.5107
10,430,0.1653
20,430,0.0168
30,430,0.0254
40,430,0.0506
45,430,0.1164
50,430,0.0912
60,430,0.0551
70,430,0.1834
0,432,0.2381
10,432,0.0697
20,432,0.0121
30,432,0.044
40,432,0.0589
45,432,0.1111
50,432,0.1032
60,432,0.0421
70,432,0.2161
0,434,0.0965
10,434,0.0336
20,434,0.0101
30,434,0.0708
40,434,0.0769
45,434,0.0912
50,434,0.1291
60,434,0.0369
70,434,0.2038
0,436,0.0435
10,436,0.019
20,436,0.0096
30,436,0.0874
40,436,0.0965
45,436,0.0711
50,436,0.1484
60,436,0.037
70,436,0.1531
0,438,0.0233
10,438,0.0126
20,438,0.0105
30,438,0.0799
40,438,0.1035
45,438,0.0631
50,438,0.1443
60,438,0.0426
70,438,0.1037
0,440,0.0146
10,440,0.0096
20,440,0.0136
30,440,0.0567
40,440,0.0928
45,440,0.0689
50,440,0.1168
60,440,0.0565
70,440,0.0748
0,442,0.0105
10,442,0.0083
20,442,0.0213
30,442,0.0401
40,442,0.0705
45,442,0.0876
50,442,0.0758
60,442,0.084
70,442,0.0606
0,444,0.0086
10,444,0.0082
20,444,0.0398
30,444,0.0355
40,444,0.0517
45,444,0.108
50,444,0.0434
60,444,0.1253
70,444,0.0549
0,446,0.008
10,446,0.0093
20,446,0.07
30,446,0.0409
40,446,0.0449
45,446,0.1128
50,446,0.0275
60,446,0.1625
70,446,0.0558
0,448,0.0084
10,448,0.0122
20,448,0.0863
30,448,0.0555
40,448,0.0495
45,448,0.0989
50,448,0.0207
60,448,0.1746
70,448,0.0643
0,450,0.0101
10,450,0.0194
20,450,0.0703
30,450,0.0762
40,450,0.0653
45,450,0.0696
50,450,0.0181
60,450,0.1551
70,450,0.0822
0,452,0.0143
10,452,0.037
20,452,0.0447
30,452,0.089
40,452,0.0864
45,452,0.0405
50,452,0.0181
60,452,0.1133
70,452,0.1176
0,454,0.025
10,454,0.0695
20,454,0.0317
30,454,0.0816
40,454,0.096
45,454,0.0243
50,454,0.0208
60,454,0.0767
70,454,0.1868
0,456,0.0505
10,456,0.088
20,456,0.0291
30,456,0.0584
40,456,0.087
45,456,0.017
50,456,0.0277
60,456,0.0568
70,456,0.3092
0,458,0.0854
10,458,0.0629
20,458,0.034
30,458,0.038
40,458,0.0627
45,458,0.014
50,458,0.0428
60,458,0.048
70,458,0.4729
0,460,0.0813
10,460,0.0376
20,460,0.0484
30,460,0.0282
40,460,0.0363
45,460,0.0131
50,460,0.0718
60,460,0.0453
70,460,0.6146
0,462,0.0484
10,462,0.0271
20,462,0.0711
30,462,0.0258
40,462,0.0209
45,462,0.0138
50,462,0.1086
60,462,0.0474
70,462,0.6679
0,464,0.0305
10,464,0.0249
20,464,0.0847
30,464,0.0293
40,464,0.0138
45,464,0.0166
50,464,0.1324
60,464,0.0545
70,464,0.6198
0,466,0.0245
10,466,0.029
20,466,0.0704
30,466,0.0405
40,466,0.0106
45,466,0.0232
50,466,0.1344
60,466,0.0692
70,466,0.529
0,468,0.025
10,468,0.042
20,468,0.0429
30,468,0.0574
40,468,0.0093
45,468,0.0379
50,468,0.1132
60,468,0.0966
70,468,0.4663
0,470,0.0321
10,470,0.0655
20,470,0.0254
30,470,0.0673
40,470,0.0092
45,470,0.0651
50,470,0.076
60,470,0.1474
70,470,0.4472
0,472,0.0499
10,472,0.0811
20,472,0.0179
30,472,0.0612
40,472,0.0103
45,472,0.0949
50,472,0.0472
60,472,0.2376
70,472,0.4659
0,474,0.0755
10,474,0.0618
20,474,0.0153
30,474,0.0416
40,474,0.0132
45,474,0.109
50,474,0.0329
60,474,0.372
70,474,0.5153
0,476,0.0771
10,476,0.0333
20,476,0.0161
30,476,0.0217
40,476,0.0201
45,476,0.1047
50,476,0.0261
60,476,0.519
70,476,0.5836
0,478,0.0464
10,478,0.0192
20,478,0.0207
30,478,0.0116
40,478,0.0358
45,478,0.082
50,478,0.0237
60,478,0.6274
70,478,0.6507
0,480,0.0248
10,480,0.0135
20,480,0.0313
30,480,0.0073
40,480,0.0616
45,480,0.051
50,480,0.0239
60,480,0.6612
70,480,0.6974
0,482,0.0156
10,482,0.0114
20,482,0.0457
30,482,0.0054
40,482,0.0829
45,482,0.0312
50,482,0.0263
60,482,0.6133
70,482,0.7114
0,484,0.0119
10,484,0.0116
20,484,0.0504
30,484,0.0047
40,484,0.0889
45,484,0.0215
50,484,0.032
60,484,0.5303
70,484,0.6862
0,486,0.0109
10,486,0.0144
20,486,0.0374
30,486,0.0045
40,486,0.0796
45,486,0.0175
50,486,0.0434
60,486,0.4759
70,486,0.6262
0,488,0.012
10,488,0.022
20,488,0.0196
30,488,0.0049
40,488,0.0559
45,488,0.0166
50,488,0.0656
60,488,0.469
70,488,0.5679
0,490,0.0158
10,490,0.0367
20,490,0.0101
30,490,0.0059
40,490,0.0331
45,490,0.0174
50,490,0.1096
60,490,0.5055
70,490,0.5393
0,492,0.0254
10,492,0.0492
20,492,0.0063
30,492,0.0083
40,492,0.0211
45,492,0.02
50,492,0.1936
60,492,0.581
70,492,0.5362
0,494,0.0425
10,494,0.0391
20,494,0.0047
30,494,0.0141
40,494,0.016
45,494,0.0252
50,494,0.3257
60,494,0.6839
70,494,0.5537
0,496,0.05
10,496,0.0194
20,496,0.0039
30,496,0.0286
40,496,0.0143
45,496,0.0346
50,496,0.4763
60,496,0.7797
70,496,0.5869
0,498,0.0309
10,498,0.0098
20,498,0.0037
30,498,0.0547
40,498,0.0142
45,498,0.0521
50,498,0.6022
60,498,0.8367
70,498,0.6285
0,500,0.0145
10,500,0.006
20,500,0.0037
30,500,0.0776
40,500,0.0152
45,500,0.0859
50,500,0.6801
60,500,0.8463
70,500,0.6715
0,502,0.0078
10,502,0.0043
20,502,0.004
30,502,0.0823
40,502,0.0176
45,502,0.1533
50,502,0.6921
60,502,0.8183
70,502,0.711
0,504,0.005
10,504,0.0034
20,504,0.0047
30,504,0.0655
40,504,0.0218
45,504,0.2739
50,504,0.6435
60,504,0.7748
70,504,0.7471
0,506,0.0036
10,506,0.0029
20,506,0.0063
30,506,0.0367
40,506,0.0292
45,506,0.4355
50,506,0.5876
60,506,0.731
70,506,0.7816
0,508,0.0028
10,508,0.0026
20,508,0.0099
30,508,0.0197
40,508,0.0426
45,508,0.5852
50,508,0.5738
60,508,0.6988
70,508,0.8151
0,510,0.0024
10,510,0.0026
20,510,0.0197
30,510,0.013
40,510,0.068
45,510,0.6846
50,510,0.6066
60,510,0.683
70,510,0.8466
0,512,0.0023
10,512,0.0029
20,512,0.0432
30,512,0.0101
40,512,0.1191
45,512,0.7164
50,512,0.6712
60,512,0.6827
70,512,0.8724
0,514,0.0024
10,514,0.0036
20,514,0.0738
30,514,0.0089
40,514,0.2183
45,514,0.6789
50,514,0.75
60,514,0.6936
70,514,0.8875
0,516,0.0027
10,516,0.005
20,516,0.0798
30,516,0.0085
40,516,0.3715
45,516,0.61
50,516,0.8209
60,516,0.7102
70,516,0.8862
0,518,0.0034
10,518,0.0084
20,518,0.0546
30,518,0.0088
40,518,0.5328
45,518,0.5715
50,518,0.8639
60,518,0.728
70,518,0.8659
0,520,0.0049
10,520,0.0175
20,520,0.0259
30,520,0.0097
40,520,0.6474
45,520,0.581
50,520,0.8751
60,520,0.7445
70,520,0.8285
0,522,0.0082
10,522,0.0427
20,522,0.0136
30,522,0.0115
40,522,0.694
45,522,0.6263
50,522,0.857
60,522,0.7593
70,522,0.7794
0,524,0.0177
10,524,0.0781
20,524,0.009
30,524,0.0145
40,524,0.6725
45,524,0.6915
50,524,0.8182
60,524,0.7724
70,524,0.7258
0,526,0.0461
10,526,0.0748
20,526,0.0069
30,526,0.0196
40,526,0.6121
45,526,0.7578
50,526,0.7736
60,526,0.7835
70,526,0.6757
0,528,0.0847
10,528,0.0359
20,528,0.006
30,528,0.0284
40,528,0.5689
45,528,0.8115
50,528,0.7363
60,528,0.7921
70,528,0.6354
0,530,0.072
10,530,0.0161
20,530,0.0056
30,530,0.0448
40,530,0.5657
45,530,0.8452
50,530,0.7101
60,530,0.7978
70,530,0.6075
0,532,0.0296
10,532,0.0094
20,532,0.0057
30,532,0.078
40,532,0.5938
45,532,0.852
50,532,0.6933
60,532,0.7993
70,532,0.5936
0,534,0.0138
10,534,0.0066
20,534,0.0061
30,534,0.1475
40,534,0.6405
45,534,0.8338
50,534,0.6825
60,534,0.7953
70,534,0.594
0,536,0.0084
10,536,0.0053
20,536,0.0069
30,536,0.2742
40,536,0.6981
45,536,0.8006
50,536,0.6754
60,536,0.785
70,536,0.6084
0,538,0.0061
10,538,0.0047
20,538,0.0083
30,538,0.441
40,538,0.7604
45,538,0.764
50,538,0.672
60,538,0.7687
70,538,0.6354
0,540,0.005
10,540,0.0045
20,540,0.0105
30,540,0.587
40,540,0.8119
45,540,0.7303
50,540,0.6719
60,540,0.7475
70,540,0.6722
0,542,0.0045
10,542,0.0045
20,542,0.0141
30,542,0.6687
40,542,0.8401
45,542,0.7015
50,542,0.6739
60,542,0.7237
70,542,0.7143
0,544,0.0043
10,544,0.0049
20,544,0.0203
30,544,0.6761
40,544,0.8414
45,544,0.6773
50,544,0.6766
60,544,0.7001
70,544,0.7553
0,546,0.0044
10,546,0.0055
20,546,0.0316
30,546,0.6272
40,546,0.8206
45,546,0.6587
50,546,0.6785
60,546,0.6799
70,546,0.7879
0,548,0.0047
10,548,0.0065
20,548,0.0533
30,548,0.5708
40,548,0.7865
45,548,0.6464
50,548,0.6789
60,548,0.6657
70,548,0.8051
0,550,0.0053
10,550,0.0082
20,550,0.0993
30,550,0.536
40,550,0.7471
45,550,0.6403
50,550,0.6776
60,550,0.6595
70,550,0.8038
0,552,0.0063
10,552,0.0108
20,552,0.1974
30,552,0.5308
40,552,0.7079
45,552,0.6384
50,552,0.6746
60,552,0.6628
70,552,0.785
0,554,0.0079
10,554,0.0151
20,554,0.3705
30,554,0.563
40,554,0.6727
45,554,0.6385
50,554,0.6702
60,554,0.6762
70,554,0.7542
0,556,0.0103
10,556,0.0225
20,556,0.5789
30,556,0.6263
40,556,0.6449
45,556,0.6386
50,556,0.6646
60,556,0.7001
70,556,0.7196
0,558,0.0143
10,558,0.036
20,558,0.7222
30,558,0.705
40,558,0.6262
45,558,0.6375
50,558,0.6583
60,558,0.7328
70,558,0.6894
0,560,0.021
10,560,0.0629
20,560,0.7339
30,560,0.7809
40,560,0.6152
45,560,0.6345
50,560,0.6517
60,560,0.7718
70,560,0.6687
0,562,0.0331
10,562,0.1219
20,562,0.642
30,562,0.8365
40,562,0.6099
45,562,0.6297
50,562,0.6454
60,562,0.8134
70,562,0.6606
0,564,0.0571
10,564,0.2542
20,564,0.5402
30,564,0.8603
40,564,0.6079
45,564,0.624
50,564,0.6406
60,564,0.8524
70,564,0.6662
0,566,0.1085
10,566,0.4932
20,566,0.4845
30,566,0.8492
40,566,0.6066
45,566,0.6177
50,566,0.6377
60,566,0.8825
70,566,0.6836
0,568,0.2251
10,568,0.7421
20,568,0.4789
30,568,0.8103
40,568,0.6044
45,568,0.6118
50,568,0.6379
60,568,0.899
70,568,0.7103
0,570,0.4613
10,570,0.8028
20,570,0.5124
30,570,0.7569
40,570,0.6004
45,570,0.6068
50,570,0.6422
60,570,0.9001
70,570,0.7419
0,572,0.7459
10,572,0.6757
20,572,0.5777
30,572,0.702
40,572,0.5946
45,572,0.6032
50,572,0.6514
60,572,0.887
70,572,0.7742
0,574,0.8322
10,574,0.5395
20,574,0.6661
30,574,0.6548
40,574,0.5874
45,574,0.6019
50,574,0.6666
60,574,0.8641
70,574,0.8019
0,576,0.6923
10,576,0.4679
20,576,0.761
30,576,0.6195
40,576,0.58
45,576,0.6029
50,576,0.6881
60,576,0.8373
70,576,0.8199
0,578,0.5473
10,578,0.4498
20,578,0.839
30,578,0.5962
40,578,0.5732
45,578,0.6068
50,578,0.7161
60,578,0.8118
70,578,0.8241
0,580,0.4714
10,580,0.4705
20,580,0.8787
30,580,0.5823
40,580,0.568
45,580,0.614
50,580,0.7498
60,580,0.7912
70,580,0.813
0,582,0.4491
10,582,0.5241
20,582,0.8713
30,582,0.5749
40,582,0.5651
45,582,0.6251
50,582,0.7875
60,582,0.7778
70,582,0.7872
0,584,0.4657
10,584,0.6068
20,584,0.8258
30,584,0.5708
40,584,0.5649
45,584,0.6406
50,584,0.8263
60,584,0.772
70,584,0.7504
0,586,0.515
10,586,0.7084
20,586,0.7621
30,586,0.5678
40,586,0.568
45,586,0.661
50,586,0.8623
60,586,0.7732
70,586,0.7083
0,588,0.5935
10,588,0.8076
20,588,0.6985
30,588,0.5637
40,588,0.5742
45,588,0.6865
50,588,0.8917
60,588,0.7802
70,588,0.6667
0,590,0.6936
10,590,0.8756
20,590,0.6454
30,590,0.5577
40,590,0.5839
45,590,0.7168
50,590,0.9116
60,590,0.7915
70,590,0.6302
0,592,0.7966
10,592,0.8907
20,592,0.6059
30,592,0.5495
40,592,0.5972
45,592,0.7515
50,592,0.9201
60,592,0.8058
70,592,0.6015
0,594,0.8727
10,594,0.8552
20,594,0.5789
30,594,0.5396
40,594,0.6145
45,594,0.7888
50,594,0.9173
60,594,0.821
70,594,0.5825
0,596,0.8969
10,596,0.7907
20,596,0.5622
30,596,0.5292
40,596,0.6357
45,596,0.8263
50,596,0.9049
60,596,0.8345
70,596,0.5739
0,598,0.8676
10,598,0.7209
20,598,0.5526
30,598,0.5194
40,598,0.661
45,598,0.8608
50,598,0.8859
60,598,0.8436
70,598,0.5756
0,600,0.8057
10,600,0.6601
20,600,0.5469
30,600,0.5114
40,600,0.6903
45,600,0.8896
50,600,0.8635
60,600,0.8463
70,600,0.5863
0,602,0.7356
10,602,0.6132
20,602,0.5426
30,602,0.506
40,602,0.7232
45,602,0.9102
50,602,0.8402
60,602,0.8409
70,602,0.6042
0,604,0.6727
10,604,0.5798
20,604,0.5378
30,604,0.504
40,604,0.7588
45,604,0.9208
50,604,0.8182
60,604,0.8272
70,604,0.6266
0,606,0.6235
10,606,0.5579
20,606,0.5311
30,606,0.5061
40,606,0.7956
45,606,0.9211
50,606,0.7993
60,606,0.8068
70,606,0.6511
0,608,0.5883
10,608,0.5445
20,608,0.5221
30,608,0.5123
40,608,0.8313
45,608,0.9122
50,608,0.7842
60,608,0.7824
70,608,0.676
0,610,0.5646
10,610,0.5366
20,610,0.5111
30,610,0.523
40,610,0.8638
45,610,0.8958
50,610,0.7736
60,610,0.7565
70,610,0.7013
0,612,0.5499
10,612,0.5314
20,612,0.4991
30,612,0.5379
40,612,0.8908
45,612,0.8744
50,612,0.7679
60,612,0.7322
70,612,0.727
0,614,0.5409
10,614,0.5266
20,614,0.4874
30,614,0.5572
40,614,0.9101
45,614,0.8503
50,614,0.7668
60,614,0.7121
70,614,0.7523
0,616,0.5352
10,616,0.5205
20,616,0.4771
30,616,0.5805
40,616,0.9204
45,616,0.826
50,616,0.7702
60,616,0.6972
70,616,0.7748
0,618,0.5305
10,618,0.5121
20,618,0.4695
30,618,0.6076
40,618,0.9212
45,618,0.803
50,618,0.777
60,618,0.6881
70,618,0.7924
0,620,0.5245
10,620,0.5013
20,620,0.4653
30,620,0.6384
40,620,0.9133
45,620,0.7829
50,620,0.7857
60,620,0.6843
70,620,0.8032
0,622,0.5163
10,622,0.4888
20,622,0.4651
30,622,0.6722
40,622,0.8979
45,622,0.7666
50,622,0.7949
60,622,0.6847
70,622,0.8061
0,624,0.5056
10,624,0.4759
20,624,0.4692
30,624,0.7083
40,624,0.8766
45,624,0.7546
50,624,0.8026
60,624,0.6883
70,624,0.8014
0,626,0.4931
10,626,0.4637
20,626,0.478
30,626,0.7455
40,626,0.852
45,626,0.7478
50,626,0.8071
60,626,0.6947
70,626,0.7908
0,628,0.4799
10,628,0.4535
20,628,0.4914
30,628,0.7825
40,628,0.8259
45,628,0.7458
50,628,0.8075
60,628,0.7038
70,628,0.7764
0,630,0.4671
10,630,0.4463
20,630,0.5095
30,630,0.818
40,630,0.8003
45,630,0.7483
50,630,0.8034
60,630,0.7158
70,630,0.7602
0,632,0.456
10,632,0.4426
20,632,0.5322
30,632,0.8503
40,632,0.7767
45,632,0.7544
50,632,0.7951
60,632,0.7308
70,632,0.7442
0,634,0.4475
10,634,0.4431
20,634,0.5593
30,634,0.8777
40,634,0.7564
45,634,0.7628
50,634,0.7834
60,634,0.7486
70,634,0.7304
0,636,0.4427
10,636,0.448
20,636,0.5901
30,636,0.8985
40,636,0.7405
45,636,0.772
50,636,0.7696
60,636,0.7684
70,636,0.7196
0,638,0.4417
10,638,0.4574
20,638,0.6242
30,638,0.9115
40,638,0.7295
45,638,0.7805
50,638,0.7549
60,638,0.7889
70,638,0.7127
0,640,0.4451
10,640,0.4716
20,640,0.6606
30,640,0.9162
40,640,0.7238
45,640,0.7871
50,640,0.7403
60,640,0.8089
70,640,0.7099
0,642,0.4531
10,642,0.4907
20,642,0.6987
30,642,0.9123
40,642,0.723
45,642,0.7905
50,642,0.7263
60,642,0.8272
70,642,0.7111
0,644,0.4658
10,644,0.5147
20,644,0.7373
30,644,0.9005
40,644,0.7266
45,644,0.7901
50,644,0.7136
60,644,0.8422
70,644,0.7156
0,646,0.4833
10,646,0.5429
20,646,0.775
30,646,0.8819
40,646,0.7338
45,646,0.7858
50,646,0.7025
60,646,0.853
70,646,0.7224
0,648,0.5057
10,648,0.5752
20,648,0.8105
30,648,0.8582
40,648,0.7434
45,648,0.7778
50,648,0.6936
60,648,0.86
70,648,0.7303
0,650,0.5326
10,650,0.6109
20,650,0.8423
30,650,0.8314
40,650,0.754
45,650,0.767
50,650,0.6869
60,650,0.8633
70,650,0.7384
0,652,0.5638
10,652,0.6492
20,652,0.8694
30,652,0.8033
40,652,0.7642
45,652,0.7539
50,652,0.6834
60,652,0.8635
70,652,0.7458
0,654,0.5988
10,654,0.6891
20,654,0.8903
30,654,0.7756
40,654,0.7725
45,654,0.7394
50,654,0.6837
60,654,0.8615
70,654,0.7521
0,656,0.6366
10,656,0.729
20,656,0.9041
30,656,0.7501
40,656,0.778
45,656,0.7244
50,656,0.6879
60,656,0.8585
70,656,0.7575
0,658,0.6758
10,658,0.7675
20,658,0.9099
30,658,0.7281
40,658,0.7796
45,658,0.7095
50,658,0.6959
60,658,0.8554
70,658,0.7628
0,660,0.7157
10,660,0.8036
20,660,0.9078
30,660,0.7102
40,660,0.7769
45,660,0.6956
50,660,0.7079
60,660,0.8529
70,660,0.7683
0,662,0.7552
10,662,0.8359
20,662,0.8979
30,662,0.6969
40,662,0.7702
45,662,0.6836
50,662,0.7234
60,662,0.8514
70,662,0.7744
0,664,0.7924
10,664,0.8632
20,664,0.8808
30,664,0.6886
40,664,0.7597
45,664,0.6741
50,664,0.7415
60,664,0.851
70,664,0.7814
0,666,0.8258
10,666,0.8842
20,666,0.8581
30,666,0.6851
40,666,0.7463
45,666,0.668
50,666,0.7615
60,666,0.8514
70,666,0.7893
0,668,0.8543
10,668,0.8986
20,668,0.8312
30,668,0.6862
40,668,0.7306
45,668,0.6657
50,668,0.7823
60,668,0.8524
70,668,0.7978
0,670,0.8773
10,670,0.9055
20,670,0.802
30,670,0.6915
40,670,0.7138
45,670,0.6674
50,670,0.8029
60,670,0.8533
70,670,0.8066
0,672,0.8939
10,672,0.9043
20,672,0.7726
30,672,0.7002
40,672,0.6968
45,672,0.6732
50,672,0.8227
60,672,0.8533
70,672,0.8153
0,674,0.9034
10,674,0.8955
20,674,0.7444
30,674,0.711
40,674,0.6808
45,674,0.6832
50,674,0.841
60,674,0.8528
70,674,0.8236
0,676,0.9054
10,676,0.8796
20,676,0.7189
30,676,0.723
40,676,0.6671
45,676,0.6969
50,676,0.8568
60,676,0.8517
70,676,0.8308
0,678,0.9
10,678,0.8578
20,678,0.6969
30,678,0.7349
40,678,0.6562
45,678,0.7138
50,678,0.8703
60,678,0.8501
70,678,0.8362
0,680,0.8877
10,680,0.8316
20,680,0.6791
30,680,0.7452
40,680,0.6489
45,680,0.7333
50,680,0.8812
60,680,0.8484
70,680,0.8397
0,682,0.869
10,682,0.8026
20,682,0.666
30,682,0.7525
40,682,0.6457
45,682,0.7546
50,682,0.8896
60,682,0.8471
70,682,0.8409
0,684,0.8451
10,684,0.7724
20,684,0.6577
30,684,0.756
40,684,0.6467
45,684,0.777
50,684,0.8959
60,684,0.8464
70,684,0.8396
0,686,0.8176
10,686,0.743
20,686,0.6543
30,686,0.755
40,686,0.652
45,686,0.7994
50,686,0.8999
60,686,0.8465
70,686,0.8357
0,688,0.7884
10,688,0.7158
20,688,0.6554
30,688,0.749
40,688,0.6614
45,688,0.8212
50,688,0.9021
60,688,0.8475
70,688,0.8292
0,690,0.7589
10,690,0.6915
20,690,0.6606
30,690,0.7384
40,690,0.6746
45,690,0.8414
50,690,0.9026
60,690,0.8494
70,690,0.8211
0,692,0.7306
10,692,0.6711
20,692,0.6696
30,692,0.7242
40,692,0.6913
45,692,0.8597
50,692,0.9013
60,692,0.852
70,692,0.8114
0,694,0.7048
10,694,0.6552
20,694,0.6815
30,694,0.7072
40,694,0.7113
45,694,0.8758
50,694,0.8983
60,694,0.8556
70,694,0.8007
0,696,0.6824
10,696,0.6439
20,696,0.6951
30,696,0.6891
40,696,0.7333
45,696,0.889
50,696,0.8941
60,696,0.8597
70,696,0.7896
0,698,0.6642
10,698,0.6373
20,698,0.7088
30,698,0.6709
40,698,0.757
45,698,0.8992
50,698,0.8888
60,698,0.8642
70,698,0.7788
0,700,0.6501
10,700,0.6354
20,700,0.7214
30,700,0.6537
40,700,0.7815
45,700,0.9064
50,700,0.8824
60,700,0.8687
70,700,0.7692
0,702,0.6406
10,702,0.6379
20,702,0.7317
30,702,0.6388
40,702,0.806
45,702,0.9109
50,702,0.8754
60,702,0.8735
70,702,0.761
0,704,0.6359
10,704,0.6444
20,704,0.7378
30,704,0.6268
40,704,0.8296
45,704,0.9126
50,704,0.8682
60,704,0.878
70,704,0.7549
0,706,0.6355
10,706,0.6544
20,706,0.7391
30,706,0.6183
40,706,0.8514
45,706,0.9114
50,706,0.8609
60,706,0.8818
70,706,0.7509
0,708,0.6392
10,708,0.667
20,708,0.7352
30,708,0.6134
40,708,0.8705
45,708,0.908
50,708,0.8541
60,708,0.8852
70,708,0.7495
0,710,0.6468
10,710,0.6811
20,710,0.7261
30,710,0.6126
40,710,0.8868
45,710,0.9028
50,710,0.8479
60,710,0.8878
70,710,0.7508
0,712,0.6577
10,712,0.6956
20,712,0.7126
30,712,0.616
40,712,0.8997
45,712,0.896
50,712,0.8423
60,712,0.8894
70,712,0.7547
0,714,0.6708
10,714,0.7089
20,714,0.6955
30,714,0.6234
40,714,0.9091
45,714,0.8879
50,714,0.8375
60,714,0.8901
70,714,0.7608
0,716,0.6852
10,716,0.7195
20,716,0.6767
30,716,0.6346
40,716,0.9146
45,716,0.8791
50,716,0.8335
60,716,0.8901
70,716,0.7689
0,718,0.6995
10,718,0.7259
20,718,0.6573
30,718,0.6495
40,718,0.9168
45,718,0.8701
50,718,0.8305
60,718,0.8894
70,718,0.7784
0,720,0.7124
10,720,0.7273
20,720,0.6386
30,720,0.668
40,720,0.9156
45,720,0.8609
50,720,0.8281
60,720,0.8878
70,720,0.7887
0,722,0.7221
10,722,0.7231
20,722,0.6217
30,722,0.6896
40,722,0.9117
45,722,0.8519
50,722,0.827
60,722,0.8857
70,722,0.7993
0,724,0.7273
10,724,0.7135
20,724,0.6073
30,724,0.7136
40,724,0.9054
45,724,0.8435
50,724,0.827
60,724,0.8838
70,724,0.8094
0,726,0.7274
10,726,0.6994
20,726,0.5962
30,726,0.7395
40,726,0.8972
45,726,0.8356
50,726,0.8278
60,726,0.8819
70,726,0.8187
0,728,0.7219
10,728,0.6819
20,728,0.5889
30,728,0.7664
40,728,0.8877
45,728,0.8285
50,728,0.8294
60,728,0.8806
70,728,0.8269
0,730,0.7112
10,730,0.6625
20,730,0.5852
30,730,0.7932
40,730,0.8776
45,730,0.8221
50,730,0.8319
60,730,0.88
70,730,0.8334
0,732,0.6961
10,732,0.6427
20,732,0.5856
30,732,0.8193
40,732,0.8666
45,732,0.8166
50,732,0.8353
60,732,0.8801
70,732,0.8386
0,734,0.6781
10,734,0.6236
20,734,0.5898
30,734,0.8436
40,734,0.8559
45,734,0.8123
50,734,0.8396
60,734,0.8813
70,734,0.8418
0,736,0.6588
10,736,0.6064
20,736,0.5982
30,736,0.8651
40,736,0.8454
45,736,0.8088
50,736,0.8447
60,736,0.8835
70,736,0.843
0,738,0.6393
10,738,0.592
20,738,0.6103
30,738,0.8832
40,738,0.8354
45,738,0.8061
50,738,0.8502
60,738,0.8867
70,738,0.8422
0,740,0.6207
10,740,0.5807
20,740,0.6261
30,740,0.8972
40,740,0.8259
45,740,0.8045
50,740,0.8561
60,740,0.8909
70,740,0.8393
0,742,0.6042
10,742,0.573
20,742,0.6455
30,742,0.907
40,742,0.8172
45,742,0.8042
50,742,0.8627
60,742,0.8959
70,742,0.8347
0,744,0.5904
10,744,0.5687
20,744,0.6678
30,744,0.9125
40,744,0.809
45,744,0.8051
50,744,0.8692
60,744,0.9012
70,744,0.8286
0,746,0.5797
10,746,0.5683
20,746,0.6931
30,746,0.9139
40,746,0.8017
45,746,0.807
50,746,0.8755
60,746,0.9066
70,746,0.8213
0,748,0.5726
10,748,0.572
20,748,0.7204
30,748,0.9117
40,748,0.7956
45,748,0.8103
50,748,0.8818
60,748,0.9119
70,748,0.8132
0,750,0.569
10,750,0.5795
20,750,0.7486
30,750,0.9061
40,750,0.7902
45,750,0.8148
50,750,0.888
60,750,0.9174
70,750,0.8049
0,752,0.5693
10,752,0.5907
20,752,0.7772
30,752,0.8981
40,752,0.7858
45,752,0.8202
50,752,0.8938
60,752,0.9226
70,752,0.7967
0,754,0.5734
10,754,0.6054
20,754,0.8053
30,754,0.8882
40,754,0.7828
45,754,0.8266
50,754,0.8992
60,754,0.9277
70,754,0.7891
0,756,0.5813
10,756,0.6239
20,756,0.8316
30,756,0.8773
40,756,0.7811
45,756,0.8336
50,756,0.9042
60,756,0.9321
70,756,0.7826
0,758,0.5928
10,758,0.6458
20,758,0.8552
30,758,0.8657
40,758,0.7807
45,758,0.8418
50,758,0.9088
60,758,0.9361
70,758,0.7774
0,760,0.6079
10,760,0.6704
20,760,0.8748
30,760,0.8535
40,760,0.7813
45,760,0.8504
50,760,0.9129
60,760,0.9396
70,760,0.7736
0,762,0.6267
10,762,0.6974
20,762,0.8904
30,762,0.8408
40,762,0.7833
45,762,0.8591
50,762,0.9164
60,762,0.9426
70,762,0.7707
0,764,0.6485
10,764,0.7262
20,764,0.9011
30,764,0.8285
40,764,0.7869
45,764,0.8679
50,764,0.9196
60,764,0.944
70,764,0.7692
0,766,0.673
10,766,0.7556
20,766,0.9073
30,766,0.817
40,766,0.7919
45,766,0.877
50,766,0.9222
60,766,0.945
70,766,0.7689
0,768,0.7002
10,768,0.7847
20,768,0.9088
30,768,0.8057
40,768,0.7979
45,768,0.8859
50,768,0.9246
60,768,0.9448
70,768,0.7697
0,770,0.7287
10,770,0.8128
20,770,0.9067
30,770,0.795
40,770,0.8056
45,770,0.894
50,770,0.9266
60,770,0.9435
70,770,0.7719
0,772,0.7581
10,772,0.8383
20,772,0.9008
30,772,0.7849
40,772,0.8142
45,772,0.9015
50,772,0.9282
60,772,0.9409
70,772,0.7752
0,774,0.787
10,774,0.8605
20,774,0.8926
30,774,0.7757
40,774,0.8236
45,774,0.9085
50,774,0.9295
60,774,0.9376
70,774,0.7799
0,776,0.8147
10,776,0.8785
20,776,0.882
30,776,0.7671
40,776,0.8338
45,776,0.9143
50,776,0.9305
60,776,0.9329
70,776,0.7855
0,778,0.8399
10,778,0.892
20,778,0.8702
30,778,0.7596
40,778,0.8446
45,778,0.9194
50,778,0.9318
60,778,0.9275
70,778,0.7928
0,780,0.8617
10,780,0.9006
20,780,0.8574
30,780,0.753
40,780,0.856
45,780,0.9238
50,780,0.9328
60,780,0.9218
70,780,0.8016
0,782,0.8795
10,782,0.9046
20,782,0.844
30,782,0.7477
40,782,0.867
45,782,0.927
50,782,0.9341
60,782,0.9157
70,782,0.8114
0,784,0.8926
10,784,0.904
20,784,0.8307
30,784,0.7436
40,784,0.878
45,784,0.9291
50,784,0.9361
60,784,0.9094
70,784,0.822
0,786,0.9009
10,786,0.8996
20,786,0.8172
30,786,0.7408
40,786,0.8879
45,786,0.9302
50,786,0.938
60,786,0.9029
70,786,0.833
0,788,0.9044
10,788,0.8921
20,788,0.8041
30,788,0.7398
40,788,0.8974
45,788,0.9306
50,788,0.9402
60,788,0.8963
70,788,0.8438
0,790,0.904
10,790,0.8819
20,790,0.7916
30,790,0.7402
40,790,0.9059
45,790,0.9308
50,790,0.9431
60,790,0.89
70,790,0.8535
0,792,0.8994
10,792,0.8704
20,792,0.7793
30,792,0.7422
40,792,0.9133
45,792,0.9305
50,792,0.9464
60,792,0.8836
70,792,0.8624
0,794,0.892
10,794,0.8576
20,794,0.7677
30,794,0.7457
40,794,0.9195
45,794,0.93
50,794,0.9494
60,794,0.8774
70,794,0.8696
0,796,0.8822
10,796,0.8438
20,796,0.7572
30,796,0.7506
40,796,0.924
45,796,0.9295
50,796,0.9524
60,796,0.8719
70,796,0.8744
0,798,0.8705
10,798,0.83
20,798,0.7471
30,798,0.7575
40,798,0.927
45,798,0.929
50,798,0.9551
60,798,0.8668
70,798,0.8769
0,800,0.8578
10,800,0.8162
20,800,0.738
30,800,0.7659
40,800,0.9285
45,800,0.9294
50,800,0.9575
60,800,0.8621
70,800,0.8767
0,802,0.8443
10,802,0.802
20,802,0.7299
30,802,0.7762
40,802,0.9291
45,802,0.9301
50,802,0.959
60,802,0.8588
70,802,0.8736
0,804,0.8304
10,804,0.7885
20,804,0.7228
30,804,0.787
40,804,0.9288
45,804,0.9313
50,804,0.96
60,804,0.8563
70,804,0.8682
0,806,0.8166
10,806,0.7753
20,806,0.7169
30,806,0.7994
40,806,0.9277
45,806,0.9338
50,806,0.9602
60,806,0.855
70,806,0.8607
0,808,0.8026
10,808,0.7626
20,808,0.7124
30,808,0.8125
40,808,0.9261
45,808,0.9366
50,808,0.9587
60,808,0.8552
70,808,0.8508
0,810,0.7886
10,810,0.7505
20,810,0.7091
30,810,0.8258
40,810,0.9235
45,810,0.939
50,810,0.956
60,810,0.8557
70,810,0.839
0,812,0.7758
10,812,0.7393
20,812,0.7076
30,812,0.8388
40,812,0.9221
45,812,0.9418
50,812,0.9523
60,812,0.8578
70,812,0.8285
0,814,0.7635
10,814,0.7289
20,814,0.7081
30,814,0.8522
40,814,0.92
45,814,0.9456
50,814,0.9475
60,814,0.8608
70,814,0.8156
0,816,0.7512
10,816,0.7198
20,816,0.7096
30,816,0.8653
40,816,0.9192
45,816,0.9493
50,816,0.9418
60,816,0.865
70,816,0.8027
0,818,0.7399
10,818,0.7111
20,818,0.7134
30,818,0.8778
40,818,0.919
45,818,0.9525
50,818,0.9343
60,818,0.8698
70,818,0.7899
0,820,0.7293
10,820,0.7039
20,820,0.7187
30,820,0.8891
40,820,0.9197
45,820,0.9552
50,820,0.9261
60,820,0.8747
70,820,0.7778
0,822,0.7196
10,822,0.6978
20,822,0.7261
30,822,0.8989
40,822,0.921
45,822,0.9574
50,822,0.9173
60,822,0.88
70,822,0.7667
0,824,0.711
10,824,0.693
20,824,0.735
30,824,0.9073
40,824,0.9237
45,824,0.9581
50,824,0.9071
60,824,0.885
70,824,0.7561
0,826,0.7033
10,826,0.6899
20,826,0.7454
30,826,0.9137
40,826,0.9265
45,826,0.9576
50,826,0.8966
60,826,0.8899
70,826,0.7474
0,828,0.697
10,828,0.6884
20,828,0.7577
30,828,0.9177
40,828,0.9303
45,828,0.9563
50,828,0.8857
60,828,0.8945
70,828,0.7401
0,830,0.6922
10,830,0.6882
20,830,0.771
30,830,0.921
40,830,0.9349
45,830,0.9537
50,830,0.875
60,830,0.8981
70,830,0.7346
0,832,0.6887
10,832,0.6906
20,832,0.7857
30,832,0.921
40,832,0.9389
45,832,0.9483
50,832,0.8648
60,832,0.9009
70,832,0.7306
0,834,0.6869
10,834,0.6941
20,834,0.8009
30,834,0.92
40,834,0.9436
45,834,0.9425
50,834,0.8545
60,834,0.903
70,834,0.7283
0,836,0.6865
10,836,0.6995
20,836,0.8169
30,836,0.9184
40,836,0.948
45,836,0.9342
50,836,0.8454
60,836,0.904
70,836,0.7274
0,838,0.6881
10,838,0.7069
20,838,0.8324
30,838,0.9153
40,838,0.9518
45,838,0.9249
50,838,0.8373
60,838,0.9039
70,838,0.728
0,840,0.6916
10,840,0.7161
20,840,0.8479
30,840,0.9123
40,840,0.9541
45,840,0.9141
50,840,0.8309
60,840,0.9029
70,840,0.7301
0,842,0.6969
10,842,0.7266
20,842,0.8623
30,842,0.9091
40,842,0.9551
45,842,0.9032
50,842,0.8246
60,842,0.901
70,842,0.7335
0,844,0.7036
10,844,0.739
20,844,0.876
30,844,0.9054
40,844,0.9551
45,844,0.8907
50,844,0.8204
60,844,0.8975
70,844,0.7374
0,846,0.7122
10,846,0.7523
20,846,0.8875
30,846,0.9026
40,846,0.9529
45,846,0.8776
50,846,0.8172
60,846,0.8953
70,846,0.7421
0,848,0.7224
10,848,0.7678
20,848,0.8966
30,848,0.9008
40,848,0.9491
45,848,0.8652
50,848,0.8156
60,848,0.8911
70,848,0.7475
0,850,0.7343
10,850,0.7834
20,850,0.9045
30,850,0.8995
40,850,0.9429
45,850,0.8526
50,850,0.8153
60,850,0.8868
70,850,0.7532
0,852,0.7481
10,852,0.7998
20,852,0.91
30,852,0.9002
40,852,0.9358
45,852,0.8409
50,852,0.8163
60,852,0.8831
70,852,0.7605
0,854,0.7625
10,854,0.8172
20,854,0.9119
30,854,0.9003
40,854,0.9267
45,854,0.8301
50,854,0.8184
60,854,0.8784
70,854,0.7667
0,856,0.779
10,856,0.8331
20,856,0.9134
30,856,0.9034
40,856,0.9159
45,856,0.8186
50,856,0.8208
60,856,0.8751
70,856,0.7736
0,858,0.7958
10,858,0.8498
20,858,0.9124
30,858,0.9065
40,858,0.9047
45,858,0.8087
50,858,0.8244
60,858,0.8719
70,858,0.7821
0,860,0.8121
10,860,0.8633
20,860,0.9103
30,860,0.9096
40,860,0.8916
45,860,0.8021
50,860,0.8292
60,860,0.8691
70,860,0.7905
0,862,0.8295
10,862,0.8778
20,862,0.9073
30,862,0.9138
40,862,0.8769
45,862,0.7949
50,862,0.8348
60,862,0.8637
70,862,0.7991
0,864,0.8444
10,864,0.8873
20,864,0.9023
30,864,0.9209
40,864,0.8629
45,864,0.7895
50,864,0.8406
60,864,0.8622
70,864,0.8055
0,866,0.8583
10,866,0.8942
20,866,0.8969
30,866,0.9237
40,866,0.8472
45,866,0.7857
50,866,0.8474
60,866,0.8606
70,866,0.8142
0,868,0.8711
10,868,0.9039
20,868,0.8925
30,868,0.9314
40,868,0.8345
45,868,0.7836
50,868,0.8525
60,868,0.8597
70,868,0.8234
0,870,0.8846
10,870,0.9072
20,870,0.8896
30,870,0.936
40,870,0.8198
45,870,0.7829
50,870,0.8588
60,870,0.8589
70,870,0.8291
0,872,0.8938
10,872,0.9065
20,872,0.8845
30,872,0.9392
40,872,0.807
45,872,0.7831
50,872,0.8631
60,872,0.8576
70,872,0.837
0,874,0.9003
10,874,0.9033
20,874,0.8838
30,874,0.9427
40,874,0.7955
45,874,0.7865
50,874,0.8712
60,874,0.8577
70,874,0.8447
0,876,0.9053
10,876,0.9057
20,876,0.8811
30,876,0.9426
40,876,0.7834
45,876,0.789
50,876,0.8801
60,876,0.8574
70,876,0.8512
0,878,0.906
10,878,0.9003
20,878,0.8802
30,878,0.9415
40,878,0.7766
45,878,0.7902
50,878,0.8823
60,878,0.8564
70,878,0.8547
0,880,0.908
10,880,0.8951
20,880,0.8807
30,880,0.9399
40,880,0.7706
45,880,0.7971
50,880,0.8853
60,880,0.8592
70,880,0.8582
0,882,0.9072
10,882,0.8896
20,882,0.8837
30,882,0.9352
40,882,0.7619
45,882,0.8034
50,882,0.8907
60,882,0.8626
70,882,0.8645
0,884,0.9019
10,884,0.8848
20,884,0.8818
30,884,0.9253
40,884,0.7548
45,884,0.8069
50,884,0.8939
60,884,0.8654
70,884,0.8638
0,886,0.8955
10,886,0.8772
20,886,0.8948
30,886,0.915
40,886,0.7528
45,886,0.8181
50,886,0.8997
60,886,0.8681
70,886,0.8675
0,888,0.8904
10,888,0.8755
20,888,0.8972
30,888,0.9054
40,888,0.7499
45,888,0.8218
50,888,0.8954
60,888,0.8739
70,888,0.8688
0,890,0.8862
10,890,0.8675
20,890,0.9038
30,890,0.893
40,890,0.7525
45,890,0.8351
50,890,0.8977
60,890,0.878
70,890,0.8635
0,892,0.8814
10,892,0.8673
20,892,0.9062
30,892,0.8783
40,892,0.7503
45,892,0.8407
50,892,0.9024
60,892,0.8802
70,892,0.8705
0,894,0.875
10,894,0.8692
20,894,0.9127
30,894,0.8601
40,894,0.7531
45,894,0.8483
50,894,0.9017
60,894,0.8876
70,894,0.8674
0,896,0.8754
10,896,0.8677
20,896,0.9201
30,896,0.8493
40,896,0.7597
45,896,0.8529
50,896,0.9004
60,896,0.8898
70,896,0.8643
0,898,0.8697
10,898,0.8687
20,898,0.9232
30,898,0.8289
40,898,0.7624
45,898,0.8629
50,898,0.8983
60,898,0.899
70,898,0.8663
0,900,0.8662
10,900,0.869
20,900,0.9288
30,900,0.815
40,900,0.7722
45,900,0.8726
50,900,0.8959
60,900,0.9042
70,900,0.8621
