0,250,0
5,250,0
10,250,0
15,250,0
20,250,0
25,250,0
30,250,0
35,250,0
40,250,0
45,250,0
50,250,0
55,250,0
60,250,0
65,250,0
70,250,0
0,252,0
5,252,0
10,252,0
15,252,0
20,252,0
25,252,0
30,252,0
35,252,0
40,252,0
45,252,0
50,252,0
55,252,0
60,252,0
65,252,0
70,252,0
0,254,0
5,254,0
10,254,0
15,254,0
20,254,0
25,254,0
30,254,0
35,254,0
40,254,0
45,254,0
50,254,0
55,254,0
60,254,0
65,254,0
70,254,0
0,256,0
5,256,0
10,256,0
15,256,0
20,256,0
25,256,0
30,256,0
35,256,0
40,256,0
45,256,0
50,256,0
55,256,0
60,256,0
65,256,0
70,256,0
0,258,0
5,258,0
10,258,0
15,258,0
20,258,0
25,258,0
30,258,0
35,258,0
40,258,0
45,258,0
50,258,0
55,258,0
60,258,0
65,258,0
70,258,0
0,260,0
5,260,0
10,260,0
15,260,0
20,260,0
25,260,0
30,260,0
35,260,0
40,260,0
45,260,0
50,260,0
55,260,0
60,260,0
65,260,0
70,260,0
0,262,0
5,262,0
10,262,0
15,262,0
20,262,0
25,262,0
30,262,0
35,262,0
40,262,0
45,262,0
50,262,0
55,262,0
60,262,0
65,262,0
70,262,0
0,264,0
5,264,0
10,264,0
15,264,0
20,264,0
25,264,0
30,264,0
35,264,0
40,264,0
45,264,0
50,264,0
55,264,0
60,264,0
65,264,0
70,264,0
0,266,0
5,266,0
10,266,0
15,266,0
20,266,0
25,266,0
30,266,0
35,266,0
40,266,0
45,266,0
50,266,0
55,266,0
60,266,0
65,266,0
70,266,0
0,268,0
5,268,0
10,268,0
15,268,0
20,268,0
25,268,0
30,268,0
35,268,0
40,268,0
45,268,0
50,268,0
55,268,0
60,268,0
65,268,0
70,268,0
0,270,0
5,270,0
10,270,0
15,270,0
20,270,0
25,270,0
30,270,0
35,270,0
40,270,0
45,270,0
50,270,0
55,270,0
60,270,0
65,270,0
70,270,0
0,272,0
5,272,0
10,272,0
15,272,0
20,272,0
25,272,0
30,272,0
35,272,0
40,272,0
45,272,0
50,272,0
55,272,0
60,272,0
65,272,0
70,272,0
0,274,0
5,274,0
10,274,0
15,274,0
20,274,0
25,274,0
30,274,0
35,274,0
40,274,0
45,274,0
50,274,0
55,274,0
60,274,0
65,274,0
70,274,0
0,276,0
5,276,0
10,276,0
15,276,0
20,276,0
25,276,0
30,276,0
35,276,0
40,276,0
45,276,0
50,276,0
55,276,0
60,276,0
65,276,0
70,276,0
0,278,0
5,278,0
10,278,0
15,278,0
20,278,0
25,278,0
30,278,0
35,278,0
40,278,0
45,278,0
50,278,0
55,278,0
60,278,0
65,278,0
70,278,0
0,280,0
5,280,0
10,280,0
15,280,0
20,280,0
25,280,0
30,280,0
35,280,0
40,280,0
45,280,0
50,280,0
55,280,0
60,280,0
65,280,0
70,280,0
0,282,0
5,282,0
10,282,0
15,282,0
20,282,0
25,282,0
30,282,0
35,282,0
40,282,0
45,282,0
50,282,0
55,282,0
60,282,0
65,282,0
70,282,0
0,284,0
5,284,0
10,284,0
15,284,0
20,284,0
25,284,0
30,284,0
35,284,0
40,284,0
45,284,0
50,284,0
55,284,0
60,284,0
65,284,0
70,284,0
0,286,0
5,286,0
10,286,0
15,286,0
20,286,0
25,286,0
30,286,0
35,286,0
40,286,0
45,286,0
50,286,0
55,286,0
60,286,0
65,286,0
70,286,0
0,288,0
5,288,0
10,288,0
15,288,0
20,288,0
25,288,0
30,288,0
35,288,0
40,288,0
45,288,0
50,288,0
55,288,0
60,288,0
65,288,0
70,288,0
0,290,0
5,290,0
10,290,0
15,290,0
20,290,0
25,290,0
30,290,0
35,290,0
40,290,0
45,290,0
50,290,0
55,290,0
60,290,0
65,290,0
70,290,0
0,292,0
5,292,0
10,292,0
15,292,0
20,292,0
25,292,0
30,292,0
35,292,0
40,292,0
45,292,0
50,292,0
55,292,0
60,292,0
65,292,0
70,292,0
0,294,0
5,294,0
10,294,0
15,294,0
20,294,0
25,294,0
30,294,0
35,294,0
40,294,0
45,294,0
50,294,0
55,294,0
60,294,0
65,294,0
70,294,0
0,296,0
5,296,0
10,296,0
15,296,0
20,296,0
25,296,0
30,296,0
35,296,0
40,296,0
45,296,0
50,296,0
55,296,0
60,296,0
65,296,0
70,296,0
0,298,0
5,298,0
10,298,0
15,298,0
20,298,0
25,298,0
30,298,0
35,298,0
40,298,0
45,298,0
50,298,0
55,298,0
60,298,0
65,298,0
70,298,0
0,300,0
5,300,0
10,300,0
15,300,0
20,300,0
25,300,0
30,300,0
35,300,0
40,300,0
45,300,0
50,300,0
55,300,0
60,300,0
65,300,0
70,300,0
0,302,0
5,302,0
10,302,0
15,302,0
20,302,0
25,302,0
30,302,0
35,302,0
40,302,0
45,302,0
50,302,0
55,302,0
60,302,0
65,302,0
70,302,0
0,304,0
5,304,0
10,304,0
15,304,0
20,304,0
25,304,0
30,304,0
35,304,0
40,304,0
45,304,0
50,304,0
55,304,0
60,304,0
65,304,0
70,304,0
0,306,0
5,306,0
10,306,0
15,306,0
20,306,0
25,306,0
30,306,0
35,306,0
40,306,0
45,306,0
50,306,0
55,306,0
60,306,0
65,306,0
70,306,0
0,308,0
5,308,0
10,308,0
15,308,0
20,308,0
25,308,0
30,308,0
35,308,0
40,308,0
45,308,0
50,308,0
55,308,0
60,308,0
65,308,0
70,308,0
0,310,0
5,310,0
10,310,0
15,310,0
20,310,0
25,310,0
30,310,0
35,310,0
40,310,0
45,310,0
50,310,0
55,310,0
60,310,0
65,310,0
70,310,0
0,312,0
5,312,0
10,312,0
15,312,0
20,312,0
25,312,0
30,312,0
35,312,0
40,312,0
45,312,0
50,312,0
55,312,0
60,312,0
65,312,0
70,312,0
0,314,0
5,314,0
10,314,0
15,314,0
20,314,0
25,314,0
30,314,0
35,314,0
40,314,0
45,314,0
50,314,0
55,314,0
60,314,0
65,314,0
70,314,0
0,316,0
5,316,0
10,316,0
15,316,0
20,316,0
25,316,0
30,316,0
35,316,0
40,316,0
45,316,0
50,316,0
55,316,0
60,316,0
65,316,0
70,316,0
0,318,0
5,318,0
10,318,0
15,318,0
20,318,0
25,318,0
30,318,0
35,318,0
40,318,0
45,318,0
50,318,0
55,318,0
60,318,0
65,318,0
70,318,0
0,320,0.0001
5,320,0.0001
10,320,0.0001
15,320,0.0001
20,320,0.0001
25,320,0.0002
30,320,0.0001
35,320,0.0001
40,320,0.0001
45,320,0.0001
50,320,0.0001
55,320,0.0001
60,320,0.0001
65,320,0.0002
70,320,0.0002
0,322,0.0002
5,322,0.0002
10,322,0.0002
15,322,0.0002
20,322,0.0002
25,322,0.0002
30,322,0.0001
35,322,0.0002
40,322,0.0001
45,322,0.0001
50,322,0.0002
55,322,0.0002
60,322,0.0002
65,322,0.0002
70,322,0.0002
0,324,0.0002
5,324,0.0002
10,324,0.0001
15,324,0.0002
20,324,0.0001
25,324,0.0001
30,324,0.0002
35,324,0.0002
40,324,0.0001
45,324,0.0001
50,324,0.0002
55,324,0.0002
60,324,0.0002
65,324,0.0002
70,324,0.0002
0,326,0.0001
5,326,0.0001
10,326,0.0001
15,326,0.0001
20,326,0.0001
25,326,0.0001
30,326,0.0001
35,326,0.0001
40,326,0.0001
45,326,0.0001
50,326,0.0001
55,326,0.0002
60,326,0.0002
65,326,0.0001
70,326,0.0002
0,328,0.0001
5,328,0.0001
10,328,0.0001
15,328,0.0001
20,328,0.0001
25,328,0.0001
30,328,0.0001
35,328,0.0001
40,328,0.0001
45,328,0.0001
50,328,0.0001
55,328,0.0001
60,328,0.0001
65,328,0.0001
70,328,0.0001
0,330,0.0001
5,330,0.0001
10,330,0.0001
15,330,0.0001
20,330,0.0001
25,330,0.0001
30,330,0.0001
35,330,0.0001
40,330,0.0001
45,330,0.0001
50,330,0.0001
55,330,0.0001
60,330,0.0001
65,330,0.0001
70,330,0.0001
0,332,0.0001
5,332,0.0001
10,332,0.0001
15,332,0.0001
20,332,0.0001
25,332,0.0001
30,332,0.0001
35,332,0.0001
40,332,0.0001
45,332,0.0001
50,332,0.0001
55,332,0.0001
60,332,0.0001
65,332,0.0001
70,332,0.0001
0,334,0.0001
5,334,0.0001
10,334,0.0001
15,334,0.0001
20,334,0.0001
25,334,0.0001
30,334,0.0001
35,334,0.0001
40,334,0.0001
45,334,0.0001
50,334,0.0001
55,334,0.0001
60,334,0.0001
65,334,0.0001
70,334,0.0001
0,336,0.0001
5,336,0.0001
10,336,0.0001
15,336,0.0001
20,336,0.0001
25,336,0.0001
30,336,0.0001
35,336,0.0001
40,336,0.0001
45,336,0.0001
50,336,0.0001
55,336,0.0001
60,336,0.0001
65,336,0.0001
70,336,0.0001
0,338,0.0001
5,338,0.0001
10,338,0.0001
15,338,0.0001
20,338,0.0001
25,338,0.0001
30,338,0.0001
35,338,0.0001
40,338,0.0001
45,338,0.0001
50,338,0.0001
55,338,0.0001
60,338,0.0002
65,338,0.0002
70,338,0.0002
0,340,0.0001
5,340,0.0001
10,340,0.0001
15,340,0.0001
20,340,0.0002
25,340,0.0002
30,340,0.0003
35,340,0.0002
40,340,0.0002
45,340,0.0002
50,340,0.0002
55,340,0.0002
60,340,0.0003
65,340,0.0003
70,340,0.0004
0,342,0.0002
5,342,0.0002
10,342,0.0002
15,342,0.0003
20,342,0.0003
25,342,0.0004
30,342,0.0005
35,342,0.0005
40,342,0.0003
45,342,0.0003
50,342,0.0003
55,342,0.0004
60,342,0.0006
65,342,0.0007
70,342,0.0007
0,344,0.0004
5,344,0.0004
10,344,0.0005
15,344,0.0006
20,344,0.0008
25,344,0.0011
30,344,0.0012
35,344,0.0009
40,344,0.0006
45,344,0.0005
50,344,0.0006
55,344,0.001
60,344,0.0013
65,344,0.0014
70,344,0.0015
0,346,0.0009
5,346,0.001
10,346,0.0012
15,346,0.0015
20,346,0.0021
25,346,0.0026
30,346,0.0024
35,346,0.0015
40,346,0.0011
45,346,0.001
50,346,0.0015
55,346,0.0023
60,346,0.0029
65,346,0.003
70,346,0.0031
0,348,0.0022
5,348,0.0024
10,348,0.003
15,348,0.0039
20,348,0.005
25,348,0.0056
30,348,0.0043
35,348,0.0026
40,348,0.0021
45,348,0.0022
50,348,0.0035
55,348,0.0051
60,348,0.0057
65,348,0.0057
70,348,0.0061
0,350,0.0053
5,350,0.0061
10,350,0.0074
15,350,0.0092
20,350,0.0107
25,350,0.0105
30,350,0.0067
35,350,0.0046
40,350,0.0038
45,350,0.0048
50,350,0.0079
55,350,0.01
60,350,0.0103
65,350,0.0104
70,350,0.0112
0,352,0.0128
5,352,0.0143
10,352,0.0164
15,352,0.0189
20,352,0.0201
25,352,0.0171
30,352,0.0104
35,352,0.008
40,352,0.007
45,352,0.0105
50,352,0.0157
55,352,0.018
60,352,0.0173
65,352,0.018
70,352,0.0195
0,354,0.0275
5,354,0.0294
10,354,0.0322
15,354,0.0345
20,354,0.0339
25,354,0.0246
30,354,0.0167
35,354,0.0131
40,354,0.0136
45,354,0.0218
50,354,0.0287
55,354,0.0293
60,354,0.0275
65,354,0.0299
70,354,0.0323
0,356,0.0511
5,356,0.0533
10,356,0.0558
15,356,0.0566
20,356,0.0504
25,356,0.034
30,356,0.027
35,356,0.0206
40,356,0.0275
45,356,0.0407
50,356,0.0474
55,356,0.0436
60,356,0.0422
65,356,0.0473
70,356,0.0506
0,358,0.0844
5,358,0.0857
10,358,0.0867
15,358,0.0841
20,358,0.0659
25,358,0.0498
30,358,0.0398
35,358,0.0337
40,358,0.0527
45,358,0.0678
50,358,0.0709
55,358,0.0605
60,358,0.0631
65,358,0.0709
70,358,0.0744
0,360,0.1245
5,360,0.1248
10,360,0.1242
15,360,0.1104
20,360,0.084
25,360,0.0748
30,360,0.0539
35,360,0.0599
40,360,0.09
45,360,0.1026
50,360,0.0964
55,360,0.081
60,360,0.0903
65,360,0.1008
70,360,0.1029
0,362,0.1714
5,362,0.1707
10,362,0.1615
15,362,0.1329
20,362,0.1158
25,362,0.1017
30,362,0.0763
35,362,0.1055
40,362,0.1369
45,362,0.1432
50,362,0.1204
55,362,0.1075
60,362,0.1235
65,362,0.1361
70,362,0.1364
0,364,0.2227
5,364,0.2137
10,364,0.1904
15,364,0.1661
20,364,0.163
25,364,0.124
30,364,0.1204
35,364,0.168
40,364,0.1922
45,364,0.1855
50,364,0.1424
55,364,0.1421
60,364,0.1629
65,364,0.1741
70,364,0.1753
0,366,0.2633
5,366,0.246
10,366,0.2263
15,366,0.2246
20,366,0.2045
25,366,0.1541
30,366,0.1942
35,366,0.2373
40,366,0.2518
45,366,0.2233
50,366,0.1668
55,366,0.1829
60,366,0.2082
65,366,0.2117
70,366,0.2176
0,368,0.2994
5,368,0.2894
10,368,0.2905
15,368,0.2893
20,368,0.2305
25,368,0.2132
30,368,0.282
35,368,0.3092
40,368,0.3072
45,368,0.2512
50,368,0.1992
55,368,0.2263
60,368,0.2549
65,368,0.2491
70,368,0.2582
0,370,0.3589
5,370,0.3631
10,370,0.3681
15,370,0.3264
20,370,0.2679
25,370,0.3068
30,370,0.3628
35,370,0.3807
40,370,0.3531
45,370,0.2691
50,370,0.2404
55,370,0.2713
60,370,0.295
65,370,0.286
70,370,0.2931
0,372,0.4425
5,372,0.4427
10,372,0.4165
15,372,0.3521
20,372,0.342
25,372,0.4096
30,372,0.4363
35,372,0.445
40,372,0.3892
45,372,0.2829
50,372,0.2861
55,372,0.3196
60,372,0.3248
65,372,0.3181
70,372,0.3188
0,374,0.5086
5,374,0.486
10,374,0.4392
15,374,0.4054
20,374,0.4479
25,374,0.4919
30,374,0.5072
35,374,0.4957
40,374,0.4156
45,374,0.3041
50,374,0.3302
55,374,0.3667
60,374,0.3483
65,374,0.336
70,374,0.3347
0,376,0.5365
5,376,0.5077
10,376,0.4814
15,376,0.497
20,376,0.5481
25,376,0.555
30,376,0.5713
35,376,0.5311
40,376,0.4324
45,376,0.3399
50,376,0.3719
55,376,0.4018
60,376,0.3681
65,376,0.3346
70,376,0.3449
0,378,0.5643
5,378,0.5518
10,378,0.5595
15,378,0.5975
20,378,0.6143
25,378,0.6131
30,378,0.6218
35,378,0.5529
40,378,0.4426
45,378,0.3841
50,378,0.4146
55,378,0.4199
60,378,0.3767
65,378,0.3197
70,378,0.3574
0,380,0.6273
5,380,0.6335
10,380,0.6559
15,380,0.6738
20,380,0.6629
25,380,0.672
30,380,0.6613
35,380,0.5646
40,380,0.4522
45,380,0.4292
50,380,0.4606
55,380,0.4259
60,380,0.3585
65,380,0.3014
70,380,0.3798
0,382,0.7001
5,382,0.7088
10,382,0.7199
15,382,0.7123
20,382,0.7047
25,382,0.7165
30,382,0.6823
35,382,0.5712
40,382,0.4677
45,382,0.4636
50,382,0.4907
55,382,0.4261
60,382,0.3157
65,382,0.2916
70,382,0.4027
0,384,0.7558
5,384,0.7577
10,384,0.7547
15,384,0.7419
20,384,0.7455
25,384,0.7499
30,384,0.6902
35,384,0.5815
40,384,0.4936
45,384,0.4958
50,384,0.4995
55,384,0.4135
60,384,0.2644
65,384,0.2935
70,384,0.4167
0,386,0.7876
5,386,0.7845
10,386,0.778
15,386,0.7721
20,386,0.7808
25,386,0.7739
30,386,0.6859
35,386,0.5978
40,386,0.5228
45,386,0.5295
50,386,0.4917
55,386,0.3725
60,386,0.2215
65,386,0.3062
70,386,0.4114
0,388,0.809
5,388,0.8049
10,388,0.7999
15,388,0.8007
20,388,0.8076
25,388,0.7882
30,388,0.6762
35,388,0.6168
40,388,0.5472
45,388,0.5569
50,388,0.4777
55,388,0.3039
60,388,0.1945
65,388,0.3232
70,388,0.3905
0,390,0.8277
5,390,0.8224
10,390,0.8199
15,390,0.8258
20,390,0.8272
25,390,0.7918
30,390,0.6716
35,390,0.6349
40,390,0.5668
45,390,0.5671
50,390,0.4558
55,390,0.2293
60,390,0.1827
65,390,0.3334
70,390,0.3683
0,392,0.8414
5,392,0.8368
10,392,0.839
15,392,0.8462
20,392,0.8406
25,392,0.7838
30,392,0.6809
35,392,0.6482
40,392,0.5883
45,392,0.5567
50,392,0.4102
55,392,0.1691
60,392,0.1832
65,392,0.3282
70,392,0.3577
0,394,0.8515
5,394,0.8505
10,394,0.858
15,394,0.8616
20,394,0.8481
25,394,0.7674
30,394,0.705
35,394,0.6534
40,394,0.6101
45,394,0.535
50,394,0.3323
55,394,0.1293
60,394,0.1924
65,394,0.3069
70,394,0.3659
0,396,0.8632
5,396,0.8677
10,396,0.8747
15,396,0.8716
20,396,0.8481
25,396,0.7511
30,396,0.7358
35,396,0.6517
40,396,0.6221
45,396,0.5091
50,396,0.2393
55,396,0.1065
60,396,0.2049
65,396,0.2782
70,396,0.3939
0,398,0.879
5,398,0.8842
10,398,0.8858
15,398,0.8776
20,398,0.8388
25,398,0.7453
30,398,0.7621
35,398,0.6507
40,398,0.6157
45,398,0.4698
50,398,0.16
55,398,0.0957
60,398,0.2125
65,398,0.2538
70,398,0.4372
0,400,0.8943
5,400,0.8953
10,400,0.8909
15,400,0.8799
20,400,0.8221
25,400,0.7567
30,400,0.774
35,400,0.6562
40,400,0.5937
45,400,0.4003
50,400,0.1076
55,400,0.0932
60,400,0.2093
65,400,0.2409
70,400,0.4855
0,402,0.9028
5,402,0.8995
10,402,0.8937
15,402,0.8761
20,402,0.8047
25,402,0.7822
30,402,0.769
35,402,0.6641
40,402,0.5657
45,402,0.3015
50,402,0.0765
55,402,0.0969
60,402,0.1947
65,402,0.242
70,402,0.5283
0,404,0.9051
5,404,0.9011
10,404,0.8959
15,404,0.8646
20,404,0.7965
25,404,0.8142
30,404,0.7534
35,404,0.6639
40,404,0.5326
45,404,0.1995
50,404,0.0589
55,404,0.1046
60,404,0.1729
65,404,0.2583
70,404,0.5576
0,406,0.9057
5,406,0.9033
10,406,0.8945
15,406,0.8478
20,406,0.8036
25,406,0.8409
30,406,0.7381
35,406,0.6483
40,406,0.4764
45,406,0.1221
50,406,0.0496
55,406,0.113
60,406,0.1513
65,406,0.2891
70,406,0.5721
0,408,0.9079
5,408,0.9047
10,408,0.8856
15,408,0.8342
20,408,0.825
25,408,0.8545
30,408,0.7279
35,408,0.6211
40,408,0.3828
45,408,0.0755
50,408,0.0455
55,408,0.1174
60,408,0.1356
65,408,0.3317
70,408,0.578
0,410,0.9099
5,410,0.9011
10,410,0.8714
15,410,0.8322
20,410,0.8525
25,410,0.8535
30,410,0.7179
35,410,0.591
40,410,0.2677
45,410,0.0501
50,410,0.0453
55,410,0.1149
60,410,0.1277
65,410,0.3793
70,410,0.5848
0,412,0.9063
5,412,0.8904
10,412,0.859
15,412,0.8443
20,412,0.876
25,412,0.8424
30,412,0.6994
35,412,0.5528
40,412,0.1641
45,412,0.0361
50,412,0.048
55,412,0.1056
60,412,0.1282
65,412,0.4244
70,412,0.5984
0,414,0.8966
5,414,0.8773
10,414,0.8567
15,414,0.8666
20,414,0.8899
25,414,0.8264
30,414,0.6704
35,414,0.4844
40,414,0.0941
45,414,0.0282
50,414,0.0531
55,414,0.092
60,414,0.1372
65,414,0.4605
70,414,0.6202
0,416,0.8852
5,416,0.8703
10,416,0.8677
15,416,0.8894
20,416,0.8945
25,416,0.8066
30,416,0.6373
35,416,0.3743
40,416,0.0551
45,416,0.024
50,416,0.059
55,416,0.0782
60,416,0.1554
65,416,0.484
70,416,0.646
0,418,0.8805
5,418,0.8757
10,418,0.8869
15,418,0.905
20,418,0.8929
25,418,0.7808
30,418,0.6015
35,418,0.2469
40,418,0.0347
45,418,0.0221
50,418,0.0632
55,418,0.0674
60,418,0.1824
65,418,0.4973
70,418,0.6681
0,420,0.8866
5,420,0.891
10,420,0.9061
15,420,0.912
20,420,0.8866
25,420,0.7464
30,420,0.544
35,420,0.1433
40,420,0.0239
45,420,0.022
50,420,0.0636
55,420,0.0609
60,420,0.216
65,420,0.5074
70,420,0.6807
0,422,0.9015
5,422,0.9095
10,422,0.9191
15,422,0.9142
20,422,0.8732
25,422,0.7065
30,422,0.4433
35,422,0.0789
40,422,0.0179
45,422,0.0234
50,422,0.0597
55,422,0.0583
60,422,0.2523
65,422,0.5216
70,422,0.6816
0,424,0.9184
5,424,0.9237
10,424,0.9235
15,424,0.9147
20,424,0.8489
25,424,0.6649
30,424,0.3072
35,424,0.0444
40,424,0.0144
45,424,0.0263
50,424,0.0524
55,424,0.0596
60,424,0.2859
65,424,0.5448
70,424,0.673
0,426,0.9297
5,426,0.9291
10,426,0.9247
15,426,0.912
20,426,0.8129
25,426,0.6127
30,426,0.1808
35,426,0.0269
40,426,0.0124
45,426,0.0301
50,426,0.0439
55,426,0.0649
60,426,0.3115
65,426,0.5768
70,426,0.6603
0,428,0.9337
5,428,0.9301
10,428,0.9261
15,428,0.9005
20,428,0.7693
25,428,0.5232
30,428,0.0973
35,428,0.0177
40,428,0.0116
45,428,0.0339
50,428,0.0364
55,428,0.0746
60,428,0.327
65,428,0.6133
70,428,0.6496
0,430,0.9338
5,430,0.9309
10,430,0.9258
15,430,0.8768
20,430,0.7205
25,430,0.3884
30,430,0.0526
35,430,0.0126
40,430,0.0115
45,430,0.0361
50,430,0.031
55,430,0.089
60,430,0.3353
65,430,0.6487
70,430,0.6451
0,432,0.9342
5,432,0.9319
10,432,0.9186
15,432,0.8437
20,432,0.6556
25,432,0.2431
30,432,0.0301
35,432,0.0096
40,432,0.0122
45,432,0.0358
50,432,0.0278
55,432,0.1076
60,432,0.3413
65,432,0.6776
70,432,0.6483
0,434,0.935
5,434,0.9288
10,434,0.9003
15,434,0.8022
20,434,0.5475
25,434,0.132
30,434,0.0184
35,434,0.0078
40,434,0.0138
45,434,0.0329
50,434,0.0265
55,434,0.1287
60,434,0.3515
65,434,0.6968
70,434,0.6576
0,436,0.9314
5,436,0.9166
10,436,0.8733
15,436,0.7431
20,436,0.3911
25,436,0.0683
30,436,0.0121
35,436,0.0068
40,436,0.0162
45,436,0.028
50,436,0.0269
55,436,0.1488
60,436,0.3713
65,436,0.7048
70,436,0.6697
0,438,0.919
5,438,0.8955
10,438,0.8399
15,438,0.6425
20,438,0.2351
25,438,0.0369
30,438,0.0086
35,438,0.0062
40,438,0.019
45,438,0.0229
50,438,0.029
55,438,0.1641
60,438,0.4033
65,438,0.7044
70,438,0.6798
0,440,0.8993
5,440,0.8698
10,440,0.7869
15,440,0.486
20,440,0.1255
25,440,0.0214
30,440,0.0065
35,440,0.0061
40,440,0.0215
45,440,0.0185
50,440,0.0331
55,440,0.1731
60,440,0.4468
65,440,0.7
70,440,0.6848
0,442,0.8756
5,442,0.8333
10,442,0.6808
15,442,0.308
20,442,0.0651
25,442,0.0133
30,442,0.0052
35,442,0.0064
40,442,0.0225
45,442,0.0154
50,442,0.0394
55,442,0.1761
60,442,0.4993
65,442,0.6954
70,442,0.6822
0,444,0.838
5,444,0.7529
10,444,0.5034
15,444,0.1671
20,444,0.0349
25,444,0.0089
30,444,0.0045
35,444,0.0072
40,444,0.0218
45,444,0.0136
50,444,0.0483
55,444,0.1754
60,444,0.5562
65,444,0.6945
70,444,0.6729
0,446,0.7486
5,446,0.5904
10,446,0.3054
15,446,0.0848
20,446,0.0199
25,446,0.0064
30,446,0.0041
35,446,0.0086
40,446,0.0195
45,446,0.0129
50,446,0.0597
55,446,0.1764
60,446,0.6171
65,446,0.7035
70,446,0.6657
0,448,0.5765
5,448,0.383
10,448,0.1641
15,448,0.0451
20,448,0.0125
25,448,0.0049
30,448,0.004
35,448,0.0106
40,448,0.0163
45,448,0.0131
50,448,0.0718
55,448,0.1834
60,448,0.6764
65,448,0.7202
70,448,0.6642
0,450,0.365
5,450,0.212
10,450,0.085
15,450,0.0255
20,450,0.0084
25,450,0.004
30,450,0.0041
35,450,0.0129
40,450,0.0132
45,450,0.014
50,450,0.0822
55,450,0.1982
60,450,0.726
65,450,0.7338
70,450,0.6661
0,452,0.1981
5,452,0.1093
10,452,0.0453
15,452,0.0154
20,452,0.006
25,452,0.0034
30,452,0.0044
35,452,0.015
40,452,0.0107
45,452,0.0159
50,452,0.0894
55,452,0.2244
60,452,0.7646
65,452,0.7407
70,452,0.674
0,454,0.1013
5,454,0.0568
10,454,0.0254
15,454,0.0099
20,454,0.0045
25,454,0.0031
30,454,0.0051
35,454,0.0159
40,454,0.0091
45,454,0.0191
50,454,0.0926
55,454,0.2652
60,454,0.7926
65,454,0.7378
70,454,0.6894
0,456,0.0526
5,456,0.0309
10,456,0.0151
15,456,0.0067
20,456,0.0036
25,456,0.0029
30,456,0.0061
35,456,0.0153
40,456,0.0081
45,456,0.0238
50,456,0.0922
55,456,0.323
60,456,0.8123
65,456,0.7238
70,456,0.7117
0,458,0.0291
5,458,0.0181
10,458,0.0096
15,458,0.0048
20,458,0.0029
25,458,0.0028
30,458,0.0076
35,458,0.0134
40,458,0.0076
45,458,0.0298
50,458,0.0898
55,458,0.3957
60,458,0.8264
65,458,0.7013
70,458,0.7384
0,460,0.0172
5,460,0.0112
10,460,0.0065
15,460,0.0036
20,460,0.0025
25,460,0.0028
30,460,0.0095
35,460,0.0108
40,460,0.0076
45,460,0.0365
50,460,0.0877
55,460,0.4789
60,460,0.8353
65,460,0.6747
70,460,0.7662
0,462,0.0106
5,462,0.0073
10,462,0.0045
15,462,0.0028
20,462,0.0022
25,462,0.0029
30,462,0.0111
35,462,0.0084
40,462,0.0079
45,462,0.0429
50,462,0.0876
55,462,0.5663
60,462,0.8368
65,462,0.6483
70,462,0.7914
0,464,0.0069
5,464,0.0049
10,464,0.0032
15,464,0.0022
20,464,0.0019
25,464,0.0032
30,464,0.0119
35,464,0.0065
40,464,0.0086
45,464,0.0474
50,464,0.0912
55,464,0.6505
60,464,0.8257
65,464,0.6262
70,464,0.8106
0,466,0.0046
5,466,0.0034
10,466,0.0024
15,466,0.0017
20,466,0.0017
25,466,0.0038
30,466,0.0114
35,466,0.0052
40,466,0.01
45,466,0.0492
50,466,0.0998
55,466,0.7252
60,466,0.7971
65,466,0.6115
70,466,0.8206
0,468,0.0032
5,468,0.0024
10,468,0.0018
15,468,0.0014
20,468,0.0017
25,468,0.0047
30,468,0.0097
35,468,0.0044
40,468,0.012
45,468,0.0482
50,468,0.1148
55,468,0.7835
60,468,0.7503
65,468,0.6058
70,468,0.8202
0,470,0.0023
5,470,0.0018
10,470,0.0014
15,470,0.0012
20,470,0.0017
25,470,0.006
30,470,0.0075
35,470,0.0039
40,470,0.0148
45,470,0.0452
50,470,0.1385
55,470,0.8234
60,470,0.6877
65,470,0.6084
70,470,0.8096
0,472,0.0017
5,472,0.0014
10,472,0.0011
15,472,0.0011
20,472,0.0019
25,472,0.0074
30,472,0.0055
35,472,0.0038
40,472,0.0182
45,472,0.0413
50,472,0.1738
55,472,0.8434
60,472,0.6153
65,472,0.6183
70,472,0.7908
0,474,0.0013
5,474,0.0011
10,474,0.001
15,474,0.0011
20,474,0.0023
25,474,0.0083
30,474,0.0041
35,474,0.0038
40,474,0.0217
45,474,0.0378
50,474,0.2232
55,474,0.8438
60,474,0.5411
65,474,0.6331
70,474,0.7668
0,476,0.0011
5,476,0.0009
10,476,0.0009
15,476,0.0012
20,476,0.003
25,476,0.0081
30,476,0.0032
35,476,0.0041
40,476,0.0244
45,476,0.0356
50,476,0.2862
55,476,0.8254
60,476,0.4734
65,476,0.6493
70,476,0.7407
0,478,0.0009
5,478,0.0008
10,478,0.0008
15,478,0.0013
20,478,0.004
25,478,0.0069
30,478,0.0026
35,478,0.0046
40,478,0.0255
45,478,0.0349
50,478,0.3563
55,478,0.7886
60,478,0.4179
65,478,0.6615
70,478,0.7155
0,480,0.0007
5,480,0.0007
10,480,0.0008
15,480,0.0015
20,480,0.0051
25,480,0.0052
30,480,0.0022
35,480,0.0055
40,480,0.0248
45,480,0.0359
50,480,0.4245
55,480,0.7314
60,480,0.3745
65,480,0.6645
70,480,0.6903
0,482,0.0008
5,482,0.0008
10,482,0.001
15,482,0.002
20,482,0.0062
25,482,0.0038
30,482,0.0021
35,482,0.0067
40,482,0.0227
45,482,0.0388
50,482,0.4831
55,482,0.6541
60,482,0.3418
65,482,0.6551
70,482,0.665
0,484,0.0009
5,484,0.001
10,484,0.0013
15,484,0.0028
20,484,0.0065
25,484,0.0028
30,484,0.0022
35,484,0.0086
40,484,0.0201
45,484,0.0451
50,484,0.5342
55,484,0.5675
60,484,0.3226
65,484,0.6404
70,484,0.6486
0,486,0.001
5,486,0.0011
10,486,0.0016
15,486,0.0039
20,486,0.0059
25,486,0.0022
30,486,0.0024
35,486,0.0107
40,486,0.0178
45,486,0.0562
50,486,0.5802
55,486,0.4832
60,486,0.319
65,486,0.6274
70,486,0.6463
0,488,0.0011
5,488,0.0013
10,488,0.0021
15,488,0.0051
20,488,0.0047
25,488,0.0019
30,488,0.0028
35,488,0.0127
40,488,0.0163
45,488,0.074
50,488,0.6158
55,488,0.4038
60,488,0.3272
65,488,0.6125
70,488,0.6534
0,490,0.0013
5,490,0.0016
10,490,0.0028
15,490,0.006
20,490,0.0035
25,490,0.0018
30,490,0.0034
35,490,0.0142
40,490,0.0155
45,490,0.1012
50,490,0.6387
55,490,0.3344
60,490,0.3452
65,490,0.5964
70,490,0.6678
0,492,0.0016
5,492,0.0021
10,492,0.0039
15,492,0.006
20,492,0.0027
25,492,0.0018
30,492,0.0042
35,492,0.0148
40,492,0.0157
45,492,0.1397
50,492,0.6469
55,492,0.2784
60,492,0.3714
65,492,0.5805
70,492,0.6879
0,494,0.002
5,494,0.0028
10,494,0.0052
15,494,0.0051
20,494,0.0022
25,494,0.0019
30,494,0.0055
35,494,0.0145
40,494,0.0169
45,494,0.1887
50,494,0.6385
55,494,0.2363
60,494,0.4035
65,494,0.5666
70,494,0.7121
0,496,0.0027
5,496,0.0039
10,496,0.0061
15,496,0.0039
20,496,0.002
25,496,0.002
30,496,0.0072
35,496,0.0134
40,496,0.0193
45,496,0.2422
50,496,0.6117
55,496,0.2069
60,496,0.4377
65,496,0.5562
70,496,0.7378
0,498,0.0037
5,498,0.0052
10,498,0.0058
15,498,0.0029
20,498,0.0018
25,498,0.0023
30,498,0.009
35,498,0.012
40,498,0.0231
45,498,0.2926
50,498,0.567
55,498,0.1879
60,498,0.469
65,498,0.5505
70,498,0.7625
0,500,0.0049
5,500,0.0059
10,500,0.0046
15,500,0.0023
20,500,0.0017
25,500,0.0025
30,500,0.0106
35,500,0.0107
40,500,0.0292
45,500,0.3342
50,500,0.5054
55,500,0.1768
60,500,0.4935
65,500,0.5498
70,500,0.7845
0,502,0.0058
5,502,0.0054
10,502,0.0033
15,502,0.0018
20,502,0.0016
25,502,0.003
30,502,0.0115
35,502,0.0098
40,502,0.0386
45,502,0.3646
50,502,0.4306
55,502,0.1719
60,502,0.5078
65,502,0.5542
70,502,0.8023
0,504,0.0055
5,504,0.0041
10,504,0.0024
15,504,0.0015
20,504,0.0015
25,504,0.0036
30,504,0.0114
35,504,0.0092
40,504,0.0528
45,504,0.3842
50,504,0.349
55,504,0.1724
60,504,0.5105
65,504,0.564
70,504,0.8156
0,506,0.0042
5,506,0.0028
10,506,0.0017
15,506,0.0013
20,506,0.0015
25,506,0.0045
30,506,0.0104
35,506,0.0091
40,506,0.0729
45,506,0.3956
50,506,0.2712
55,506,0.1779
60,506,0.5009
65,506,0.5787
70,506,0.8244
0,508,0.0028
5,508,0.0019
10,508,0.0013
15,508,0.0011
20,508,0.0015
25,508,0.0056
30,508,0.0089
35,508,0.0094
40,508,0.0968
45,508,0.4018
50,508,0.2073
55,508,0.1882
60,508,0.4808
65,508,0.598
70,508,0.8296
0,510,0.0019
5,510,0.0014
10,510,0.001
15,510,0.001
20,510,0.0017
25,510,0.0069
30,510,0.0075
35,510,0.0103
40,510,0.1204
45,510,0.4019
50,510,0.1598
55,510,0.2029
60,510,0.4534
65,510,0.6211
70,510,0.8325
0,512,0.0013
5,512,0.001
10,512,0.0008
15,512,0.0009
20,512,0.002
25,512,0.0078
30,512,0.0063
35,512,0.0119
40,512,0.1381
45,512,0.392
50,512,0.1266
55,512,0.2211
60,512,0.4227
65,512,0.6467
70,512,0.834
0,514,0.001
5,514,0.0008
10,514,0.0007
15,514,0.0009
20,514,0.0025
25,514,0.0081
30,514,0.0056
35,514,0.0146
40,514,0.1471
45,514,0.3697
50,514,0.104
55,514,0.2415
60,514,0.392
65,514,0.6741
70,514,0.8349
0,516,0.0007
5,516,0.0006
10,516,0.0006
15,516,0.001
20,516,0.0033
25,516,0.0076
30,516,0.0051
35,516,0.019
40,516,0.1469
45,516,0.3359
50,516,0.0888
55,516,0.2617
60,516,0.3644
65,516,0.7018
70,516,0.8353
0,518,0.0006
5,518,0.0006
10,518,0.0006
15,518,0.0012
20,518,0.0044
25,518,0.0065
30,518,0.005
35,518,0.0255
40,518,0.1404
45,518,0.2941
50,518,0.0791
55,518,0.2787
60,518,0.3423
65,518,0.7282
70,518,0.8352
0,520,0.0005
5,520,0.0005
10,520,0.0007
15,520,0.0015
20,520,0.0054
25,520,0.0053
30,520,0.0052
35,520,0.0343
40,520,0.1324
45,520,0.2477
50,520,0.0732
55,520,0.2903
60,520,0.3261
65,520,0.7524
70,520,0.8344
0,522,0.0005
5,522,0.0005
10,522,0.0008
15,522,0.002
20,522,0.0061
25,522,0.0044
30,522,0.0057
35,522,0.0444
40,522,0.1275
45,522,0.1998
50,522,0.0702
55,522,0.2952
60,522,0.3158
65,522,0.7738
70,522,0.8325
0,524,0.0005
5,524,0.0006
10,524,0.001
15,524,0.0027
20,524,0.0061
25,524,0.0037
30,524,0.0066
35,524,0.0531
40,524,0.1285
45,524,0.1537
50,524,0.0695
55,524,0.2932
60,524,0.3111
65,524,0.7916
70,524,0.8292
0,526,0.0006
5,526,0.0007
10,526,0.0012
15,526,0.0037
20,526,0.0055
25,526,0.0032
30,526,0.008
35,526,0.0578
40,526,0.1354
45,526,0.114
50,526,0.0712
55,526,0.2846
60,526,0.312
65,526,0.8054
70,526,0.8247
0,528,0.0007
5,528,0.0009
10,528,0.0017
15,528,0.0046
20,528,0.0045
25,528,0.003
30,528,0.0103
35,528,0.0573
40,528,0.145
45,528,0.0842
50,528,0.075
55,528,0.2704
60,528,0.3181
65,528,0.8152
70,528,0.8185
0,530,0.0008
5,530,0.0011
10,530,0.0023
15,530,0.0052
20,530,0.0036
25,530,0.003
30,530,0.0138
35,530,0.0525
40,530,0.1524
45,530,0.0635
50,530,0.0811
55,530,0.2521
60,530,0.3294
65,530,0.8211
70,530,0.8105
0,532,0.001
5,532,0.0015
10,532,0.0031
15,532,0.005
20,532,0.0029
25,532,0.0031
30,532,0.0186
35,532,0.0453
40,532,0.154
45,532,0.0497
50,532,0.0896
55,532,0.2313
60,532,0.3455
65,532,0.8233
70,532,0.8016
0,534,0.0013
5,534,0.002
10,534,0.0041
15,534,0.0044
20,534,0.0025
25,534,0.0034
30,534,0.0239
35,534,0.0383
40,534,0.1487
45,534,0.0406
50,534,0.1003
55,534,0.2098
60,534,0.3665
65,534,0.8224
70,534,0.7916
0,536,0.0018
5,536,0.0028
10,536,0.0047
15,536,0.0035
20,536,0.0022
25,536,0.004
30,536,0.0279
35,536,0.0331
40,536,0.1377
45,536,0.0346
50,536,0.1125
55,536,0.1896
60,536,0.3923
65,536,0.8191
70,536,0.7815
0,538,0.0025
5,538,0.0037
10,538,0.0046
15,538,0.0028
20,538,0.0021
25,538,0.0049
30,538,0.0292
35,538,0.0301
40,538,0.1228
45,538,0.0307
50,538,0.125
55,538,0.1723
60,538,0.422
65,538,0.8141
70,538,0.7715
0,540,0.0034
5,540,0.0044
10,540,0.0039
15,540,0.0022
20,540,0.0021
25,540,0.0062
30,540,0.0275
35,540,0.0294
40,540,0.105
45,540,0.0283
50,540,0.1362
55,540,0.1584
60,540,0.455
65,540,0.8083
70,540,0.762
0,542,0.0042
5,542,0.0043
10,542,0.0031
15,542,0.0019
20,542,0.0022
25,542,0.0083
30,542,0.0235
35,542,0.0307
40,542,0.0854
45,542,0.027
50,542,0.1448
55,542,0.1479
60,542,0.4906
65,542,0.8022
70,542,0.7533
0,544,0.0044
5,544,0.0037
10,544,0.0024
15,544,0.0017
20,544,0.0024
25,544,0.0112
30,544,0.0188
35,544,0.0343
40,544,0.0658
45,544,0.0266
50,544,0.1499
55,544,0.1409
60,544,0.5279
65,544,0.7964
70,544,0.7458
0,546,0.0039
5,546,0.0029
10,546,0.0019
15,546,0.0016
20,546,0.0029
25,546,0.0142
30,546,0.0147
35,546,0.0403
40,546,0.0487
45,546,0.027
50,546,0.1511
55,546,0.1369
60,546,0.5651
65,546,0.7913
70,546,0.7397
0,548,0.0031
5,548,0.0022
10,548,0.0016
15,548,0.0016
20,548,0.0035
25,548,0.0162
30,548,0.0119
35,548,0.0483
40,548,0.0358
45,548,0.0283
50,548,0.1485
55,548,0.1359
60,548,0.6011
65,548,0.787
70,548,0.7353
0,550,0.0024
5,550,0.0018
10,550,0.0015
15,550,0.0017
20,550,0.0046
25,550,0.0163
30,550,0.0101
35,550,0.0562
40,550,0.0271
45,550,0.0305
50,550,0.1425
55,550,0.1376
60,550,0.6349
65,550,0.7839
70,550,0.7325
0,552,0.0019
5,552,0.0015
10,552,0.0014
15,552,0.0019
20,552,0.0061
25,552,0.0144
30,552,0.0091
35,552,0.0617
40,552,0.0214
45,552,0.0338
50,552,0.1337
55,552,0.142
60,552,0.6655
65,552,0.7818
70,552,0.7314
0,554,0.0015
5,554,0.0013
10,554,0.0013
15,554,0.0022
20,554,0.0081
25,554,0.0114
30,554,0.0087
35,554,0.0637
40,554,0.0176
45,554,0.0384
50,554,0.1228
55,554,0.1494
60,554,0.6922
65,554,0.7802
70,554,0.7315
0,556,0.0013
5,556,0.0012
10,556,0.0014
15,556,0.0028
20,556,0.0102
25,556,0.0084
30,556,0.0088
35,556,0.0622
40,556,0.0152
45,556,0.0443
50,556,0.1108
55,556,0.1598
60,556,0.7144
65,556,0.7793
70,556,0.7328
0,558,0.0012
5,558,0.0012
10,558,0.0015
15,558,0.0036
20,558,0.0112
25,558,0.0063
30,558,0.0094
35,558,0.0579
40,558,0.0136
45,558,0.0515
50,558,0.0991
55,558,0.1736
60,558,0.7314
65,558,0.7787
70,558,0.735
0,560,0.0012
5,560,0.0013
10,560,0.0018
15,560,0.0049
20,560,0.0107
25,560,0.0049
30,560,0.0107
35,560,0.0514
40,560,0.0126
45,560,0.0596
50,560,0.0886
55,560,0.1912
60,560,0.743
65,560,0.7784
70,560,0.7374
0,562,0.0012
5,562,0.0014
10,562,0.0023
15,562,0.0066
20,562,0.0088
25,562,0.004
30,562,0.0129
35,562,0.0431
40,562,0.0121
45,562,0.0677
50,562,0.0798
55,562,0.2129
60,562,0.7501
65,562,0.7783
70,562,0.74
0,564,0.0013
5,564,0.0016
10,564,0.003
15,564,0.0082
20,564,0.0065
25,564,0.0035
30,564,0.0164
35,564,0.0339
40,564,0.0119
45,564,0.0749
50,564,0.0729
55,564,0.2392
60,564,0.7531
65,564,0.7781
70,564,0.7423
0,566,0.0015
5,566,0.002
10,566,0.0041
15,566,0.0088
20,566,0.0046
25,566,0.0032
30,566,0.0213
35,566,0.0252
40,566,0.012
45,566,0.0804
50,566,0.0678
55,566,0.2706
60,566,0.753
65,566,0.7778
70,566,0.7439
0,568,0.0018
5,568,0.0025
10,568,0.0056
15,568,0.008
20,568,0.0033
25,568,0.003
30,568,0.0268
35,568,0.0185
40,568,0.0125
45,568,0.0836
50,568,0.0644
55,568,0.3063
60,568,0.751
65,568,0.7772
70,568,0.7449
0,570,0.0022
5,570,0.0034
10,570,0.0071
15,570,0.0061
20,570,0.0026
25,570,0.0029
30,570,0.0316
35,570,0.0138
40,570,0.0134
45,570,0.0844
50,570,0.0625
55,570,0.3458
60,570,0.7481
65,570,0.7766
70,570,0.7446
0,572,0.003
5,572,0.0048
10,572,0.0077
15,572,0.0043
20,572,0.0021
25,572,0.003
30,572,0.0343
35,572,0.0109
40,572,0.0148
45,572,0.0829
50,572,0.0619
55,572,0.3886
60,572,0.7451
65,572,0.7761
70,572,0.7433
0,574,0.0042
5,574,0.0064
10,574,0.0069
15,574,0.003
20,574,0.0017
25,574,0.0033
30,574,0.0349
35,574,0.0089
40,574,0.0168
45,574,0.0793
50,574,0.0625
55,574,0.4332
60,574,0.7427
65,574,0.7753
70,574,0.7409
0,576,0.0058
5,576,0.0073
10,576,0.0051
15,576,0.0021
20,576,0.0015
25,576,0.0037
30,576,0.0334
35,576,0.0077
40,576,0.0195
45,576,0.0739
50,576,0.0644
55,576,0.4776
60,576,0.7417
65,576,0.7746
70,576,0.7378
0,578,0.0071
5,578,0.0065
10,578,0.0034
15,578,0.0016
20,578,0.0014
25,578,0.0044
30,578,0.0301
35,578,0.0068
40,578,0.023
45,578,0.0673
50,578,0.0676
55,578,0.5202
60,578,0.7424
65,578,0.774
70,578,0.7339
0,580,0.0069
5,580,0.0047
10,580,0.0023
15,580,0.0013
20,580,0.0014
25,580,0.0055
30,580,0.0254
35,580,0.0063
40,580,0.0275
45,580,0.0601
50,580,0.0723
55,580,0.56
60,580,0.7444
65,580,0.7732
70,580,0.7297
0,582,0.0052
5,582,0.0031
10,582,0.0016
15,582,0.0011
20,582,0.0013
25,582,0.0073
30,582,0.0198
35,582,0.006
40,582,0.0328
45,582,0.0531
50,582,0.0787
55,582,0.5956
60,582,0.7476
65,582,0.7728
70,582,0.7252
0,584,0.0034
5,584,0.0021
10,584,0.0012
15,584,0.0009
20,584,0.0014
25,584,0.01
30,584,0.0145
35,584,0.0058
40,584,0.0386
45,584,0.0468
50,584,0.0871
55,584,0.6263
60,584,0.752
65,584,0.7726
70,584,0.7209
0,586,0.0023
5,586,0.0015
10,586,0.001
15,586,0.0009
20,586,0.0014
25,586,0.0138
30,586,0.0105
35,586,0.0059
40,586,0.0442
45,586,0.0416
50,586,0.0979
55,586,0.6507
60,586,0.757
65,586,0.7725
70,586,0.7167
0,588,0.0015
5,588,0.0011
10,588,0.0008
15,588,0.0008
20,588,0.0016
25,588,0.0177
30,588,0.0079
35,588,0.0061
40,588,0.0487
45,588,0.0377
50,588,0.1117
55,588,0.6688
60,588,0.7625
65,588,0.7729
70,588,0.7131
0,590,0.0011
5,590,0.0008
10,590,0.0007
15,590,0.0008
20,590,0.0018
25,590,0.0207
30,590,0.0062
35,590,0.0065
40,590,0.0518
45,590,0.0348
50,590,0.1291
55,590,0.6808
60,590,0.7679
65,590,0.7733
70,590,0.7102
0,592,0.0009
5,592,0.0007
10,592,0.0006
15,592,0.0008
20,592,0.0021
25,592,0.022
30,592,0.0052
35,592,0.007
40,592,0.0533
45,592,0.0328
50,592,0.1509
55,592,0.687
60,592,0.7729
65,592,0.7738
70,592,0.7081
0,594,0.0007
5,594,0.0006
10,594,0.0006
15,594,0.0008
20,594,0.0026
25,594,0.0216
30,594,0.0045
35,594,0.0078
40,594,0.0532
45,594,0.0315
50,594,0.1778
55,594,0.6883
60,594,0.7775
65,594,0.7746
70,594,0.707
0,596,0.0006
5,596,0.0005
10,596,0.0005
15,596,0.0008
20,596,0.0034
25,596,0.0197
30,596,0.0041
35,596,0.0088
40,596,0.0514
45,596,0.0309
50,596,0.21
55,596,0.6859
60,596,0.7812
65,596,0.7756
70,596,0.7068
0,598,0.0005
5,598,0.0005
10,598,0.0005
15,598,0.0009
20,598,0.0048
25,598,0.0164
30,598,0.0038
35,598,0.0103
40,598,0.0483
45,598,0.031
50,598,0.2473
55,598,0.6818
60,598,0.784
65,598,0.7766
70,598,0.7076
0,600,0.0005
5,600,0.0004
10,600,0.0005
15,600,0.001
20,600,0.0069
25,600,0.0125
30,600,0.0037
35,600,0.0123
40,600,0.0441
45,600,0.0316
50,600,0.2893
55,600,0.6776
60,600,0.786
65,600,0.7778
70,600,0.7092
0,602,0.0004
5,602,0.0004
10,602,0.0005
15,602,0.0011
20,602,0.01
25,602,0.009
30,602,0.0037
35,602,0.0149
40,602,0.0392
45,602,0.0328
50,602,0.3348
55,602,0.6746
60,602,0.787
65,602,0.7789
70,602,0.7116
0,604,0.0004
5,604,0.0004
10,604,0.0005
15,604,0.0013
20,604,0.0132
25,604,0.0065
30,604,0.0037
35,604,0.0183
40,604,0.0343
45,604,0.0346
50,604,0.3816
55,604,0.6735
60,604,0.7869
65,604,0.78
70,604,0.7149
0,606,0.0004
5,606,0.0004
10,606,0.0006
15,606,0.0016
20,606,0.0156
25,606,0.005
30,606,0.0037
35,606,0.0224
40,606,0.0298
45,606,0.0372
50,606,0.4278
55,606,0.675
60,606,0.786
65,606,0.781
70,606,0.7187
0,608,0.0004
5,608,0.0004
10,608,0.0006
15,608,0.0022
20,608,0.0165
25,608,0.0041
30,608,0.0038
35,608,0.0266
40,608,0.0261
45,608,0.0407
50,608,0.4714
55,608,0.6796
60,608,0.7845
65,608,0.7818
70,608,0.7228
0,610,0.0004
5,610,0.0004
10,610,0.0007
15,610,0.003
20,610,0.0158
25,610,0.0036
30,610,0.004
35,610,0.0305
40,610,0.0232
45,610,0.0452
50,610,0.511
55,610,0.6866
60,610,0.7826
65,610,0.7826
70,610,0.7271
0,612,0.0004
5,612,0.0005
10,612,0.0008
15,612,0.0044
20,612,0.0135
25,612,0.0033
30,612,0.0044
35,612,0.0337
40,612,0.0211
45,612,0.0511
50,612,0.5455
55,612,0.6955
60,612,0.7804
65,612,0.7834
70,612,0.7313
0,614,0.0004
5,614,0.0005
10,614,0.001
15,614,0.0067
20,614,0.0104
25,614,0.003
30,614,0.0049
35,614,0.0356
40,614,0.0195
45,614,0.0586
50,614,0.5738
55,614,0.7062
60,614,0.7783
65,614,0.784
70,614,0.7353
0,616,0.0004
5,616,0.0006
10,616,0.0013
15,616,0.0096
20,616,0.0075
25,616,0.0027
30,616,0.0057
35,616,0.0364
40,616,0.0184
45,616,0.0683
50,616,0.5951
55,616,0.7179
60,616,0.7761
65,616,0.7845
70,616,0.7389
0,618,0.0005
5,618,0.0007
10,618,0.0017
15,618,0.0124
20,618,0.0056
25,618,0.0025
30,618,0.0067
35,618,0.0358
40,618,0.0178
45,618,0.0807
50,618,0.6093
55,618,0.7298
60,618,0.7743
65,618,0.7852
70,618,0.7419
0,620,0.0006
5,620,0.0008
10,620,0.0023
15,620,0.0139
20,620,0.0045
25,620,0.0023
30,620,0.0081
35,620,0.034
40,620,0.0175
45,620,0.0966
50,620,0.6168
55,620,0.7414
60,620,0.7729
65,620,0.7858
70,620,0.7443
0,622,0.0006
5,622,0.001
10,622,0.0035
15,622,0.0136
20,622,0.0038
25,622,0.0022
30,622,0.0101
35,622,0.0313
40,622,0.0175
45,622,0.1171
50,622,0.618
55,622,0.7523
60,622,0.7722
65,622,0.7864
70,622,0.7459
0,624,0.0008
5,624,0.0013
10,624,0.0054
15,624,0.0116
20,624,0.0032
25,624,0.0023
30,624,0.0126
35,624,0.0278
40,624,0.0179
45,624,0.1428
50,624,0.6145
55,624,0.7618
60,624,0.7721
65,624,0.787
70,624,0.7467
0,626,0.001
5,626,0.0018
10,626,0.0083
15,626,0.0089
20,626,0.0026
25,626,0.0023
30,626,0.0157
35,626,0.0242
40,626,0.0186
45,626,0.1743
50,626,0.6086
55,626,0.7694
60,626,0.7727
65,626,0.7877
70,626,0.7472
0,628,0.0012
5,628,0.0026
10,628,0.0114
15,628,0.0067
20,628,0.0022
25,628,0.0025
30,628,0.0191
35,628,0.0208
40,628,0.0196
45,628,0.2117
50,628,0.602
55,628,0.775
60,628,0.7736
65,628,0.7885
70,628,0.7474
0,630,0.0017
5,630,0.004
10,630,0.0132
15,630,0.0051
20,630,0.0019
25,630,0.0027
30,630,0.0224
35,630,0.0179
40,630,0.021
45,630,0.2542
50,630,0.5967
55,630,0.7785
60,630,0.7749
65,630,0.7893
70,630,0.7467
0,632,0.0024
5,632,0.0065
10,632,0.0128
15,632,0.0038
20,632,0.0017
25,632,0.003
30,632,0.0252
35,632,0.0156
40,632,0.0227
45,632,0.3
50,632,0.5944
55,632,0.7796
60,632,0.7772
65,632,0.7903
70,632,0.745
0,634,0.0038
5,634,0.01
10,634,0.0105
15,634,0.0029
20,634,0.0016
25,634,0.0033
30,634,0.027
35,634,0.014
40,634,0.025
45,634,0.3467
50,634,0.5957
55,634,0.7785
60,634,0.7797
65,634,0.7914
70,634,0.7425
0,636,0.0062
5,636,0.0131
10,636,0.0077
15,636,0.0023
20,636,0.0016
25,636,0.0039
30,636,0.0277
35,636,0.0128
40,636,0.0278
45,636,0.3916
50,636,0.601
55,636,0.7754
60,636,0.7826
65,636,0.7927
70,636,0.7396
0,638,0.0101
5,638,0.0134
10,638,0.0053
15,638,0.0019
20,638,0.0016
25,638,0.0046
30,638,0.0273
35,638,0.0119
40,638,0.0314
45,638,0.433
50,638,0.6102
55,638,0.7708
60,638,0.7858
65,638,0.7943
70,638,0.7369
0,640,0.0137
5,640,0.0107
10,640,0.0037
15,640,0.0016
20,640,0.0016
25,640,0.0056
30,640,0.0258
35,640,0.0114
40,640,0.036
45,640,0.4694
50,640,0.6229
55,640,0.765
60,640,0.789
65,640,0.7959
70,640,0.7343
0,642,0.0138
5,642,0.0073
10,642,0.0027
15,642,0.0015
20,642,0.0017
25,642,0.0071
30,642,0.0234
35,642,0.0112
40,642,0.0421
45,642,0.4999
50,642,0.6386
55,642,0.7583
60,642,0.7926
65,642,0.7973
70,642,0.732
0,644,0.0103
5,644,0.0048
10,644,0.0021
15,644,0.0014
20,644,0.0018
25,644,0.009
30,644,0.0206
35,644,0.0111
40,644,0.05
45,644,0.5236
50,644,0.6562
55,644,0.7512
60,644,0.7962
65,644,0.7983
70,644,0.7301
0,646,0.0067
5,646,0.0033
10,646,0.0017
15,646,0.0013
20,646,0.002
25,646,0.0114
30,646,0.0176
35,646,0.0111
40,646,0.0604
45,646,0.5399
50,646,0.6748
55,646,0.7443
60,646,0.7996
65,646,0.7989
70,646,0.7287
0,648,0.0044
5,648,0.0025
10,648,0.0015
15,648,0.0013
20,648,0.0022
25,648,0.0143
30,648,0.015
35,648,0.0112
40,648,0.0739
45,648,0.5487
50,648,0.6937
55,648,0.7378
60,648,0.8035
65,648,0.7991
70,648,0.7278
0,650,0.0031
5,650,0.0019
10,650,0.0013
15,650,0.0012
20,650,0.0025
25,650,0.0173
30,650,0.0129
35,650,0.0115
40,650,0.0916
45,650,0.5506
50,650,0.712
55,650,0.7321
60,650,0.8076
65,650,0.7993
70,650,0.7273
0,652,0.0023
5,652,0.0016
10,652,0.0012
15,652,0.0013
20,652,0.0029
25,652,0.0198
30,652,0.0114
35,652,0.0119
40,652,0.1145
45,652,0.5466
50,652,0.7288
55,652,0.7274
60,652,0.8119
65,652,0.7998
70,652,0.7272
0,654,0.0018
5,654,0.0014
10,654,0.0011
15,654,0.0013
20,654,0.0034
25,654,0.0216
30,654,0.0103
35,654,0.0124
40,654,0.1437
45,654,0.5386
50,654,0.7435
55,654,0.7242
60,654,0.8155
65,654,0.8003
70,654,0.7278
0,656,0.0015
5,656,0.0012
10,656,0.0011
15,656,0.0014
20,656,0.0041
25,656,0.0223
30,656,0.0095
35,656,0.0132
40,656,0.1791
45,656,0.5292
50,656,0.7551
55,656,0.7224
60,656,0.8184
65,656,0.8009
70,656,0.7291
0,658,0.0013
5,658,0.0011
10,658,0.0011
15,658,0.0015
20,658,0.0051
25,658,0.022
30,658,0.009
35,658,0.0143
40,658,0.22
45,658,0.5209
50,658,0.7632
55,658,0.7221
60,658,0.8208
65,658,0.8015
70,658,0.7309
0,660,0.0012
5,660,0.001
10,660,0.0011
15,660,0.0017
20,660,0.0065
25,660,0.0206
30,660,0.0085
35,660,0.0158
40,660,0.2648
45,660,0.5157
50,660,0.7678
55,660,0.7233
60,660,0.8225
65,660,0.8021
70,660,0.7331
0,662,0.0011
5,662,0.001
10,662,0.0011
15,662,0.0019
20,662,0.0085
25,662,0.0184
30,662,0.0082
35,662,0.0176
40,662,0.3107
45,662,0.5148
50,662,0.7686
55,662,0.7261
60,662,0.8237
65,662,0.8025
70,662,0.7358
0,664,0.001
5,664,0.001
10,664,0.0011
15,664,0.0021
20,664,0.0109
25,664,0.016
30,664,0.0079
35,664,0.02
40,664,0.355
45,664,0.5189
50,664,0.766
55,664,0.7306
60,664,0.8249
65,664,0.8029
70,664,0.739
0,666,0.001
5,666,0.001
10,666,0.0012
15,666,0.0025
20,666,0.0137
25,666,0.0137
30,666,0.0077
35,666,0.023
40,666,0.3951
45,666,0.5278
50,666,0.7598
55,666,0.7365
60,666,0.8261
65,666,0.8032
70,666,0.7425
0,668,0.0009
5,668,0.001
10,668,0.0013
15,668,0.003
20,668,0.0163
25,668,0.0118
30,668,0.0076
35,668,0.0268
40,668,0.4295
45,668,0.5415
50,668,0.7511
55,668,0.7433
60,668,0.8272
65,668,0.8036
70,668,0.7462
0,670,0.0009
5,670,0.001
10,670,0.0014
15,670,0.0036
20,670,0.0184
25,670,0.0103
30,670,0.0076
35,670,0.0317
40,670,0.4574
45,670,0.5594
50,670,0.7403
55,670,0.7504
60,670,0.8285
65,670,0.8042
70,670,0.7501
0,672,0.001
5,672,0.0011
10,672,0.0016
15,672,0.0046
20,672,0.0195
25,672,0.0092
30,672,0.0078
35,672,0.0383
40,672,0.4778
45,672,0.5807
50,672,0.728
55,672,0.7578
60,672,0.8299
65,672,0.8048
70,672,0.7541
0,674,0.001
5,674,0.0011
10,674,0.0018
15,674,0.0059
20,674,0.0194
25,674,0.0083
30,674,0.0082
35,674,0.0468
40,674,0.4902
45,674,0.6048
50,674,0.7155
55,674,0.7652
60,674,0.8312
65,674,0.8054
70,674,0.7583
0,676,0.001
5,676,0.0012
10,676,0.0021
15,676,0.0077
20,676,0.0183
25,676,0.0075
30,676,0.0086
35,676,0.0582
40,676,0.4947
45,676,0.6303
50,676,0.7032
55,676,0.7726
60,676,0.8323
65,676,0.806
70,676,0.7627
0,678,0.0011
5,678,0.0014
10,678,0.0025
15,678,0.0101
20,678,0.0165
25,678,0.0068
30,678,0.0092
35,678,0.0732
40,678,0.4921
45,678,0.6562
50,678,0.692
55,678,0.7799
60,678,0.8333
65,678,0.8068
70,678,0.7676
0,680,0.0012
5,680,0.0015
10,680,0.003
15,680,0.0128
20,680,0.0144
25,680,0.0062
30,680,0.01
35,680,0.0931
40,680,0.4836
45,680,0.6813
50,680,0.6826
55,680,0.787
60,680,0.8345
65,680,0.8079
70,680,0.7745
0,682,0.0013
5,682,0.0018
10,682,0.0038
15,682,0.0155
20,682,0.0123
25,682,0.0058
30,682,0.011
35,682,0.1191
40,682,0.4719
45,682,0.7045
50,682,0.6752
55,682,0.7943
60,682,0.8359
65,682,0.8093
70,682,0.7872
0,684,0.0015
5,684,0.0021
10,684,0.0048
15,684,0.0176
20,684,0.0106
25,684,0.0056
30,684,0.0122
35,684,0.1519
40,684,0.4596
45,684,0.7245
50,684,0.6696
55,684,0.8016
60,684,0.837
65,684,0.811
70,684,0.8056
0,686,0.0017
5,686,0.0025
10,686,0.0063
15,686,0.0185
20,686,0.009
25,686,0.0054
30,686,0.0138
35,686,0.1909
40,686,0.4494
45,686,0.7408
50,686,0.6656
55,686,0.8089
60,686,0.8384
65,686,0.8133
70,686,0.8203
0,688,0.002
5,688,0.0031
10,688,0.0084
15,688,0.0181
20,688,0.0078
25,688,0.0054
30,688,0.0158
35,688,0.234
40,688,0.4434
45,688,0.7525
50,688,0.6632
55,688,0.8155
60,688,0.8396
65,688,0.817
70,688,0.8237
0,690,0.0024
5,690,0.0039
10,690,0.011
15,690,0.0167
20,690,0.0067
25,690,0.0054
30,690,0.0183
35,690,0.2782
40,690,0.4428
45,690,0.7591
50,690,0.6624
55,690,0.8215
60,690,0.841
65,690,0.8232
70,690,0.8165
0,692,0.0029
5,692,0.0051
10,692,0.014
15,692,0.0146
20,692,0.0059
25,692,0.0055
30,692,0.0215
35,692,0.321
40,692,0.4475
45,692,0.7611
50,692,0.6633
55,692,0.8269
60,692,0.8426
65,692,0.8351
70,692,0.8039
0,694,0.0037
5,694,0.0067
10,694,0.0166
15,694,0.0124
20,694,0.0054
25,694,0.0057
30,694,0.0256
35,694,0.36
40,694,0.4577
45,694,0.7586
50,694,0.6657
55,694,0.8319
60,694,0.8445
65,694,0.8521
70,694,0.7933
0,696,0.0047
5,696,0.0089
10,696,0.0181
15,696,0.0102
20,696,0.0049
25,696,0.006
30,696,0.031
35,696,0.3925
40,696,0.4732
45,696,0.7521
50,696,0.6699
55,696,0.8365
60,696,0.8468
65,696,0.8671
70,696,0.7869
0,698,0.0062
5,698,0.0118
10,698,0.018
15,698,0.0085
20,698,0.0046
25,698,0.0063
30,698,0.0381
35,698,0.4178
40,698,0.4936
45,698,0.7422
50,698,0.6763
55,698,0.8403
60,698,0.8496
65,698,0.8746
70,698,0.7832
0,700,0.0083
5,700,0.015
10,700,0.0165
15,700,0.0071
20,700,0.0044
25,700,0.0068
30,700,0.0477
35,700,0.4348
40,700,0.5185
45,700,0.7292
50,700,0.6847
55,700,0.8434
60,700,0.8535
65,700,0.8743
70,700,0.7806
0,702,0.0112
5,702,0.0175
10,702,0.014
15,702,0.0061
20,702,0.0043
25,702,0.0073
30,702,0.0606
35,702,0.4431
40,702,0.5471
45,702,0.7135
50,702,0.6947
55,702,0.8461
60,702,0.8602
65,702,0.8676
70,702,0.7787
0,704,0.0146
5,704,0.0183
10,704,0.0115
15,704,0.0053
20,704,0.0042
25,704,0.0081
30,704,0.0779
35,704,0.443
40,704,0.5782
45,704,0.6961
50,704,0.7058
55,704,0.8483
60,704,0.8714
65,704,0.8575
70,704,0.7772
0,706,0.0175
5,706,0.0171
10,706,0.0094
15,706,0.0048
20,706,0.0042
25,706,0.0089
30,706,0.1008
35,706,0.4354
40,706,0.6107
45,706,0.6781
50,706,0.7179
55,706,0.8502
60,706,0.8871
65,706,0.8493
70,706,0.7757
0,708,0.0187
5,708,0.0147
10,708,0.0077
15,708,0.0044
20,708,0.0043
25,708,0.01
30,708,0.1304
35,708,0.4226
40,708,0.6434
45,708,0.6602
50,708,0.7309
55,708,0.852
60,708,0.9016
65,708,0.8451
70,708,0.7745
0,710,0.0176
5,710,0.0119
10,710,0.0064
15,710,0.004
20,710,0.0044
25,710,0.0114
30,710,0.1668
35,710,0.4074
40,710,0.6749
45,710,0.6431
50,710,0.7441
55,710,0.8545
60,710,0.9103
65,710,0.8434
70,710,0.7739
0,712,0.015
5,712,0.0096
10,712,0.0055
15,712,0.0038
20,712,0.0046
25,712,0.0131
30,712,0.2088
35,712,0.3929
40,712,0.7044
45,712,0.6275
50,712,0.7575
55,712,0.8573
60,712,0.9127
65,712,0.8433
70,712,0.7738
0,714,0.0121
5,714,0.0078
10,714,0.0048
15,714,0.0037
20,714,0.0048
25,714,0.0153
30,714,0.2532
35,714,0.3818
40,714,0.7303
45,714,0.6147
50,714,0.7711
55,714,0.8611
60,714,0.9091
65,714,0.844
70,714,0.7741
0,716,0.0097
5,716,0.0064
10,716,0.0043
15,716,0.0036
20,716,0.0051
25,716,0.018
30,716,0.2963
35,716,0.3756
40,716,0.7508
45,716,0.605
50,716,0.7845
55,716,0.8676
60,716,0.9008
65,716,0.8451
70,716,0.7753
0,718,0.0079
5,718,0.0055
10,718,0.0039
15,718,0.0036
20,718,0.0054
25,718,0.0216
30,718,0.3353
35,718,0.3747
40,718,0.7649
45,718,0.5986
50,718,0.7974
55,718,0.8781
60,718,0.8907
65,718,0.8466
70,718,0.7775
0,720,0.0065
5,720,0.0048
10,720,0.0037
15,720,0.0036
20,720,0.0059
25,720,0.0263
30,720,0.3677
35,720,0.3795
40,720,0.7716
45,720,0.5951
50,720,0.8096
55,720,0.8921
60,720,0.8827
65,720,0.8482
70,720,0.7812
0,722,0.0055
5,722,0.0042
10,722,0.0034
15,722,0.0036
20,722,0.0064
25,722,0.0324
30,722,0.3916
35,722,0.39
40,722,0.7709
45,722,0.5945
50,722,0.8211
55,722,0.9055
60,722,0.8779
65,722,0.8501
70,722,0.7868
0,724,0.0048
5,724,0.0038
10,724,0.0033
15,724,0.0037
20,724,0.0071
25,724,0.0407
30,724,0.406
35,724,0.4062
40,724,0.7629
45,724,0.5968
50,724,0.8318
55,724,0.9147
60,724,0.8753
65,724,0.8524
70,724,0.7953
0,726,0.0042
5,726,0.0035
10,726,0.0032
15,726,0.0038
20,726,0.0079
25,726,0.0519
30,726,0.4107
35,726,0.4281
40,726,0.7485
45,726,0.6016
50,726,0.8422
55,726,0.9189
60,726,0.8745
65,726,0.855
70,726,0.8074
0,728,0.0038
5,728,0.0033
10,728,0.0032
15,728,0.004
20,728,0.009
25,728,0.0671
30,728,0.4062
35,728,0.4558
40,728,0.7291
45,728,0.6089
50,728,0.8523
55,728,0.9181
60,728,0.8746
65,728,0.8577
70,728,0.8235
0,730,0.0035
5,730,0.0031
10,730,0.0032
15,730,0.0043
20,730,0.0103
25,730,0.0877
30,730,0.3942
35,730,0.4888
40,730,0.7065
45,730,0.6185
50,730,0.8631
55,730,0.913
60,730,0.8753
65,730,0.8614
70,730,0.8414
0,732,0.0033
5,732,0.003
10,732,0.0032
15,732,0.0046
20,732,0.0119
25,732,0.1151
30,732,0.3776
35,732,0.5265
40,732,0.6826
45,732,0.6305
50,732,0.8755
55,732,0.9051
60,732,0.8764
65,732,0.8659
70,732,0.8573
0,734,0.0031
5,734,0.003
10,734,0.0033
15,734,0.0049
20,734,0.0139
25,734,0.15
30,734,0.3601
35,734,0.5669
40,734,0.6583
45,734,0.6445
50,734,0.8898
55,734,0.897
60,734,0.878
65,734,0.8715
70,734,0.8673
0,736,0.003
5,736,0.0029
10,736,0.0034
15,736,0.0053
20,736,0.0165
25,736,0.1914
30,736,0.3448
35,736,0.6077
40,736,0.6348
45,736,0.6601
50,736,0.9049
55,736,0.8906
60,736,0.8797
65,736,0.879
70,736,0.8699
0,738,0.0029
5,738,0.0029
10,738,0.0035
15,738,0.0059
20,738,0.0199
25,738,0.2366
30,738,0.3339
35,738,0.647
40,738,0.6132
45,738,0.6772
50,738,0.9177
55,738,0.8868
60,738,0.8818
65,738,0.889
70,738,0.8658
0,740,0.0029
5,740,0.003
10,740,0.0037
15,740,0.0065
20,740,0.0242
25,740,0.2813
30,740,0.3284
35,740,0.6828
40,740,0.5941
45,740,0.6957
50,740,0.9255
55,740,0.8851
60,740,0.8844
65,740,0.9012
70,740,0.8581
0,742,0.0029
5,742,0.003
10,742,0.0039
15,742,0.0073
20,742,0.0301
25,742,0.3214
30,742,0.3286
35,742,0.7133
40,742,0.5778
45,742,0.7157
50,742,0.9281
55,742,0.8849
60,742,0.8874
65,742,0.9149
70,742,0.8496
0,744,0.0029
5,744,0.0032
10,744,0.0042
15,744,0.0083
20,744,0.0379
25,744,0.3535
30,744,0.335
35,744,0.7373
40,744,0.5648
45,744,0.737
50,744,0.9259
55,744,0.8852
60,744,0.8908
65,744,0.9287
70,744,0.8422
0,746,0.003
5,746,0.0033
10,746,0.0045
15,746,0.0095
20,746,0.0484
25,746,0.3752
30,746,0.3474
35,746,0.7542
40,746,0.5551
45,746,0.7596
50,746,0.9197
55,746,0.886
60,746,0.8949
65,746,0.9395
70,746,0.8372
0,748,0.0031
5,748,0.0034
10,748,0.0049
15,748,0.011
20,748,0.0629
25,748,0.3856
30,748,0.3652
35,748,0.7636
40,748,0.5487
45,748,0.7845
50,748,0.9104
55,748,0.8874
60,748,0.9002
65,748,0.9459
70,748,0.8342
0,750,0.0032
5,750,0.0037
10,750,0.0054
15,750,0.0129
20,750,0.0827
25,750,0.3847
30,750,0.3876
35,750,0.7656
40,750,0.5456
45,750,0.8115
50,750,0.9001
55,750,0.8889
60,750,0.9067
65,750,0.9472
70,750,0.833
0,752,0.0033
5,752,0.0039
10,752,0.006
15,752,0.0154
20,752,0.1094
25,752,0.374
30,752,0.4141
35,752,0.7599
40,752,0.5457
45,752,0.839
50,752,0.8913
55,752,0.8905
60,752,0.9148
65,752,0.9435
70,752,0.8331
0,754,0.0035
5,754,0.0042
10,754,0.0067
15,754,0.0185
20,754,0.1441
25,754,0.3571
30,754,0.444
35,754,0.7471
40,754,0.5488
45,754,0.8648
50,754,0.8847
55,754,0.8925
60,754,0.9247
65,754,0.9366
70,754,0.834
0,756,0.0038
5,756,0.0046
10,756,0.0076
15,756,0.0226
20,756,0.1861
25,756,0.3384
30,756,0.4774
35,756,0.7284
40,756,0.555
45,756,0.8865
50,756,0.8803
55,756,0.8948
60,756,0.9363
65,756,0.9284
70,756,0.8354
0,758,0.004
5,758,0.0051
10,758,0.0087
15,758,0.028
20,758,0.2328
25,758,0.3217
30,758,0.5142
35,758,0.7051
40,758,0.5645
45,758,0.903
50,758,0.8774
55,758,0.8972
60,758,0.9488
65,758,0.9197
70,758,0.8376
0,760,0.0044
5,760,0.0057
10,760,0.0101
15,760,0.0353
20,760,0.2795
25,760,0.3095
30,760,0.5534
35,760,0.6786
40,760,0.5779
45,760,0.9137
50,760,0.8757
55,760,0.9003
60,760,0.9602
65,760,0.9122
70,760,0.8402
0,762,0.0048
5,762,0.0063
10,762,0.0118
15,762,0.0451
20,762,0.3209
25,762,0.3027
30,762,0.5947
35,762,0.6508
40,762,0.5947
45,762,0.9184
50,762,0.8749
55,762,0.9037
60,762,0.9699
65,762,0.9063
70,762,0.8428
0,764,0.0053
5,764,0.0072
10,764,0.014
15,764,0.0586
20,764,0.3522
25,764,0.3006
30,764,0.6361
35,764,0.6232
40,764,0.6157
45,764,0.9186
50,764,0.8755
55,764,0.9075
60,764,0.9765
65,764,0.9019
70,764,0.8455
0,766,0.0059
5,766,0.0082
10,766,0.0168
15,766,0.0772
20,766,0.3707
25,766,0.3021
30,766,0.6747
35,766,0.5973
40,766,0.6405
45,766,0.9157
50,766,0.8765
55,766,0.9125
60,766,0.9795
65,766,0.8986
70,766,0.8485
0,768,0.0067
5,768,0.0095
10,768,0.0204
15,768,0.1026
20,768,0.3754
25,768,0.3065
30,768,0.7091
35,768,0.574
40,768,0.6686
45,768,0.9111
50,768,0.8778
55,768,0.9184
60,768,0.9788
65,768,0.8967
70,768,0.852
0,770,0.0076
5,770,0.011
10,770,0.0251
15,770,0.1364
20,770,0.3686
25,770,0.3136
30,770,0.7372
35,770,0.5542
40,770,0.6979
45,770,0.9063
50,770,0.8801
55,770,0.9253
60,770,0.9751
65,770,0.8959
70,770,0.8556
0,772,0.0087
5,772,0.013
10,772,0.0314
15,772,0.1792
20,772,0.3537
25,772,0.3239
30,772,0.7569
35,772,0.5382
40,772,0.7271
45,772,0.9014
50,772,0.8831
55,772,0.9333
60,772,0.9695
65,772,0.8957
70,772,0.86
0,774,0.0101
5,774,0.0156
10,774,0.0399
15,774,0.2283
20,774,0.3357
25,774,0.3381
30,774,0.7673
35,774,0.526
40,774,0.7537
45,774,0.8969
50,774,0.8864
55,774,0.9424
60,774,0.9629
65,774,0.8964
70,774,0.8642
0,776,0.0119
5,776,0.0189
10,776,0.0515
15,776,0.2789
20,776,0.3183
25,776,0.3573
30,776,0.7679
35,776,0.5182
40,776,0.7768
45,776,0.8927
50,776,0.8905
55,776,0.9519
60,776,0.9565
65,776,0.8975
70,776,0.8687
0,778,0.0141
5,778,0.0232
10,778,0.0676
15,778,0.3239
20,778,0.3032
25,778,0.3824
30,778,0.7596
35,778,0.5145
40,778,0.7966
45,778,0.8893
50,778,0.8946
55,778,0.9605
60,778,0.9507
65,778,0.8994
70,778,0.8736
0,780,0.0169
5,780,0.0288
10,780,0.09
15,780,0.357
20,780,0.2907
25,780,0.4134
30,780,0.7432
35,780,0.5155
40,780,0.8133
45,780,0.8854
50,780,0.8993
55,780,0.9677
60,780,0.9457
65,780,0.9016
70,780,0.8783
0,782,0.0205
5,782,0.0364
10,782,0.1206
15,782,0.3743
20,782,0.2807
25,782,0.4502
30,782,0.7203
35,782,0.521
40,782,0.8273
45,782,0.8819
50,782,0.905
55,782,0.9728
60,782,0.9422
65,782,0.9043
70,782,0.8827
0,784,0.0253
5,784,0.0468
10,784,0.161
15,784,0.3759
20,784,0.2735
25,784,0.4925
30,784,0.6926
35,784,0.5309
40,784,0.8398
45,784,0.8788
50,784,0.9113
55,784,0.975
60,784,0.9391
65,784,0.9073
70,784,0.8859
0,786,0.0317
5,786,0.0612
10,786,0.2112
15,786,0.3645
20,786,0.2698
25,786,0.539
30,786,0.6628
35,786,0.5444
40,786,0.8511
45,786,0.8762
50,786,0.9177
55,786,0.9748
60,786,0.9373
65,786,0.9112
70,786,0.8875
0,788,0.0403
5,788,0.0811
10,788,0.2668
15,788,0.3452
20,788,0.2699
25,788,0.5874
30,788,0.6328
35,788,0.5598
40,788,0.8619
45,788,0.8743
50,788,0.9246
55,788,0.9726
60,788,0.9365
65,788,0.9156
70,788,0.8879
0,790,0.0519
5,790,0.1086
10,790,0.3196
15,790,0.3225
20,790,0.2743
25,790,0.636
30,790,0.6045
35,790,0.5754
40,790,0.8723
45,790,0.8733
50,790,0.9323
55,790,0.9689
60,790,0.9358
65,790,0.9202
70,790,0.8866
0,792,0.0682
5,792,0.1467
10,792,0.3605
15,792,0.2999
20,792,0.2836
25,792,0.6821
30,792,0.5793
35,792,0.5908
40,792,0.8817
45,792,0.8727
50,792,0.9404
55,792,0.9638
60,792,0.9361
65,792,0.9253
70,792,0.8834
0,794,0.0908
5,794,0.1961
10,794,0.3821
15,794,0.2799
20,794,0.2979
25,794,0.7213
30,794,0.5581
35,794,0.6049
40,794,0.8896
45,794,0.8732
50,794,0.9494
55,794,0.9585
60,794,0.9369
65,794,0.9306
70,794,0.8789
0,796,0.1224
5,796,0.2547
10,796,0.3825
15,796,0.2635
20,796,0.3171
25,796,0.7524
30,796,0.5419
35,796,0.6178
40,796,0.8955
45,796,0.8745
50,796,0.9575
55,796,0.9531
60,796,0.9374
65,796,0.9355
70,796,0.8738
0,798,0.1656
5,798,0.315
10,798,0.3652
15,798,0.2514
20,798,0.342
25,798,0.7737
30,798,0.5306
35,798,0.6314
40,798,0.8998
45,798,0.8769
50,798,0.9654
55,798,0.9486
60,798,0.9392
65,798,0.94
70,798,0.8686
0,800,0.2212
5,800,0.3632
10,800,0.3386
15,800,0.2441
20,800,0.3724
25,800,0.7836
30,800,0.5236
35,800,0.6453
40,800,0.9022
45,800,0.8803
50,800,0.9711
55,800,0.9447
60,800,0.9414
65,800,0.9436
70,800,0.8637
0,802,0.2857
5,802,0.3877
10,802,0.3093
15,802,0.2411
20,802,0.4092
25,802,0.7818
30,802,0.5204
35,802,0.6605
40,802,0.9032
45,802,0.8849
50,802,0.9751
55,802,0.9414
60,802,0.9438
65,802,0.9462
70,802,0.8587
0,804,0.3462
5,804,0.3855
10,804,0.2828
15,804,0.2424
20,804,0.4523
25,804,0.7693
30,804,0.5195
35,804,0.6775
40,804,0.9032
45,804,0.8905
50,804,0.977
55,804,0.9391
60,804,0.9468
65,804,0.9475
70,804,0.8543
0,806,0.3864
5,806,0.3634
10,806,0.2611
15,806,0.2477
20,806,0.5006
25,806,0.748
30,806,0.5192
35,806,0.697
40,806,0.9017
45,806,0.8967
50,806,0.9771
55,806,0.9374
60,806,0.9504
65,806,0.9472
70,806,0.8508
0,808,0.3965
5,808,0.3322
10,808,0.2445
15,808,0.2569
20,808,0.5532
25,808,0.7214
30,808,0.5193
35,808,0.7177
40,808,0.8994
45,808,0.9043
50,808,0.9746
55,808,0.9366
60,808,0.9546
65,808,0.9461
70,808,0.8479
0,810,0.3802
5,810,0.3005
10,810,0.2331
15,810,0.2706
20,810,0.6085
25,810,0.6914
30,810,0.5191
35,810,0.7399
40,810,0.8961
45,810,0.9131
50,810,0.9713
55,810,0.9368
60,810,0.9586
65,810,0.9442
70,810,0.8455
0,812,0.3498
5,812,0.2737
10,812,0.2262
15,812,0.2877
20,812,0.6595
25,812,0.6637
30,812,0.5188
35,812,0.7603
40,812,0.8938
45,812,0.9218
50,812,0.9681
55,812,0.9378
60,812,0.9628
65,812,0.9427
70,812,0.8456
0,814,0.3159
5,814,0.2519
10,814,0.2232
15,814,0.3105
20,814,0.7095
25,814,0.6352
30,814,0.5195
35,814,0.7827
40,814,0.8912
45,814,0.9316
50,814,0.9628
55,814,0.9389
60,814,0.9668
65,814,0.9398
70,814,0.8446
0,816,0.2854
5,816,0.2354
10,816,0.2237
15,816,0.339
20,816,0.7529
25,816,0.6088
30,816,0.5219
35,816,0.8051
40,816,0.8885
45,816,0.9413
50,816,0.9569
55,816,0.9405
60,816,0.9703
65,816,0.9365
70,816,0.8439
0,818,0.2603
5,818,0.2236
10,818,0.228
15,818,0.3737
20,818,0.7849
25,818,0.5857
30,818,0.5267
35,818,0.8263
40,818,0.8857
45,818,0.9505
50,818,0.9516
55,818,0.9427
60,818,0.9735
65,818,0.9333
70,818,0.8439
0,820,0.2409
5,820,0.2163
10,820,0.2359
15,820,0.415
20,820,0.8042
25,820,0.565
30,820,0.5346
35,820,0.8457
40,820,0.8847
45,820,0.9592
50,820,0.9466
55,820,0.9451
60,820,0.976
65,820,0.9304
70,820,0.8441
0,822,0.2268
5,822,0.2128
10,822,0.2474
15,822,0.4633
20,822,0.8104
25,822,0.5463
30,822,0.546
35,822,0.8636
40,822,0.8842
45,822,0.9666
50,822,0.942
55,822,0.9485
60,822,0.9779
65,822,0.9275
70,822,0.8446
0,824,0.2175
5,824,0.2129
10,824,0.2631
15,824,0.5179
20,824,0.8032
25,824,0.5287
30,824,0.5607
35,824,0.8786
40,824,0.8852
45,824,0.9726
50,824,0.9385
55,824,0.952
60,824,0.9791
65,824,0.9253
70,824,0.8457
0,826,0.212
5,826,0.2164
10,826,0.2834
15,826,0.5773
20,826,0.7854
25,826,0.5124
30,826,0.5783
35,826,0.8918
40,826,0.8874
45,826,0.9767
50,826,0.9352
55,826,0.9556
60,826,0.9791
65,826,0.9238
70,826,0.8473
0,828,0.2102
5,828,0.2231
10,828,0.3088
15,828,0.6393
20,828,0.7589
25,828,0.4972
30,828,0.599
35,828,0.9026
40,828,0.891
45,828,0.9796
50,828,0.9333
55,828,0.9603
60,828,0.9792
65,828,0.9226
70,828,0.8495
0,830,0.2117
5,830,0.2335
10,830,0.3398
15,830,0.7
20,830,0.7269
25,830,0.4839
30,830,0.6222
35,830,0.9104
40,830,0.8954
45,830,0.9807
50,830,0.9313
55,830,0.9648
60,830,0.9782
65,830,0.9217
70,830,0.8519
0,832,0.2162
5,832,0.2475
10,832,0.3785
15,832,0.7555
20,832,0.6924
25,832,0.4728
30,832,0.6471
35,832,0.9162
40,832,0.9014
45,832,0.98
50,832,0.9302
55,832,0.9691
60,832,0.9771
65,832,0.921
70,832,0.8546
0,834,0.224
5,834,0.2655
10,834,0.4239
15,834,0.7995
20,834,0.6565
25,834,0.4652
30,834,0.6739
35,834,0.9194
40,834,0.9085
45,834,0.9786
50,834,0.9298
55,834,0.9737
60,834,0.9759
65,834,0.9214
70,834,0.8576
0,836,0.2355
5,836,0.2885
10,836,0.4767
15,836,0.8291
20,836,0.621
25,836,0.461
30,836,0.7018
35,836,0.9202
40,836,0.9158
45,836,0.9762
50,836,0.9304
55,836,0.9777
60,836,0.9746
65,836,0.9216
70,836,0.8609
0,838,0.2505
5,838,0.3169
10,838,0.5363
15,838,0.8426
20,838,0.5873
25,838,0.4597
30,838,0.7305
35,838,0.9197
40,838,0.9234
45,838,0.973
50,838,0.9312
55,838,0.9819
60,838,0.9725
65,838,0.9226
70,838,0.864
0,840,0.2695
5,840,0.3517
10,840,0.6015
15,840,0.8388
20,840,0.5557
25,840,0.4621
30,840,0.7586
35,840,0.9182
40,840,0.9312
45,840,0.9691
50,840,0.932
55,840,0.9847
60,840,0.9707
65,840,0.9226
70,840,0.8676
0,842,0.2939
5,842,0.3931
10,842,0.6706
15,842,0.8199
20,842,0.5264
25,842,0.4678
30,842,0.7869
35,842,0.9153
40,842,0.9388
45,842,0.9651
50,842,0.9335
55,842,0.9872
60,842,0.9695
65,842,0.9231
70,842,0.8704
0,844,0.3236
5,844,0.4429
10,844,0.7356
15,844,0.7894
20,844,0.5005
25,844,0.4766
30,844,0.8134
35,844,0.9121
40,844,0.9458
45,844,0.9613
50,844,0.9359
55,844,0.9889
60,844,0.9688
65,844,0.9237
70,844,0.8744
0,846,0.3598
5,846,0.5007
10,846,0.7935
15,846,0.7499
20,846,0.479
25,846,0.4878
30,846,0.8387
35,846,0.9096
40,846,0.9522
45,846,0.9567
50,846,0.938
55,846,0.9906
60,846,0.9673
65,846,0.925
70,846,0.878
0,848,0.4032
5,848,0.5658
10,848,0.838
15,848,0.7062
20,848,0.461
25,848,0.5023
30,848,0.8618
35,848,0.9071
40,848,0.9575
45,848,0.9533
50,848,0.9405
55,848,0.9905
60,848,0.9663
65,848,0.9268
70,848,0.8825
0,850,0.4542
5,850,0.6355
10,850,0.8623
15,850,0.6612
20,850,0.4465
25,850,0.5194
30,850,0.8807
35,850,0.9041
40,850,0.9614
45,850,0.9499
50,850,0.9447
55,850,0.9898
60,850,0.9657
65,850,0.9271
70,850,0.8859
0,852,0.5149
5,852,0.708
10,852,0.8671
15,852,0.6173
20,852,0.4368
25,852,0.5392
30,852,0.8983
35,852,0.9034
40,852,0.9651
45,852,0.9449
50,852,0.947
55,852,0.9902
60,852,0.9649
65,852,0.9284
70,852,0.8894
0,854,0.582
5,854,0.7754
10,854,0.8506
15,854,0.5765
20,854,0.43
25,854,0.5613
30,854,0.9128
35,854,0.9022
40,854,0.9673
45,854,0.9421
50,854,0.95
55,854,0.9889
60,854,0.9645
65,854,0.9292
70,854,0.8938
0,856,0.654
5,856,0.8314
10,856,0.8198
15,856,0.54
20,856,0.4259
25,856,0.586
30,856,0.924
35,856,0.9037
40,856,0.9703
45,856,0.939
50,856,0.9535
55,856,0.9877
60,856,0.9656
65,856,0.9306
70,856,0.8981
0,858,0.728
5,858,0.8675
10,858,0.7752
15,858,0.5083
20,858,0.4253
25,858,0.6126
30,858,0.9328
35,858,0.9028
40,858,0.9698
45,858,0.936
50,858,0.9565
55,858,0.9865
60,858,0.9643
65,858,0.9328
70,858,0.9006
0,860,0.7949
5,860,0.8812
10,860,0.7273
15,860,0.4813
20,860,0.4277
25,860,0.6424
30,860,0.9393
35,860,0.9048
40,860,0.9725
45,860,0.9323
50,860,0.9599
55,860,0.9857
60,860,0.9664
65,860,0.9334
70,860,0.9044
0,862,0.8493
5,862,0.8703
10,862,0.6759
15,862,0.4591
20,862,0.4326
25,862,0.6719
30,862,0.9414
35,862,0.9065
40,862,0.9717
45,862,0.9309
50,862,0.9633
55,862,0.9828
60,862,0.9656
65,862,0.9355
70,862,0.9074
0,864,0.8816
5,864,0.8419
10,864,0.627
15,864,0.4415
20,864,0.4401
25,864,0.7023
30,864,0.9421
35,864,0.9092
40,864,0.9728
45,864,0.9285
50,864,0.9661
55,864,0.9827
60,864,0.9644
65,864,0.9376
70,864,0.9114
0,866,0.8895
5,866,0.798
10,866,0.5826
15,866,0.4269
20,866,0.4494
25,866,0.734
30,866,0.9398
35,866,0.9109
40,866,0.9726
45,866,0.9272
50,866,0.9683
55,866,0.981
60,866,0.9657
65,866,0.9403
70,866,0.9143
0,868,0.8709
5,868,0.7463
10,868,0.5437
15,868,0.4168
20,868,0.4633
25,868,0.7639
30,868,0.9367
35,868,0.9124
40,868,0.9709
45,868,0.9256
50,868,0.9707
55,868,0.9797
60,868,0.9662
65,868,0.9433
70,868,0.9171
0,870,0.8352
5,870,0.6909
10,870,0.5081
15,870,0.4093
20,870,0.4782
25,870,0.7953
30,870,0.9342
35,870,0.9157
40,870,0.972
45,870,0.9233
50,870,0.9725
55,870,0.9786
60,870,0.9642
65,870,0.9458
70,870,0.9216
0,872,0.7886
5,872,0.64
10,872,0.4792
15,872,0.4042
20,872,0.4963
25,872,0.8257
30,872,0.9286
35,872,0.9191
40,872,0.968
45,872,0.9236
50,872,0.9728
55,872,0.9789
60,872,0.9653
65,872,0.9465
70,872,0.924
0,874,0.7361
5,874,0.5935
10,874,0.4539
15,874,0.4037
20,874,0.5184
25,874,0.8546
30,874,0.9241
35,874,0.9225
40,874,0.9666
45,874,0.9226
50,874,0.9738
55,874,0.9775
60,874,0.9678
65,874,0.948
70,874,0.9241
0,876,0.6771
5,876,0.5486
10,876,0.4352
15,876,0.4032
20,876,0.5395
25,876,0.8765
30,876,0.9191
35,876,0.9254
40,876,0.9651
45,876,0.9253
50,876,0.9761
55,876,0.9778
60,876,0.968
65,876,0.9492
70,876,0.9259
0,878,0.6288
5,878,0.5137
10,878,0.4191
15,878,0.4066
20,878,0.5659
25,878,0.9004
30,878,0.9131
35,878,0.9302
40,878,0.9612
45,878,0.923
50,878,0.975
55,878,0.9765
60,878,0.9667
65,878,0.9549
70,878,0.9244
0,880,0.58
5,880,0.482
10,880,0.4064
15,880,0.4138
20,880,0.5944
25,880,0.9168
30,880,0.9083
35,880,0.9337
40,880,0.9575
45,880,0.9242
50,880,0.9767
55,880,0.9768
60,880,0.9714
65,880,0.9577
70,880,0.9246
0,882,0.5403
5,882,0.4561
10,882,0.3982
15,882,0.422
20,882,0.6239
25,882,0.9319
30,882,0.9066
35,882,0.9368
40,882,0.9523
45,882,0.9279
50,882,0.9767
55,882,0.9751
60,882,0.9694
65,882,0.9628
70,882,0.9236
0,884,0.5048
5,884,0.4352
10,884,0.3917
15,884,0.4333
20,884,0.6539
25,884,0.9445
30,884,0.9011
35,884,0.9399
40,884,0.9479
45,884,0.9277
50,884,0.9756
55,884,0.9724
60,884,0.9728
65,884,0.9639
70,884,0.9219
0,886,0.4773
5,886,0.4174
10,886,0.3895
15,886,0.4485
20,886,0.6849
25,886,0.9551
30,886,0.898
35,886,0.9457
40,886,0.9496
45,886,0.931
50,886,0.9776
55,886,0.9768
60,886,0.9732
65,886,0.964
70,886,0.9212
0,888,0.4507
5,888,0.4038
10,888,0.3892
15,888,0.4643
20,888,0.721
25,888,0.9612
30,888,0.8946
35,888,0.9448
40,888,0.9447
45,888,0.928
50,888,0.9778
55,888,0.9753
60,888,0.9736
65,888,0.9658
70,888,0.9186
0,890,0.4308
5,890,0.3927
10,890,0.3908
15,890,0.48
20,890,0.7549
25,890,0.9644
30,890,0.8944
35,890,0.9529
40,890,0.9422
45,890,0.9274
50,890,0.9784
55,890,0.9791
60,890,0.9763
65,890,0.9674
70,890,0.9145
0,892,0.4142
5,892,0.3875
10,892,0.3962
15,892,0.502
20,892,0.7861
25,892,0.9639
30,892,0.8958
35,892,0.9565
40,892,0.9343
45,892,0.9304
50,892,0.9718
55,892,0.9775
60,892,0.9731
65,892,0.9678
70,892,0.9117
0,894,0.4014
5,894,0.382
10,894,0.4039
15,894,0.5272
20,894,0.8189
25,894,0.9549
30,894,0.8944
35,894,0.9624
40,894,0.9325
45,894,0.9305
50,894,0.9725
55,894,0.9786
60,894,0.9758
65,894,0.9758
70,894,0.9094
0,896,0.3952
5,896,0.3799
10,896,0.412
15,896,0.5562
20,896,0.8511
25,896,0.9521
30,896,0.8892
35,896,0.9651
40,896,0.9273
45,896,0.9365
50,896,0.9744
55,896,0.9711
60,896,0.9785
65,896,0.9782
70,896,0.9087
0,898,0.385
5,898,0.3788
10,898,0.4196
15,898,0.5802
20,898,0.8743
25,898,0.947
30,898,0.892
35,898,0.9638
40,898,0.9244
45,898,0.9363
50,898,0.9781
55,898,0.9813
60,898,0.9802
65,898,0.9789
70,898,0.9075
0,900,0.3819
5,900,0.383
10,900,0.4346
15,900,0.6053
20,900,0.908
25,900,0.9381
30,900,0.9041
35,900,0.9683
40,900,0.9178
45,900,0.9397
50,900,0.9794
55,900,0.9819
60,900,0.9805
65,900,0.9717
70,900,0.9046
