0,250,0
5,250,0
10,250,0
15,250,0
20,250,0
25,250,0
30,250,0
35,250,0
40,250,0
45,250,0
50,250,0
55,250,0
60,250,0
65,250,0
70,250,0
0,252,0
5,252,0
10,252,0
15,252,0
20,252,0
25,252,0
30,252,0
35,252,0
40,252,0
45,252,0
50,252,0
55,252,0
60,252,0
65,252,0
70,252,0
0,254,0
5,254,0
10,254,0
15,254,0
20,254,0
25,254,0
30,254,0
35,254,0
40,254,0
45,254,0
50,254,0
55,254,0
60,254,0
65,254,0
70,254,0
0,256,0
5,256,0
10,256,0
15,256,0
20,256,0
25,256,0
30,256,0
35,256,0
40,256,0
45,256,0
50,256,0
55,256,0
60,256,0
65,256,0
70,256,0
0,258,0
5,258,0
10,258,0
15,258,0
20,258,0
25,258,0
30,258,0
35,258,0
40,258,0
45,258,0
50,258,0
55,258,0
60,258,0
65,258,0
70,258,0
0,260,0
5,260,0
10,260,0
15,260,0
20,260,0
25,260,0
30,260,0
35,260,0
40,260,0
45,260,0
50,260,0
55,260,0
60,260,0
65,260,0
70,260,0
0,262,0
5,262,0
10,262,0
15,262,0
20,262,0
25,262,0
30,262,0
35,262,0
40,262,0
45,262,0
50,262,0
55,262,0
60,262,0
65,262,0
70,262,0
0,264,0
5,264,0
10,264,0
15,264,0
20,264,0
25,264,0
30,264,0
35,264,0
40,264,0
45,264,0
50,264,0
55,264,0
60,264,0
65,264,0
70,264,0
0,266,0
5,266,0
10,266,0
15,266,0
20,266,0
25,266,0
30,266,0
35,266,0
40,266,0
45,266,0
50,266,0
55,266,0
60,266,0
65,266,0
70,266,0
0,268,0
5,268,0
10,268,0
15,268,0
20,268,0
25,268,0
30,268,0
35,268,0
40,268,0
45,268,0
50,268,0
55,268,0
60,268,0
65,268,0
70,268,0
0,270,0
5,270,0
10,270,0
15,270,0
20,270,0
25,270,0
30,270,0
35,270,0
40,270,0
45,270,0
50,270,0
55,270,0
60,270,0
65,270,0
70,270,0
0,272,0
5,272,0
10,272,0
15,272,0
20,272,0
25,272,0
30,272,0
35,272,0
40,272,0
45,272,0
50,272,0
55,272,0
60,272,0
65,272,0
70,272,0
0,274,0
5,274,0
10,274,0
15,274,0
20,274,0
25,274,0
30,274,0
35,274,0
40,274,0
45,274,0
50,274,0
55,274,0
60,274,0
65,274,0
70,274,0
0,276,0
5,276,0
10,276,0
15,276,0
20,276,0
25,276,0
30,276,0
35,276,0
40,276,0
45,276,0
50,276,0
55,276,0
60,276,0
65,276,0
70,276,0
0,278,0
5,278,0
10,278,0
15,278,0
20,278,0
25,278,0
30,278,0
35,278,0
40,278,0
45,278,0
50,278,0
55,278,0
60,278,0
65,278,0
70,278,0
0,280,0
5,280,0
10,280,0
15,280,0
20,280,0
25,280,0
30,280,0
35,280,0
40,280,0
45,280,0
50,280,0
55,280,0
60,280,0
65,280,0
70,280,0
0,282,0
5,282,0
10,282,0
15,282,0
20,282,0
25,282,0
30,282,0
35,282,0
40,282,0
45,282,0
50,282,0
55,282,0
60,282,0
65,282,0
70,282,0
0,284,0
5,284,0
10,284,0
15,284,0
20,284,0
25,284,0
30,284,0
35,284,0
40,284,0
45,284,0
50,284,0
55,284,0
60,284,0
65,284,0
70,284,0
0,286,0
5,286,0
10,286,0
15,286,0
20,286,0
25,286,0
30,286,0
35,286,0
40,286,0
45,286,0
50,286,0
55,286,0
60,286,0
65,286,0
70,286,0
0,288,0
5,288,0
10,288,0
15,288,0
20,288,0
25,288,0
30,288,0
35,288,0
40,288,0
45,288,0
50,288,0
55,288,0
60,288,0
65,288,0
70,288,0
0,290,0
5,290,0
10,290,0
15,290,0
20,290,0
25,290,0
30,290,0
35,290,0
40,290,0
45,290,0
50,290,0
55,290,0
60,290,0
65,290,0
70,290,0
0,292,0
5,292,0
10,292,0
15,292,0
20,292,0
25,292,0
30,292,0
35,292,0
40,292,0
45,292,0
50,292,0
55,292,0
60,292,0
65,292,0
70,292,0
0,294,0
5,294,0
10,294,0
15,294,0
20,294,0
25,294,0
30,294,0
35,294,0
40,294,0
45,294,0
50,294,0
55,294,0
60,294,0
65,294,0
70,294,0
0,296,0
5,296,0
10,296,0
15,296,0
20,296,0
25,296,0
30,296,0
35,296,0
40,296,0
45,296,0
50,296,0
55,296,0
60,296,0
65,296,0
70,296,0
0,298,0
5,298,0
10,298,0
15,298,0
20,298,0
25,298,0
30,298,0
35,298,0
40,298,0
45,298,0
50,298,0
55,298,0
60,298,0
65,298,0
70,298,0
0,300,0
5,300,0
10,300,0
15,300,0
20,300,0
25,300,0
30,300,0
35,300,0
40,300,0
45,300,0
50,300,0
55,300,0
60,300,0
65,300,0
70,300,0
0,302,0
5,302,0
10,302,0
15,302,0
20,302,0
25,302,0
30,302,0
35,302,0
40,302,0
45,302,0
50,302,0
55,302,0
60,302,0
65,302,0
70,302,0
0,304,0
5,304,0
10,304,0
15,304,0
20,304,0
25,304,0
30,304,0
35,304,0
40,304,0
45,304,0
50,304,0
55,304,0
60,304,0
65,304,0
70,304,0
0,306,0
5,306,0
10,306,0
15,306,0
20,306,0
25,306,0
30,306,0
35,306,0
40,306,0
45,306,0
50,306,0
55,306,0
60,306,0
65,306,0
70,306,0
0,308,0
5,308,0
10,308,0
15,308,0
20,308,0
25,308,0
30,308,0
35,308,0
40,308,0
45,308,0
50,308,0
55,308,0
60,308,0
65,308,0
70,308,0
0,310,0
5,310,0
10,310,0
15,310,0
20,310,0
25,310,0
30,310,0
35,310,0
40,310,0
45,310,0
50,310,0
55,310,0
60,310,0
65,310,0
70,310,0
0,312,0
5,312,0
10,312,0
15,312,0
20,312,0
25,312,0
30,312,0
35,312,0
40,312,0
45,312,0
50,312,0
55,312,0
60,312,0
65,312,0
70,312,0
0,314,0
5,314,0
10,314,0
15,314,0
20,314,0
25,314,0
30,314,0
35,314,0
40,314,0
45,314,0
50,314,0
55,314,0
60,314,0
65,314,0
70,314,0
0,316,0
5,316,0
10,316,0
15,316,0
20,316,0
25,316,0
30,316,0
35,316,0
40,316,0
45,316,0
50,316,0
55,316,0
60,316,0
65,316,0
70,316,0
0,318,0
5,318,0
10,318,0
15,318,0
20,318,0
25,318,0
30,318,0
35,318,0
40,318,0
45,318,0
50,318,0
55,318,0
60,318,0
65,318,0
70,318,0
0,320,0.0002
5,320,0.0002
10,320,0.0002
15,320,0.0002
20,320,0.0001
25,320,0.0002
30,320,0.0002
35,320,0.0001
40,320,0.0002
45,320,0.0002
50,320,0.0001
55,320,0.0001
60,320,0.0001
65,320,0.0002
70,320,0.0002
0,322,0.0002
5,322,0.0002
10,322,0.0002
15,322,0.0002
20,322,0.0002
25,322,0.0002
30,322,0.0001
35,322,0.0002
40,322,0.0002
45,322,0.0002
50,322,0.0002
55,322,0.0002
60,322,0.0002
65,322,0.0002
70,322,0.0002
0,324,0.0001
5,324,0.0002
10,324,0.0001
15,324,0.0001
20,324,0.0002
25,324,0.0001
30,324,0.0001
35,324,0.0002
40,324,0.0001
45,324,0.0001
50,324,0.0002
55,324,0.0001
60,324,0.0002
65,324,0.0002
70,324,0.0002
0,326,0.0001
5,326,0.0001
10,326,0.0001
15,326,0.0001
20,326,0.0002
25,326,0.0001
30,326,0.0002
35,326,0.0001
40,326,0.0002
45,326,0.0002
50,326,0.0001
55,326,0.0001
60,326,0.0001
65,326,0.0002
70,326,0.0002
0,328,0.0001
5,328,0.0001
10,328,0.0001
15,328,0.0001
20,328,0.0001
25,328,0.0001
30,328,0.0001
35,328,0.0001
40,328,0.0001
45,328,0.0001
50,328,0.0001
55,328,0.0001
60,328,0.0001
65,328,0.0001
70,328,0.0001
0,330,0.0001
5,330,0.0001
10,330,0.0001
15,330,0.0001
20,330,0.0001
25,330,0.0001
30,330,0.0001
35,330,0.0001
40,330,0.0001
45,330,0.0001
50,330,0.0001
55,330,0.0001
60,330,0.0001
65,330,0.0001
70,330,0.0001
0,332,0.0001
5,332,0.0001
10,332,0.0001
15,332,0.0001
20,332,0.0001
25,332,0.0001
30,332,0.0001
35,332,0.0001
40,332,0.0001
45,332,0.0001
50,332,0.0001
55,332,0.0001
60,332,0.0001
65,332,0.0001
70,332,0.0001
0,334,0.0001
5,334,0.0001
10,334,0.0001
15,334,0.0001
20,334,0.0001
25,334,0.0001
30,334,0.0001
35,334,0.0001
40,334,0.0001
45,334,0.0001
50,334,0.0001
55,334,0.0001
60,334,0.0001
65,334,0.0001
70,334,0.0001
0,336,0.0001
5,336,0.0001
10,336,0.0001
15,336,0.0001
20,336,0.0001
25,336,0.0001
30,336,0.0001
35,336,0.0001
40,336,0.0001
45,336,0.0001
50,336,0.0001
55,336,0.0001
60,336,0.0001
65,336,0.0001
70,336,0.0001
0,338,0.0001
5,338,0.0001
10,338,0.0001
15,338,0.0001
20,338,0.0001
25,338,0.0001
30,338,0.0001
35,338,0.0001
40,338,0.0001
45,338,0.0002
50,338,0.0002
55,338,0.0001
60,338,0.0001
65,338,0.0001
70,338,0.0001
0,340,0.0001
5,340,0.0001
10,340,0.0001
15,340,0.0001
20,340,0.0001
25,340,0.0002
30,340,0.0002
35,340,0.0002
40,340,0.0002
45,340,0.0003
50,340,0.0003
55,340,0.0002
60,340,0.0002
65,340,0.0002
70,340,0.0002
0,342,0.0002
5,342,0.0002
10,342,0.0002
15,342,0.0002
20,342,0.0002
25,342,0.0003
30,342,0.0004
35,342,0.0004
40,342,0.0005
45,342,0.0005
50,342,0.0005
55,342,0.0004
60,342,0.0003
65,342,0.0003
70,342,0.0002
0,344,0.0004
5,344,0.0004
10,344,0.0004
15,344,0.0005
20,344,0.0006
25,344,0.0007
30,344,0.0009
35,344,0.0011
40,344,0.0012
45,344,0.0012
50,344,0.0011
55,344,0.0008
60,344,0.0006
65,344,0.0005
70,344,0.0004
0,346,0.0009
5,346,0.0009
10,346,0.001
15,346,0.0012
20,346,0.0014
25,346,0.0018
30,346,0.0023
35,346,0.0027
40,346,0.0028
45,346,0.0025
50,346,0.0019
55,346,0.0014
60,346,0.0011
65,346,0.001
70,346,0.0008
0,348,0.0022
5,348,0.0023
10,348,0.0026
15,348,0.0031
20,348,0.0038
25,348,0.0046
30,348,0.0054
35,348,0.0059
40,348,0.0057
45,348,0.0045
50,348,0.0032
55,348,0.0024
60,348,0.0021
65,348,0.0018
70,348,0.0015
0,350,0.0056
5,350,0.0058
10,350,0.0066
15,350,0.0077
20,350,0.009
25,350,0.0104
30,350,0.0114
35,350,0.0115
40,350,0.0099
45,350,0.0071
50,350,0.0052
55,350,0.0044
60,350,0.0037
65,350,0.0032
70,350,0.0029
0,352,0.0133
5,352,0.0139
10,352,0.0152
15,352,0.0171
20,352,0.019
25,352,0.0207
30,352,0.0213
35,352,0.0198
40,352,0.015
45,352,0.0108
50,352,0.0089
55,352,0.0076
60,352,0.0064
65,352,0.006
70,352,0.0061
0,354,0.0286
5,354,0.0294
10,354,0.0311
15,354,0.0335
20,354,0.0355
25,354,0.0368
30,354,0.0357
35,354,0.0294
40,354,0.0212
45,354,0.0172
50,354,0.0149
55,354,0.0123
60,354,0.0111
65,354,0.012
70,354,0.0133
0,356,0.0533
5,356,0.054
10,356,0.056
15,356,0.0582
20,356,0.0595
25,356,0.0591
30,356,0.0524
35,356,0.0396
40,356,0.0313
45,356,0.0279
50,356,0.0228
55,356,0.0195
60,356,0.0212
65,356,0.0253
70,356,0.0273
0,358,0.0875
5,358,0.088
10,358,0.0894
15,358,0.0907
20,358,0.0906
25,358,0.0845
30,358,0.0682
35,358,0.0539
40,358,0.0482
45,358,0.0414
50,358,0.0331
55,358,0.0336
60,358,0.0421
65,358,0.0488
70,358,0.0487
0,360,0.1294
5,360,0.1293
10,360,0.1302
15,360,0.1304
20,360,0.1247
25,360,0.1071
30,360,0.087
35,360,0.0778
40,360,0.0699
45,360,0.0559
50,360,0.0513
55,360,0.0625
60,360,0.0772
65,360,0.0815
70,360,0.0791
0,362,0.1783
5,362,0.1781
10,362,0.1776
15,362,0.1717
20,362,0.154
25,362,0.1308
30,362,0.1173
35,362,0.1098
40,362,0.0907
45,362,0.0769
50,362,0.0877
55,362,0.1107
60,362,0.1219
65,362,0.1241
70,362,0.1191
0,364,0.232
5,364,0.2295
10,364,0.2227
15,364,0.2062
20,364,0.1836
25,364,0.1677
30,364,0.16
35,364,0.1406
40,364,0.1154
45,364,0.1176
50,364,0.1496
55,364,0.1701
60,364,0.1752
65,364,0.1776
70,364,0.164
0,366,0.2801
5,366,0.2728
10,366,0.2603
15,366,0.2424
20,366,0.2276
25,366,0.2194
30,366,0.2024
35,366,0.1702
40,366,0.1592
45,366,0.1887
50,366,0.2257
55,366,0.2325
60,366,0.2392
65,366,0.2356
70,366,0.209
0,368,0.3227
5,368,0.3141
10,368,0.3039
15,368,0.2932
20,368,0.2849
25,368,0.2702
30,368,0.2384
35,368,0.2148
40,368,0.2337
45,368,0.2802
50,368,0.2963
55,368,0.3008
60,368,0.3059
65,368,0.29
70,368,0.2475
0,370,0.3736
5,370,0.3671
10,370,0.3609
15,370,0.3529
20,370,0.3394
25,370,0.3124
30,370,0.2838
35,370,0.2869
40,370,0.3316
45,370,0.3632
50,370,0.3639
55,370,0.3721
60,370,0.3658
65,370,0.3359
70,370,0.2694
0,372,0.4328
5,372,0.4262
10,372,0.4193
15,372,0.407
20,372,0.3857
25,372,0.3607
30,372,0.3522
35,372,0.3831
40,372,0.4258
45,372,0.4309
50,372,0.4337
55,372,0.4361
60,372,0.4161
65,372,0.3646
70,372,0.2727
0,374,0.4866
5,374,0.4786
10,374,0.4696
15,374,0.4554
20,374,0.4378
25,374,0.4275
30,374,0.4414
35,374,0.4809
40,374,0.4972
45,374,0.4942
50,374,0.499
55,374,0.489
60,374,0.4517
65,374,0.371
70,374,0.2694
0,376,0.534
5,376,0.5264
10,376,0.5201
15,376,0.5114
20,376,0.5036
25,376,0.508
30,376,0.5323
35,376,0.5574
40,376,0.5546
45,376,0.5555
50,376,0.5525
55,376,0.5306
60,376,0.4642
65,376,0.3683
70,376,0.2641
0,378,0.5858
5,378,0.5809
10,378,0.5792
15,378,0.576
20,378,0.575
25,378,0.5863
30,378,0.6069
35,378,0.6129
40,378,0.607
45,378,0.6081
50,378,0.5941
55,378,0.5542
60,378,0.4614
65,378,0.37
70,378,0.2654
0,380,0.6476
5,380,0.6448
10,380,0.6439
15,380,0.6425
20,380,0.644
25,380,0.6556
30,380,0.6649
35,380,0.661
40,380,0.6575
45,380,0.6524
50,380,0.6254
55,380,0.5575
60,380,0.463
65,380,0.3733
70,380,0.2926
0,382,0.6984
5,382,0.6958
10,382,0.6941
15,382,0.6928
20,382,0.6953
25,382,0.7037
30,382,0.7046
35,382,0.6995
40,382,0.6959
45,382,0.6826
50,382,0.6369
55,382,0.5516
60,382,0.4742
65,382,0.387
70,382,0.333
0,384,0.7366
5,384,0.7339
10,384,0.7326
15,384,0.7329
20,384,0.7358
25,384,0.7403
30,384,0.7368
35,384,0.7327
40,384,0.7249
45,384,0.7017
50,384,0.6336
55,384,0.5552
60,384,0.4892
65,384,0.4183
70,384,0.3708
0,386,0.7659
5,386,0.764
10,386,0.7637
15,386,0.7652
20,386,0.7673
25,386,0.7686
30,386,0.7636
35,386,0.7595
40,386,0.7457
45,386,0.7081
50,386,0.6275
55,386,0.5748
60,386,0.5078
65,386,0.4533
70,386,0.3993
0,388,0.7904
5,388,0.7886
10,388,0.7893
15,388,0.7913
20,388,0.792
25,388,0.7906
30,388,0.7857
35,388,0.7801
40,388,0.7573
45,388,0.704
50,388,0.633
55,388,0.6022
60,388,0.529
65,388,0.4794
70,388,0.4278
0,390,0.8096
5,390,0.8079
10,390,0.8094
15,390,0.8117
20,390,0.811
25,390,0.808
30,390,0.8033
35,390,0.7936
40,390,0.7597
45,390,0.6983
50,390,0.6553
55,390,0.625
60,390,0.546
65,390,0.5023
70,390,0.4622
0,392,0.8252
5,392,0.8243
10,392,0.8268
15,392,0.8286
20,392,0.8258
25,392,0.822
30,392,0.8171
35,392,0.8003
40,392,0.7551
45,392,0.7014
50,392,0.6885
55,392,0.6348
60,392,0.5589
65,392,0.5308
70,392,0.4891
0,394,0.8394
5,394,0.8391
10,394,0.8416
15,394,0.841
20,394,0.8365
25,394,0.8337
30,394,0.8261
35,394,0.8004
40,394,0.7501
45,394,0.7198
50,394,0.7179
55,394,0.6319
60,394,0.5764
65,394,0.5598
70,394,0.49
0,396,0.8529
5,396,0.8521
10,396,0.8527
15,396,0.8499
20,396,0.8452
25,396,0.843
30,396,0.8299
35,396,0.7966
40,396,0.7534
45,396,0.7506
50,396,0.7283
55,396,0.6279
60,396,0.6009
65,396,0.5694
70,396,0.4673
0,398,0.8633
5,398,0.8612
10,398,0.8593
15,398,0.8558
20,398,0.8531
25,398,0.849
30,398,0.8287
35,398,0.7936
40,398,0.7685
45,398,0.7831
50,398,0.716
55,398,0.6339
60,398,0.6188
65,398,0.5516
70,398,0.4445
0,400,0.8687
5,400,0.8654
10,400,0.8633
15,400,0.8617
20,400,0.8596
25,400,0.8508
30,400,0.8258
35,400,0.797
40,400,0.7937
45,400,0.8033
50,400,0.6968
55,400,0.6487
60,400,0.6142
65,400,0.5228
70,400,0.4327
0,402,0.8717
5,402,0.8681
10,402,0.868
15,402,0.8682
20,402,0.8635
25,402,0.8492
30,402,0.8245
35,402,0.8095
40,402,0.8215
45,402,0.8022
50,402,0.687
55,402,0.6585
60,402,0.5885
65,402,0.501
70,402,0.417
0,404,0.8749
5,404,0.8722
10,404,0.8738
15,404,0.8732
20,404,0.8638
25,404,0.8472
30,404,0.8288
35,404,0.8297
40,404,0.843
45,404,0.7828
50,404,0.6892
55,404,0.649
60,404,0.558
65,404,0.482
70,404,0.3676
0,406,0.88
5,406,0.8781
10,406,0.8789
15,406,0.8748
20,406,0.8619
25,406,0.8477
30,406,0.8398
35,406,0.852
40,406,0.8509
45,406,0.759
50,406,0.69
55,406,0.6208
60,406,0.5341
65,406,0.436
70,406,0.2815
0,408,0.8854
5,408,0.8829
10,408,0.8812
15,408,0.8739
20,408,0.861
25,408,0.8532
30,408,0.856
35,408,0.8698
40,408,0.8431
45,408,0.7431
50,408,0.6756
55,408,0.5895
60,408,0.5004
65,408,0.3423
70,408,0.1938
0,410,0.8882
5,410,0.8844
10,410,0.8807
15,410,0.8729
20,410,0.8638
25,410,0.8637
30,410,0.8728
35,410,0.8792
40,410,0.8252
45,410,0.7313
50,410,0.6467
55,410,0.5622
60,410,0.4232
65,410,0.2316
70,410,0.1303
0,412,0.8885
5,412,0.8836
10,412,0.8799
15,412,0.8747
20,412,0.8706
25,412,0.8767
30,412,0.886
35,412,0.8803
40,412,0.8033
45,412,0.7126
50,412,0.6155
55,412,0.5181
60,412,0.3022
65,412,0.1445
70,412,0.0899
0,414,0.8879
5,414,0.8833
10,414,0.8815
15,414,0.8801
20,414,0.8807
25,414,0.8892
30,414,0.8937
35,414,0.8738
40,414,0.7807
45,414,0.6828
50,414,0.5847
55,414,0.4222
60,414,0.1847
65,414,0.0898
70,414,0.0644
0,416,0.8895
5,416,0.8861
10,416,0.8866
15,416,0.8879
20,416,0.8909
25,416,0.8987
30,416,0.8967
35,416,0.8601
40,416,0.7529
45,416,0.6494
50,416,0.53
55,416,0.2849
60,416,0.1067
65,416,0.0584
70,416,0.048
0,418,0.8938
5,418,0.8916
10,418,0.8935
15,418,0.896
20,418,0.8996
25,418,0.9037
30,418,0.8958
35,418,0.8393
40,418,0.7175
45,418,0.617
50,418,0.4196
55,418,0.1651
60,418,0.0636
65,418,0.0405
70,418,0.0371
0,420,0.8997
5,420,0.898
10,420,0.8998
15,420,0.9025
20,420,0.9051
25,420,0.9055
30,420,0.8914
35,420,0.8095
40,420,0.6805
45,420,0.5646
50,420,0.2744
55,420,0.0915
60,420,0.0407
65,420,0.0298
70,420,0.0298
0,422,0.9048
5,422,0.9033
10,422,0.9048
15,422,0.9073
20,422,0.9079
25,422,0.9061
30,422,0.8797
35,422,0.7702
40,422,0.6447
45,422,0.457
50,422,0.1537
55,422,0.0526
60,422,0.0278
65,422,0.0232
70,422,0.0249
0,424,0.9086
5,424,0.9069
10,424,0.9087
15,424,0.9105
20,424,0.909
25,424,0.9047
30,424,0.8573
35,424,0.7259
40,424,0.5892
45,424,0.3025
50,424,0.0813
55,424,0.0322
60,424,0.0202
65,424,0.0189
70,424,0.0217
0,426,0.911
5,426,0.9093
10,426,0.911
15,426,0.9118
20,426,0.9096
25,426,0.8987
30,426,0.8217
35,426,0.6814
40,426,0.4766
45,426,0.1667
50,426,0.0448
55,426,0.0212
60,426,0.0157
65,426,0.0163
70,426,0.02
0,428,0.9127
5,428,0.9111
10,428,0.9124
15,428,0.9124
20,428,0.9087
25,428,0.884
30,428,0.7768
35,428,0.6205
40,428,0.3166
45,428,0.0859
50,428,0.0268
55,428,0.0152
60,428,0.0129
65,428,0.0149
70,428,0.0197
0,430,0.9139
5,430,0.9121
10,430,0.9126
15,430,0.9121
20,430,0.9042
25,430,0.858
30,430,0.725
35,430,0.5058
40,430,0.1747
45,430,0.0458
50,430,0.0174
55,430,0.0116
60,430,0.0113
65,430,0.0145
70,430,0.0205
0,432,0.9144
5,432,0.9125
10,432,0.9124
15,432,0.9103
20,432,0.8933
25,432,0.8197
30,432,0.6528
35,432,0.3399
40,432,0.0888
45,432,0.0262
50,432,0.0122
55,432,0.0094
60,432,0.0105
65,432,0.0149
70,432,0.0225
0,434,0.9138
5,434,0.9112
10,434,0.9107
15,434,0.9048
20,434,0.8735
25,434,0.7631
30,434,0.5256
35,434,0.1858
40,434,0.0455
45,434,0.0162
50,434,0.009
55,434,0.0081
60,434,0.0103
65,434,0.0162
70,434,0.0253
0,436,0.9121
5,436,0.9092
10,436,0.9069
15,436,0.8943
20,436,0.841
25,436,0.6705
30,436,0.3459
35,436,0.0913
40,436,0.0249
45,436,0.0108
50,436,0.0071
55,436,0.0073
60,436,0.0107
65,436,0.0186
70,436,0.0275
0,438,0.9088
5,438,0.9051
10,438,0.8999
15,438,0.8766
20,438,0.7797
25,438,0.517
30,438,0.1874
35,438,0.0459
40,438,0.015
45,438,0.0077
50,438,0.006
55,438,0.0071
60,438,0.0119
65,438,0.0217
70,438,0.0271
0,440,0.904
5,440,0.8983
10,440,0.8877
15,440,0.8396
20,440,0.6607
25,440,0.3262
30,440,0.0921
35,440,0.0248
40,440,0.0097
45,440,0.0059
50,440,0.0054
55,440,0.0073
60,440,0.0139
65,440,0.0243
70,440,0.0233
0,442,0.8956
5,442,0.8864
10,442,0.8607
15,442,0.7506
20,442,0.4732
25,442,0.1708
30,442,0.0457
35,442,0.0145
40,442,0.0067
45,442,0.0047
50,442,0.005
55,442,0.0079
60,442,0.0166
65,442,0.0247
70,442,0.0179
0,444,0.8769
5,444,0.855
10,444,0.7858
15,444,0.5767
20,444,0.273
25,444,0.0821
30,444,0.0242
35,444,0.0092
40,444,0.0051
45,444,0.0041
50,444,0.0051
55,444,0.0092
60,444,0.0196
65,444,0.0219
70,444,0.0133
0,446,0.8194
5,446,0.7639
10,446,0.6187
15,446,0.3542
20,446,0.1338
25,446,0.0402
30,446,0.0139
35,446,0.0063
40,446,0.0041
45,446,0.0039
50,446,0.0056
55,446,0.0114
60,446,0.0214
65,446,0.0174
70,446,0.0101
0,448,0.6792
5,448,0.5793
10,448,0.3936
15,448,0.1834
20,448,0.0651
25,448,0.0217
30,448,0.0088
35,448,0.0047
40,448,0.0035
45,448,0.0038
50,448,0.0064
55,448,0.0142
60,448,0.0206
65,448,0.0132
70,448,0.0081
0,450,0.4596
5,450,0.3515
10,450,0.2068
15,450,0.0888
20,450,0.0333
25,450,0.0128
30,450,0.006
35,450,0.0037
40,450,0.0032
45,450,0.0039
50,450,0.0077
55,450,0.017
60,450,0.0173
65,450,0.0102
70,450,0.0069
0,452,0.2515
5,452,0.1784
10,452,0.0996
15,452,0.0439
20,452,0.0183
25,452,0.0081
30,452,0.0044
35,452,0.0031
40,452,0.003
45,452,0.0043
50,452,0.0097
55,452,0.0185
60,452,0.0135
65,452,0.0082
70,452,0.0063
0,454,0.122
5,454,0.0847
10,454,0.0484
15,454,0.0232
20,454,0.0109
25,454,0.0055
30,454,0.0034
35,454,0.0027
40,454,0.003
45,454,0.0049
50,454,0.0124
55,454,0.0175
60,454,0.0103
65,454,0.007
70,454,0.0061
0,456,0.0586
5,456,0.0412
10,456,0.0249
15,456,0.0131
20,456,0.0069
25,456,0.004
30,456,0.0028
35,456,0.0025
40,456,0.0031
45,456,0.006
50,456,0.0149
55,456,0.0144
60,456,0.0081
65,456,0.0063
70,456,0.0062
0,458,0.03
5,458,0.0217
10,458,0.014
15,458,0.0081
20,458,0.0047
25,458,0.0031
30,458,0.0024
35,458,0.0024
40,458,0.0034
45,458,0.0076
50,458,0.0159
55,458,0.0111
60,458,0.0068
65,458,0.006
70,458,0.0066
0,460,0.0165
5,460,0.0124
10,460,0.0085
15,460,0.0053
20,460,0.0034
25,460,0.0024
30,460,0.0021
35,460,0.0023
40,460,0.0039
45,460,0.0097
50,460,0.0146
55,460,0.0085
60,460,0.0059
65,460,0.006
70,460,0.0073
0,462,0.0097
5,462,0.0075
10,462,0.0054
15,462,0.0036
20,462,0.0025
25,462,0.002
30,462,0.0019
35,462,0.0024
40,462,0.0046
45,462,0.0118
50,462,0.0118
55,462,0.0066
60,462,0.0054
65,462,0.0062
70,462,0.0084
0,464,0.006
5,464,0.0047
10,464,0.0036
15,464,0.0026
20,464,0.0019
25,464,0.0016
30,464,0.0017
35,464,0.0025
40,464,0.0058
45,464,0.0129
50,464,0.0088
55,464,0.0054
60,464,0.0051
65,464,0.0067
70,464,0.0103
0,466,0.0039
5,466,0.0031
10,466,0.0024
15,466,0.0018
20,466,0.0015
25,466,0.0013
30,466,0.0016
35,466,0.0028
40,466,0.0075
45,466,0.0121
50,466,0.0065
55,466,0.0046
60,466,0.0051
65,466,0.0077
70,466,0.0129
0,468,0.0026
5,468,0.0021
10,468,0.0017
15,468,0.0014
20,468,0.0011
25,468,0.0011
30,468,0.0016
35,468,0.0033
40,468,0.0093
45,468,0.0099
50,468,0.005
55,468,0.0041
60,468,0.0054
65,468,0.0093
70,468,0.0162
0,470,0.0018
5,470,0.0015
10,470,0.0013
15,470,0.001
20,470,0.0009
25,470,0.0011
30,470,0.0017
35,470,0.0043
40,470,0.0103
45,470,0.0073
50,470,0.004
55,470,0.0039
60,470,0.0061
65,470,0.0116
70,470,0.0194
0,472,0.0013
5,472,0.0011
10,472,0.001
15,472,0.0008
20,472,0.0008
25,472,0.0011
30,472,0.002
35,472,0.0058
40,472,0.0098
45,472,0.0053
50,472,0.0034
55,472,0.004
60,472,0.0072
65,472,0.0147
70,472,0.0213
0,474,0.001
5,474,0.0009
10,474,0.0008
15,474,0.0007
20,474,0.0008
25,474,0.0012
30,474,0.0026
35,474,0.0074
40,474,0.008
45,474,0.004
50,474,0.0031
55,474,0.0043
60,474,0.0089
65,474,0.018
70,474,0.021
0,476,0.0008
5,476,0.0007
10,476,0.0007
15,476,0.0007
20,476,0.0008
25,476,0.0014
30,476,0.0035
35,476,0.0084
40,476,0.0058
45,476,0.0031
50,476,0.003
55,476,0.0049
60,476,0.0113
65,476,0.0203
70,476,0.0189
0,478,0.0007
5,478,0.0006
10,478,0.0006
15,478,0.0006
20,478,0.0009
25,478,0.0017
30,478,0.0047
35,478,0.008
40,478,0.0041
45,478,0.0026
50,478,0.003
55,478,0.0057
60,478,0.0141
65,478,0.0206
70,478,0.0163
0,480,0.0006
5,480,0.0005
10,480,0.0005
15,480,0.0006
20,480,0.001
25,480,0.0022
30,480,0.0061
35,480,0.0064
40,480,0.003
45,480,0.0023
50,480,0.0032
55,480,0.007
60,480,0.0166
65,480,0.0189
70,480,0.0139
0,482,0.0006
5,482,0.0006
10,482,0.0006
15,482,0.0008
20,482,0.0013
25,482,0.0032
30,482,0.0069
35,482,0.0047
40,482,0.0024
45,482,0.0022
50,482,0.0037
55,482,0.0089
60,482,0.018
65,482,0.0162
70,482,0.0123
0,484,0.0008
5,484,0.0008
10,484,0.0008
15,484,0.0011
20,484,0.0019
25,484,0.0046
30,484,0.0066
35,484,0.0034
40,484,0.0022
45,484,0.0024
50,484,0.0046
55,484,0.0113
60,484,0.0176
65,484,0.0138
70,484,0.0115
0,486,0.0009
5,486,0.0009
10,486,0.001
15,486,0.0014
20,486,0.0027
25,486,0.0059
30,486,0.0054
35,486,0.0027
40,486,0.002
45,486,0.0026
50,486,0.0058
55,486,0.0138
60,486,0.0159
65,486,0.0122
70,486,0.0115
0,488,0.001
5,488,0.001
10,488,0.0012
15,488,0.0019
20,488,0.0038
25,488,0.0065
30,488,0.0041
35,488,0.0022
40,488,0.002
45,488,0.003
50,488,0.0075
55,488,0.0155
60,488,0.0139
65,488,0.0113
70,488,0.0122
0,490,0.0012
5,490,0.0013
10,490,0.0016
15,490,0.0026
20,490,0.0052
25,490,0.0059
30,490,0.0031
35,490,0.002
40,490,0.0021
45,490,0.0037
50,490,0.0097
55,490,0.0158
60,490,0.0122
65,490,0.0111
70,490,0.0137
0,492,0.0015
5,492,0.0016
10,492,0.0021
15,492,0.0037
20,492,0.0062
25,492,0.0047
30,492,0.0025
35,492,0.002
40,492,0.0024
45,492,0.0046
50,492,0.0122
55,492,0.0147
60,492,0.0111
65,492,0.0116
70,492,0.0164
0,494,0.0019
5,494,0.0021
10,494,0.003
15,494,0.0051
20,494,0.0062
25,494,0.0036
30,494,0.0022
35,494,0.002
40,494,0.0027
45,494,0.0061
50,494,0.0142
55,494,0.0131
60,494,0.0106
65,494,0.0128
70,494,0.0209
0,496,0.0026
5,496,0.0029
10,496,0.0043
15,496,0.0062
20,496,0.0051
25,496,0.0028
30,496,0.002
35,496,0.0021
40,496,0.0033
45,496,0.008
50,496,0.0148
55,496,0.0115
60,496,0.0106
65,496,0.015
70,496,0.0281
0,498,0.0036
5,498,0.0041
10,498,0.0056
15,498,0.0061
20,498,0.0039
25,498,0.0024
30,498,0.002
35,498,0.0023
40,498,0.0041
45,498,0.0103
50,498,0.0139
55,498,0.0104
60,498,0.0111
65,498,0.0183
70,498,0.0397
0,500,0.0049
5,500,0.0053
10,500,0.0061
15,500,0.0049
20,500,0.0029
25,500,0.0021
30,500,0.0019
35,500,0.0025
40,500,0.0051
45,500,0.0124
50,500,0.0123
55,500,0.0097
60,500,0.0122
65,500,0.0234
70,500,0.0579
0,502,0.006
5,502,0.0059
10,502,0.0054
15,502,0.0036
20,502,0.0023
25,502,0.0018
30,502,0.0019
35,502,0.0028
40,502,0.0065
45,502,0.0134
50,502,0.0105
55,502,0.0093
60,502,0.0139
65,502,0.0313
70,502,0.0847
0,504,0.006
5,504,0.0052
10,504,0.004
15,504,0.0026
20,504,0.0018
25,504,0.0016
30,504,0.0019
35,504,0.0032
40,504,0.0083
45,504,0.0129
50,504,0.0091
55,504,0.0093
60,504,0.0167
65,504,0.044
70,504,0.119
0,506,0.0047
5,506,0.0038
10,506,0.0028
15,506,0.0019
20,506,0.0015
25,506,0.0014
30,506,0.0019
35,506,0.0039
40,506,0.0102
45,506,0.0113
50,506,0.0081
55,506,0.0098
60,506,0.0211
65,506,0.0632
70,506,0.1517
0,508,0.0033
5,508,0.0026
10,508,0.0019
15,508,0.0015
20,508,0.0012
25,508,0.0013
30,508,0.002
35,508,0.0049
40,508,0.0112
45,508,0.0094
50,508,0.0075
55,508,0.0107
60,508,0.0279
65,508,0.0887
70,508,0.171
0,510,0.0022
5,510,0.0018
10,510,0.0014
15,510,0.0011
20,510,0.0011
25,510,0.0013
30,510,0.0023
35,510,0.0064
40,510,0.0111
45,510,0.0078
50,510,0.0073
55,510,0.0124
60,510,0.0387
65,510,0.1155
70,510,0.1751
0,512,0.0016
5,512,0.0013
10,512,0.0011
15,512,0.0009
20,512,0.001
25,512,0.0013
30,512,0.0028
35,512,0.008
40,512,0.0098
45,512,0.0066
50,512,0.0074
55,512,0.0152
60,512,0.0543
65,512,0.1343
70,512,0.1728
0,514,0.0011
5,514,0.001
10,514,0.0008
15,514,0.0008
20,514,0.0009
25,514,0.0015
30,514,0.0037
35,514,0.0092
40,514,0.0081
45,514,0.0059
50,514,0.008
55,514,0.0198
60,514,0.0741
65,514,0.1386
70,514,0.1751
0,516,0.0009
5,516,0.0008
10,516,0.0007
15,516,0.0008
20,516,0.001
25,516,0.0019
30,516,0.005
35,516,0.0095
40,516,0.0065
45,516,0.0055
50,516,0.0091
55,516,0.0269
60,516,0.0926
65,516,0.1318
70,516,0.1906
0,518,0.0007
5,518,0.0007
10,518,0.0007
15,518,0.0008
20,518,0.0011
25,518,0.0024
30,518,0.0065
35,518,0.0085
40,518,0.0054
45,518,0.0054
50,518,0.0109
55,518,0.0374
60,518,0.1017
65,518,0.123
70,518,0.2268
0,520,0.0007
5,520,0.0006
10,520,0.0006
15,520,0.0008
20,520,0.0014
25,520,0.0032
30,520,0.0077
35,520,0.0071
40,520,0.0047
45,520,0.0056
50,520,0.0138
55,520,0.0507
60,520,0.099
65,520,0.1188
70,520,0.2876
0,522,0.0006
5,522,0.0006
10,522,0.0007
15,522,0.001
20,522,0.0017
25,522,0.0044
30,522,0.0081
35,522,0.0057
40,522,0.0043
45,522,0.0062
50,522,0.0184
55,522,0.0634
60,522,0.0889
65,522,0.1229
70,522,0.354
0,524,0.0007
5,524,0.0006
10,524,0.0008
15,524,0.0012
20,524,0.0023
25,524,0.0058
30,524,0.0074
35,524,0.0046
40,524,0.0042
45,524,0.0071
50,524,0.0253
55,524,0.0701
60,524,0.0784
65,524,0.1382
70,524,0.375
0,526,0.0007
5,526,0.0007
10,526,0.0009
15,526,0.0015
20,526,0.0033
25,526,0.0069
30,526,0.0062
35,526,0.0039
40,526,0.0042
45,526,0.0087
50,526,0.0346
55,526,0.0678
60,526,0.0714
65,526,0.1674
70,526,0.3209
0,528,0.0008
5,528,0.0009
10,528,0.0012
15,528,0.0021
20,528,0.0045
25,528,0.0071
30,528,0.0049
35,528,0.0035
40,528,0.0046
45,528,0.0111
50,528,0.0438
55,528,0.0592
60,528,0.0692
65,528,0.2068
70,528,0.2257
0,530,0.001
5,530,0.0011
10,530,0.0015
15,530,0.0028
20,530,0.0057
25,530,0.0064
30,530,0.004
35,530,0.0033
40,530,0.0051
45,530,0.015
50,530,0.049
55,530,0.0495
60,530,0.0723
65,530,0.2385
70,530,0.1396
0,532,0.0013
5,532,0.0014
10,532,0.0021
15,532,0.0039
20,532,0.0064
25,532,0.0052
30,532,0.0033
35,532,0.0033
40,532,0.006
45,532,0.0206
50,532,0.0476
55,532,0.042
60,532,0.0815
65,532,0.2395
70,532,0.0844
0,534,0.0017
5,534,0.0019
10,534,0.0029
15,534,0.0052
20,534,0.0063
25,534,0.0041
30,534,0.0029
35,534,0.0035
40,534,0.0075
45,534,0.0273
50,534,0.0411
55,534,0.0374
60,534,0.0984
65,534,0.2056
70,534,0.0538
0,536,0.0023
5,536,0.0027
10,536,0.0041
15,536,0.006
20,536,0.0053
25,536,0.0033
30,536,0.0027
35,536,0.0039
40,536,0.0098
45,536,0.0327
50,536,0.0331
55,536,0.0354
60,536,0.1219
65,536,0.1525
70,536,0.0368
0,538,0.0032
5,538,0.0037
10,538,0.0052
15,538,0.006
20,538,0.0042
25,538,0.0028
30,538,0.0027
35,538,0.0045
40,538,0.0134
45,538,0.034
50,538,0.0266
55,538,0.036
60,538,0.144
65,538,0.1018
70,538,0.0271
0,540,0.0044
5,540,0.0049
10,540,0.0058
15,540,0.0051
20,540,0.0033
25,540,0.0025
30,540,0.0028
35,540,0.0054
40,540,0.0181
45,540,0.0306
50,540,0.0222
55,540,0.0391
60,540,0.1526
65,540,0.0656
70,540,0.0211
0,542,0.0056
5,542,0.0056
10,542,0.0055
15,542,0.004
20,542,0.0027
25,542,0.0023
30,542,0.003
35,542,0.0069
40,542,0.0227
45,542,0.0246
50,542,0.0196
55,542,0.0456
60,542,0.1422
65,542,0.0436
70,542,0.0173
0,544,0.0061
5,544,0.0055
10,544,0.0046
15,544,0.0032
20,544,0.0023
25,544,0.0022
30,544,0.0035
35,544,0.0092
40,544,0.0248
45,544,0.0189
50,544,0.0184
55,544,0.0564
60,544,0.1169
65,544,0.0307
70,544,0.0148
0,546,0.0055
5,546,0.0046
10,546,0.0035
15,546,0.0025
20,546,0.0021
25,546,0.0023
30,546,0.0042
35,546,0.0126
40,546,0.0231
45,546,0.0147
50,546,0.0183
55,546,0.0711
60,546,0.0857
65,546,0.023
70,546,0.0132
0,548,0.0044
5,548,0.0036
10,548,0.0028
15,548,0.0022
20,548,0.002
25,548,0.0025
30,548,0.0053
35,548,0.0163
40,548,0.0188
45,548,0.012
50,548,0.0193
55,548,0.0855
60,548,0.0584
65,548,0.0182
70,548,0.0122
0,550,0.0034
5,550,0.0028
10,550,0.0023
15,550,0.0019
20,550,0.0019
25,550,0.0029
30,550,0.007
35,550,0.0187
40,550,0.0141
45,550,0.0103
50,550,0.0218
55,550,0.0932
60,550,0.0394
65,550,0.0151
70,550,0.0117
0,552,0.0027
5,552,0.0022
10,552,0.0019
15,552,0.0018
20,552,0.0021
25,552,0.0036
30,552,0.0094
35,552,0.0182
40,552,0.0105
45,552,0.0094
50,552,0.0261
55,552,0.0906
60,552,0.0277
65,552,0.013
70,552,0.0115
0,554,0.0022
5,554,0.0019
10,554,0.0017
15,554,0.0018
20,554,0.0023
25,554,0.0046
30,554,0.0123
35,554,0.015
40,554,0.0081
45,554,0.009
50,554,0.033
55,554,0.0788
60,554,0.0205
65,554,0.0117
70,554,0.0118
0,556,0.0019
5,556,0.0017
10,556,0.0017
15,556,0.0018
20,556,0.0027
25,556,0.0061
30,556,0.0145
35,556,0.0111
40,556,0.0066
45,556,0.0091
50,556,0.0426
55,556,0.0618
60,556,0.016
65,556,0.0108
70,556,0.0123
0,558,0.0017
5,558,0.0016
10,558,0.0016
15,558,0.002
20,558,0.0033
25,558,0.0082
30,558,0.0145
35,558,0.008
40,558,0.0057
45,558,0.0097
50,558,0.0528
55,558,0.0444
60,558,0.0131
65,558,0.0103
70,558,0.0134
0,560,0.0017
5,560,0.0016
10,560,0.0017
15,560,0.0023
20,560,0.0044
25,560,0.0106
30,560,0.0121
35,560,0.006
40,560,0.0051
45,560,0.0108
50,560,0.0599
55,560,0.0309
60,560,0.0112
65,560,0.0102
70,560,0.015
0,562,0.0017
5,562,0.0017
10,562,0.002
15,562,0.0029
20,562,0.006
25,562,0.0123
30,562,0.009
35,562,0.0047
40,562,0.0049
45,562,0.0129
50,562,0.0609
55,562,0.0219
60,562,0.0099
65,562,0.0104
70,562,0.0175
0,564,0.0018
5,564,0.0018
10,564,0.0023
15,564,0.0038
20,564,0.0081
25,564,0.0119
30,564,0.0063
35,564,0.0038
40,564,0.0048
45,564,0.0162
50,564,0.0557
55,564,0.0162
60,564,0.0091
65,564,0.0109
70,564,0.0211
0,566,0.002
5,566,0.0021
10,566,0.0028
15,566,0.0051
20,566,0.0101
25,566,0.0095
30,566,0.0045
35,566,0.0033
40,566,0.005
45,566,0.0212
50,566,0.0461
55,566,0.0126
60,566,0.0086
65,566,0.0117
70,566,0.0265
0,568,0.0024
5,568,0.0025
10,568,0.0037
15,568,0.0071
20,568,0.0108
25,568,0.0068
30,568,0.0034
35,568,0.003
40,568,0.0054
45,568,0.028
50,568,0.0347
55,568,0.0103
60,568,0.0083
65,568,0.0129
70,568,0.0346
0,570,0.0029
5,570,0.0033
10,570,0.0051
15,570,0.0091
20,570,0.0095
25,570,0.0046
30,570,0.0027
35,570,0.0028
40,570,0.0061
45,570,0.0352
50,570,0.0247
55,570,0.0088
60,570,0.0083
65,570,0.0147
70,570,0.0466
0,572,0.0039
5,572,0.0045
10,572,0.0071
15,572,0.01
20,572,0.007
25,572,0.0033
30,572,0.0023
35,572,0.0027
40,572,0.0072
45,572,0.04
50,572,0.0175
55,572,0.0077
60,572,0.0085
65,572,0.0173
70,572,0.063
0,574,0.0054
5,574,0.0064
10,574,0.0091
15,574,0.0089
20,574,0.0047
25,574,0.0025
30,574,0.002
35,574,0.0028
40,574,0.009
45,574,0.0407
50,574,0.0129
55,574,0.007
60,574,0.0089
65,574,0.021
70,574,0.0813
0,576,0.0076
5,576,0.0084
10,576,0.0095
15,576,0.0065
20,576,0.0032
25,576,0.0019
30,576,0.0018
35,576,0.0029
40,576,0.0119
45,576,0.0374
50,576,0.01
55,576,0.0066
60,576,0.0096
65,576,0.0264
70,576,0.095
0,578,0.0095
5,578,0.0093
10,578,0.0078
15,578,0.0043
20,578,0.0023
25,578,0.0016
30,578,0.0017
35,578,0.0032
40,578,0.0163
45,578,0.0311
50,578,0.0081
55,578,0.0063
60,578,0.0107
65,578,0.0339
70,578,0.0979
0,580,0.0096
5,580,0.0079
10,580,0.0054
15,580,0.0029
20,580,0.0017
25,580,0.0014
30,580,0.0016
35,580,0.0036
40,580,0.0217
45,580,0.0236
50,580,0.0068
55,580,0.0063
60,580,0.0122
65,580,0.0438
70,580,0.0898
0,582,0.0074
5,582,0.0055
10,582,0.0035
15,582,0.002
20,582,0.0014
25,582,0.0012
30,582,0.0016
35,582,0.0043
40,582,0.0267
45,582,0.0169
50,582,0.006
55,582,0.0064
60,582,0.0144
65,582,0.0552
70,582,0.0751
0,584,0.0049
5,584,0.0036
10,584,0.0024
15,584,0.0015
20,584,0.0012
25,584,0.0011
30,584,0.0017
35,584,0.0054
40,584,0.0294
45,584,0.0121
50,584,0.0054
55,584,0.0066
60,584,0.0174
65,584,0.0656
70,584,0.0593
0,586,0.0032
5,586,0.0024
10,586,0.0017
15,586,0.0012
20,586,0.001
25,586,0.0011
30,586,0.0018
35,586,0.0071
40,586,0.0289
45,586,0.009
50,586,0.0051
55,586,0.0071
60,586,0.0215
65,586,0.0719
70,586,0.046
0,588,0.0022
5,588,0.0017
10,588,0.0013
15,588,0.001
20,588,0.0009
25,588,0.0011
30,588,0.002
35,588,0.0098
40,588,0.0256
45,588,0.0071
50,588,0.0048
55,588,0.0078
60,588,0.027
65,588,0.0722
70,588,0.0363
0,590,0.0016
5,590,0.0012
10,590,0.001
15,590,0.0008
20,590,0.0008
25,590,0.0011
30,590,0.0023
35,590,0.0137
40,590,0.0204
45,590,0.0058
50,590,0.0048
55,590,0.0087
60,590,0.0341
65,590,0.0669
70,590,0.0294
0,592,0.0012
5,592,0.001
10,592,0.0008
15,592,0.0007
20,592,0.0008
25,592,0.0011
30,592,0.0028
35,592,0.0181
40,592,0.015
45,592,0.0049
50,592,0.0048
55,592,0.01
60,592,0.0422
65,592,0.058
70,592,0.0247
0,594,0.0009
5,594,0.0008
10,594,0.0007
15,594,0.0007
20,594,0.0008
25,594,0.0012
30,594,0.0035
35,594,0.0216
40,594,0.0107
45,594,0.0044
50,594,0.0051
55,594,0.0117
60,594,0.0499
65,594,0.048
70,594,0.0213
0,596,0.0008
5,596,0.0007
10,596,0.0006
15,596,0.0006
20,596,0.0008
25,596,0.0013
30,596,0.0047
35,596,0.0227
40,596,0.0078
45,596,0.004
50,596,0.0054
55,596,0.0141
60,596,0.0552
65,596,0.0391
70,596,0.019
0,598,0.0007
5,598,0.0006
10,598,0.0006
15,598,0.0006
20,598,0.0008
25,598,0.0015
30,598,0.0065
35,598,0.0213
40,598,0.006
45,598,0.0038
50,598,0.0058
55,598,0.0173
60,598,0.0569
65,598,0.032
70,598,0.0174
0,600,0.0006
5,600,0.0005
10,600,0.0005
15,600,0.0006
20,600,0.0008
25,600,0.0018
30,600,0.0094
35,600,0.0178
40,600,0.0048
45,600,0.0038
50,600,0.0062
55,600,0.0218
60,600,0.0546
65,600,0.0267
70,600,0.0164
0,602,0.0005
5,602,0.0005
10,602,0.0005
15,602,0.0006
20,602,0.0009
25,602,0.0022
30,602,0.013
35,602,0.0134
40,602,0.0041
45,602,0.0038
50,602,0.007
55,602,0.0273
60,602,0.0493
65,602,0.0229
70,602,0.0157
0,604,0.0005
5,604,0.0005
10,604,0.0005
15,604,0.0006
20,604,0.001
25,604,0.0028
30,604,0.0164
35,604,0.0095
40,604,0.0037
45,604,0.0038
50,604,0.008
55,604,0.0336
60,604,0.0424
65,604,0.0201
70,604,0.0154
0,606,0.0005
5,606,0.0004
10,606,0.0005
15,606,0.0006
20,606,0.0011
25,606,0.0039
30,606,0.0181
35,606,0.0069
40,606,0.0034
45,606,0.0038
50,606,0.0095
55,606,0.0394
60,606,0.0355
65,606,0.0182
70,606,0.0154
0,608,0.0004
5,608,0.0004
10,608,0.0005
15,608,0.0007
20,608,0.0013
25,608,0.0055
30,608,0.0175
35,608,0.0052
40,608,0.0033
45,608,0.0039
50,608,0.0115
55,608,0.0436
60,608,0.0295
65,608,0.0168
70,608,0.0157
0,610,0.0004
5,610,0.0004
10,610,0.0005
15,610,0.0007
20,610,0.0016
25,610,0.0081
30,610,0.0149
35,610,0.0043
40,610,0.0032
45,610,0.0042
50,610,0.0143
55,610,0.0452
60,610,0.0248
65,610,0.0158
70,610,0.0162
0,612,0.0005
5,612,0.0005
10,612,0.0006
15,612,0.0009
20,612,0.0021
25,612,0.0114
30,612,0.0113
35,612,0.0037
40,612,0.003
45,612,0.0045
50,612,0.018
55,612,0.044
60,612,0.0213
65,612,0.0153
70,612,0.0171
0,614,0.0005
5,614,0.0005
10,614,0.0006
15,614,0.001
20,614,0.0028
25,614,0.0143
30,614,0.0081
35,614,0.0034
40,614,0.0029
45,614,0.0051
50,614,0.0226
55,614,0.0404
60,614,0.0186
65,614,0.015
70,614,0.0183
0,616,0.0005
5,616,0.0005
10,616,0.0007
15,616,0.0012
20,616,0.004
25,616,0.0155
30,616,0.006
35,616,0.0032
40,616,0.0028
45,616,0.0058
50,616,0.0278
55,616,0.0353
60,616,0.0167
65,616,0.015
70,616,0.02
0,618,0.0005
5,618,0.0006
10,618,0.0008
15,618,0.0016
20,618,0.006
25,618,0.0144
30,618,0.0048
35,618,0.0028
40,618,0.0029
45,618,0.0068
50,618,0.0325
55,618,0.03
60,618,0.0154
65,618,0.0152
70,618,0.0221
0,620,0.0006
5,620,0.0007
10,620,0.0009
15,620,0.0021
20,620,0.0089
25,620,0.0117
30,620,0.0041
35,620,0.0025
40,620,0.003
45,620,0.0082
50,620,0.036
55,620,0.0251
60,620,0.0144
65,620,0.0158
70,620,0.0248
0,622,0.0007
5,622,0.0008
10,622,0.0012
15,622,0.0029
20,622,0.012
25,622,0.0087
30,622,0.0036
35,622,0.0023
40,622,0.0032
45,622,0.0102
50,622,0.0374
55,622,0.0212
60,622,0.0138
65,622,0.0165
70,622,0.0285
0,624,0.0008
5,624,0.0009
10,624,0.0015
15,624,0.0042
20,624,0.0138
25,624,0.0065
30,624,0.003
35,624,0.0022
40,624,0.0035
45,624,0.0128
50,624,0.0365
55,624,0.0182
60,624,0.0134
65,624,0.0177
70,624,0.0334
0,626,0.001
5,626,0.0011
10,626,0.002
15,626,0.0065
20,626,0.0133
25,626,0.0052
30,626,0.0025
35,626,0.0022
40,626,0.004
45,626,0.0162
50,626,0.0337
55,626,0.0159
60,626,0.0133
65,626,0.0192
70,626,0.0395
0,628,0.0012
5,628,0.0014
10,628,0.0028
15,628,0.0095
20,628,0.0112
25,628,0.0042
30,628,0.0022
35,628,0.0022
40,628,0.0046
45,628,0.0203
50,628,0.0296
55,628,0.0143
60,628,0.0134
65,628,0.0213
70,628,0.0471
0,630,0.0016
5,630,0.002
10,630,0.0042
15,630,0.0123
20,630,0.0086
25,630,0.0033
30,630,0.0019
35,630,0.0023
40,630,0.0054
45,630,0.0246
50,630,0.0253
55,630,0.0131
60,630,0.0138
65,630,0.0239
70,630,0.0573
0,632,0.0021
5,632,0.0028
10,632,0.0066
15,632,0.0133
20,632,0.0065
25,632,0.0026
30,632,0.0018
35,632,0.0024
40,632,0.0065
45,632,0.0283
50,632,0.0212
55,632,0.0122
60,632,0.0144
65,632,0.0269
70,632,0.0712
0,634,0.0031
5,634,0.0043
10,634,0.0099
15,634,0.0119
20,634,0.0049
25,634,0.0022
30,634,0.0017
35,634,0.0026
40,634,0.0081
45,634,0.0307
50,634,0.0179
55,634,0.0117
60,634,0.0154
65,634,0.0306
70,634,0.09
0,636,0.0046
5,636,0.0067
10,636,0.0127
15,636,0.0093
20,636,0.0036
25,636,0.0019
30,636,0.0017
35,636,0.0029
40,636,0.0102
45,636,0.0311
50,636,0.0154
55,636,0.0114
60,636,0.0166
65,636,0.0354
70,636,0.1153
0,638,0.0074
5,638,0.0103
10,638,0.0132
15,638,0.0066
20,638,0.0027
25,638,0.0017
30,638,0.0017
35,638,0.0032
40,638,0.013
45,638,0.0298
50,638,0.0135
55,638,0.0113
60,638,0.0179
65,638,0.0417
70,638,0.1488
0,640,0.0113
5,640,0.0131
10,640,0.0109
15,640,0.0047
20,640,0.0022
25,640,0.0016
30,640,0.0018
35,640,0.0037
40,640,0.0165
45,640,0.027
50,640,0.012
55,640,0.0115
60,640,0.0194
65,640,0.05
70,640,0.1919
0,642,0.0142
5,642,0.0128
10,642,0.0077
15,642,0.0034
20,642,0.0018
25,642,0.0015
30,642,0.0019
35,642,0.0044
40,642,0.0203
45,642,0.0234
50,642,0.011
55,642,0.0119
60,642,0.0214
65,642,0.061
70,642,0.2444
0,644,0.0134
5,644,0.0097
10,644,0.0052
15,644,0.0026
20,644,0.0016
25,644,0.0014
30,644,0.002
35,644,0.0054
40,644,0.0238
45,644,0.0197
50,644,0.0104
55,644,0.0124
60,644,0.024
65,644,0.0756
70,644,0.3028
0,646,0.0099
5,646,0.0066
10,646,0.0036
15,646,0.002
20,646,0.0015
25,646,0.0014
30,646,0.0022
35,646,0.0067
40,646,0.0261
45,646,0.0165
50,646,0.01
55,646,0.0128
60,646,0.0273
65,646,0.0948
70,646,0.3597
0,648,0.0066
5,648,0.0044
10,648,0.0027
15,648,0.0017
20,648,0.0013
25,648,0.0015
30,648,0.0025
35,648,0.0085
40,648,0.0269
45,648,0.014
50,648,0.0099
55,648,0.0133
60,648,0.0317
65,648,0.1201
70,648,0.4076
0,650,0.0045
5,650,0.0032
10,650,0.0021
15,650,0.0015
20,650,0.0013
25,650,0.0015
30,650,0.0028
35,650,0.0109
40,650,0.0259
45,650,0.0122
50,650,0.0099
55,650,0.014
60,650,0.0373
65,650,0.1531
70,650,0.44
0,652,0.0032
5,652,0.0024
10,652,0.0017
15,652,0.0013
20,652,0.0012
25,652,0.0016
30,652,0.0033
35,652,0.014
40,652,0.0236
45,652,0.0108
50,652,0.01
55,652,0.0151
60,652,0.0446
65,652,0.1947
70,652,0.4542
0,654,0.0025
5,654,0.0019
10,654,0.0015
15,654,0.0012
20,654,0.0012
25,654,0.0017
30,654,0.0039
35,654,0.0175
40,654,0.0205
45,654,0.0099
50,654,0.01
55,654,0.0166
60,654,0.0542
65,654,0.2442
70,654,0.4521
0,656,0.002
5,656,0.0016
10,656,0.0013
15,656,0.0012
20,656,0.0012
25,656,0.0019
30,656,0.0048
35,656,0.0208
40,656,0.0173
45,656,0.0093
50,656,0.01
55,656,0.0184
60,656,0.0667
65,656,0.2988
70,656,0.4384
0,658,0.0016
5,658,0.0014
10,658,0.0012
15,658,0.0011
20,658,0.0013
25,658,0.0021
30,658,0.006
35,658,0.0231
40,658,0.0145
45,658,0.009
50,658,0.0101
55,658,0.0208
60,658,0.0833
65,658,0.3532
70,658,0.4191
0,660,0.0014
5,660,0.0012
10,660,0.0011
15,660,0.0011
20,660,0.0013
25,660,0.0024
30,660,0.0077
35,660,0.0239
40,660,0.0123
45,660,0.0088
50,660,0.0105
55,660,0.0238
60,660,0.1052
65,660,0.4017
70,660,0.399
0,662,0.0013
5,662,0.0011
10,662,0.001
15,662,0.0011
20,662,0.0014
25,662,0.0028
30,662,0.0101
35,662,0.0231
40,662,0.0108
45,662,0.0085
50,662,0.0111
55,662,0.0276
60,662,0.134
65,662,0.439
70,662,0.3816
0,664,0.0012
5,664,0.001
10,664,0.001
15,664,0.0011
20,664,0.0016
25,664,0.0033
30,664,0.013
35,664,0.021
40,664,0.0098
45,664,0.0081
50,664,0.0119
55,664,0.0326
60,664,0.171
65,664,0.4617
70,664,0.3688
0,666,0.0011
5,666,0.001
10,666,0.001
15,666,0.0012
20,666,0.0017
25,666,0.004
30,666,0.0163
35,666,0.0182
40,666,0.0091
45,666,0.0078
50,666,0.013
55,666,0.039
60,666,0.2162
65,666,0.4692
70,666,0.3613
0,668,0.001
5,668,0.001
10,668,0.001
15,668,0.0012
20,668,0.0019
25,668,0.0051
30,668,0.0192
35,668,0.0154
40,668,0.0085
45,668,0.0077
50,668,0.0143
55,668,0.0473
60,668,0.2683
65,668,0.4644
70,668,0.3591
0,670,0.001
5,670,0.001
10,670,0.001
15,670,0.0013
20,670,0.0022
25,670,0.0065
30,670,0.0212
35,670,0.013
40,670,0.0079
45,670,0.0078
50,670,0.016
55,670,0.0584
60,670,0.324
65,670,0.4512
70,670,0.3624
0,672,0.001
5,672,0.001
10,672,0.0011
15,672,0.0015
20,672,0.0026
25,672,0.0085
30,672,0.0216
35,672,0.0113
40,672,0.0073
45,672,0.008
50,672,0.0182
55,672,0.0731
60,672,0.3777
65,672,0.4346
70,672,0.371
0,674,0.001
5,674,0.001
10,674,0.0012
15,674,0.0016
20,674,0.0032
25,674,0.0111
30,674,0.0205
35,674,0.0101
40,674,0.0068
45,674,0.0084
50,674,0.0209
55,674,0.0927
60,674,0.4234
65,674,0.4184
70,674,0.3848
0,676,0.0011
5,676,0.001
10,676,0.0012
15,676,0.0018
20,676,0.0039
25,676,0.0142
30,676,0.0184
35,676,0.0091
40,676,0.0065
45,676,0.0089
50,676,0.0243
55,676,0.1187
60,676,0.4565
65,676,0.4053
70,676,0.4037
0,678,0.0011
5,678,0.0011
10,678,0.0014
15,678,0.0021
20,678,0.005
25,678,0.0173
30,678,0.0159
35,678,0.0082
40,678,0.0063
45,678,0.0095
50,678,0.0287
55,678,0.1525
60,678,0.4746
65,678,0.3968
70,678,0.4278
0,680,0.0012
5,680,0.0012
10,680,0.0015
15,680,0.0025
20,680,0.0065
25,680,0.0195
30,680,0.0136
35,680,0.0073
40,680,0.0062
45,680,0.0103
50,680,0.0345
55,680,0.1953
60,680,0.478
65,680,0.3933
70,680,0.4569
0,682,0.0013
5,682,0.0013
10,682,0.0017
15,682,0.0031
20,682,0.0085
25,682,0.0203
30,682,0.0117
35,682,0.0065
40,682,0.0063
45,682,0.0114
50,682,0.042
55,682,0.2464
60,682,0.4696
65,682,0.3951
70,682,0.4906
0,684,0.0014
5,684,0.0015
10,684,0.002
15,684,0.0038
20,684,0.0113
25,684,0.0196
30,684,0.0102
35,684,0.006
40,684,0.0064
45,684,0.0127
50,684,0.0521
55,684,0.3026
60,684,0.4539
65,684,0.4023
70,684,0.528
0,686,0.0016
5,686,0.0017
10,686,0.0024
15,686,0.0049
20,686,0.0144
25,686,0.0178
30,686,0.0088
35,686,0.0056
40,686,0.0067
45,686,0.0143
50,686,0.0655
55,686,0.3586
60,686,0.4356
65,686,0.4145
70,686,0.568
0,688,0.0018
5,688,0.002
10,688,0.0029
15,688,0.0064
20,688,0.0174
25,688,0.0155
30,688,0.0076
35,688,0.0054
40,688,0.007
45,688,0.0163
50,688,0.0835
55,688,0.408
60,688,0.4186
65,688,0.4321
70,688,0.6084
0,690,0.0021
5,690,0.0023
10,690,0.0036
15,690,0.0085
20,690,0.0193
25,690,0.0132
30,690,0.0066
35,690,0.0052
40,690,0.0074
45,690,0.0189
50,690,0.1075
55,690,0.4456
60,690,0.4055
65,690,0.4547
70,690,0.6472
0,692,0.0025
5,692,0.0028
10,692,0.0047
15,692,0.0113
20,692,0.0196
25,692,0.0111
30,692,0.0059
35,692,0.0052
40,692,0.008
45,692,0.0222
50,692,0.1397
55,692,0.4686
60,692,0.3971
65,692,0.4826
70,692,0.6825
0,694,0.003
5,694,0.0035
10,694,0.0061
15,694,0.0146
20,694,0.0184
25,694,0.0093
30,694,0.0053
35,694,0.0052
40,694,0.0087
45,694,0.0264
50,694,0.1811
55,694,0.4762
60,694,0.394
65,694,0.515
70,694,0.7115
0,696,0.0037
5,696,0.0045
10,696,0.0081
15,696,0.0177
20,696,0.0162
25,696,0.0078
30,696,0.0049
35,696,0.0053
40,696,0.0096
45,696,0.032
50,696,0.2313
55,696,0.4696
60,696,0.3962
65,696,0.5514
70,696,0.7324
0,698,0.0048
5,698,0.0059
10,698,0.0109
15,698,0.0194
20,698,0.0136
25,698,0.0066
30,698,0.0047
35,698,0.0055
40,698,0.0107
45,698,0.0393
50,698,0.2875
55,698,0.4534
60,698,0.4039
65,698,0.5908
70,698,0.7444
0,700,0.0062
5,700,0.0079
10,700,0.0144
15,700,0.0193
20,700,0.0112
25,700,0.0057
30,700,0.0045
35,700,0.0057
40,700,0.0121
45,700,0.0491
50,700,0.3445
55,700,0.4326
60,700,0.4168
65,700,0.6315
70,700,0.7476
0,702,0.0084
5,702,0.0107
10,702,0.0176
15,702,0.0175
20,702,0.0091
25,702,0.0051
30,702,0.0044
35,702,0.006
40,702,0.0139
45,702,0.0624
50,702,0.3958
55,702,0.4118
60,702,0.4352
65,702,0.6719
70,702,0.7429
0,704,0.0113
5,704,0.0141
10,704,0.0195
15,704,0.0148
20,704,0.0075
25,704,0.0047
30,704,0.0044
35,704,0.0065
40,704,0.0161
45,704,0.0804
50,704,0.4353
55,704,0.3943
60,704,0.4589
65,704,0.7097
70,704,0.732
0,706,0.015
5,706,0.0175
10,706,0.0191
15,706,0.012
20,706,0.0063
25,706,0.0043
30,706,0.0044
35,706,0.007
40,706,0.0189
45,706,0.105
50,706,0.4595
55,706,0.3817
60,706,0.4877
65,706,0.7422
70,706,0.7172
0,708,0.0187
5,708,0.0194
10,708,0.0169
15,708,0.0096
20,708,0.0055
25,708,0.0041
30,708,0.0045
35,708,0.0076
40,708,0.0225
45,708,0.1378
50,708,0.4673
55,708,0.3746
60,708,0.5213
65,708,0.768
70,708,0.7018
0,710,0.0208
5,710,0.0189
10,710,0.0139
15,710,0.0078
20,710,0.0049
25,710,0.0039
30,710,0.0046
35,710,0.0084
40,710,0.0272
45,710,0.1803
50,710,0.4604
55,710,0.3731
60,710,0.559
65,710,0.7856
70,710,0.6914
0,712,0.0202
5,712,0.0164
10,712,0.0111
15,712,0.0065
20,712,0.0044
25,712,0.0038
30,712,0.0048
35,712,0.0094
40,712,0.0334
45,712,0.2323
50,712,0.4423
55,712,0.3771
60,712,0.6001
65,712,0.795
70,712,0.6831
0,714,0.0175
5,714,0.0133
10,714,0.0088
15,714,0.0055
20,714,0.004
25,714,0.0038
30,714,0.0051
35,714,0.0107
40,714,0.0417
45,714,0.29
50,714,0.4186
55,714,0.3865
60,714,0.6428
65,714,0.7979
70,714,0.6665
0,716,0.0142
5,716,0.0106
10,716,0.0072
15,716,0.0048
20,716,0.0038
25,716,0.0038
30,716,0.0054
35,716,0.0122
40,716,0.053
45,716,0.3466
50,716,0.3948
55,716,0.4013
60,716,0.6851
65,716,0.7976
70,716,0.643
0,718,0.0112
5,718,0.0085
10,718,0.006
15,718,0.0043
20,718,0.0036
25,718,0.0039
30,718,0.0058
35,718,0.0142
40,718,0.0684
45,718,0.3955
50,718,0.3745
55,718,0.4216
60,718,0.7252
65,718,0.7913
70,718,0.6231
0,720,0.009
5,720,0.0069
10,720,0.0051
15,720,0.0039
20,720,0.0035
25,720,0.004
30,720,0.0064
35,720,0.0167
40,720,0.0897
45,720,0.4313
50,720,0.3592
55,720,0.4473
60,720,0.7618
65,720,0.7736
70,720,0.6102
0,722,0.0073
5,722,0.0058
10,722,0.0045
15,722,0.0036
20,722,0.0034
25,722,0.0041
30,722,0.007
35,722,0.0198
40,722,0.119
45,722,0.4506
50,722,0.3496
55,722,0.4787
60,722,0.7947
65,722,0.7457
70,722,0.6023
0,724,0.0061
5,724,0.0049
10,724,0.004
15,724,0.0034
20,724,0.0034
25,724,0.0043
30,724,0.0078
35,724,0.024
40,724,0.1581
45,724,0.4528
50,724,0.3458
55,724,0.5153
60,724,0.8202
65,724,0.7153
70,724,0.5981
0,726,0.0053
5,726,0.0043
10,726,0.0037
15,726,0.0033
20,726,0.0034
25,726,0.0046
30,726,0.0088
35,726,0.0295
40,726,0.2072
45,726,0.4402
50,726,0.3476
55,726,0.5568
60,726,0.8318
65,726,0.6883
70,726,0.5972
0,728,0.0046
5,728,0.0039
10,728,0.0034
15,728,0.0032
20,728,0.0035
25,728,0.0049
30,728,0.01
35,728,0.0369
40,728,0.2639
45,728,0.4174
50,728,0.3549
55,728,0.6034
60,728,0.8273
65,728,0.6655
70,728,0.5993
0,730,0.0041
5,730,0.0035
10,730,0.0032
15,730,0.0031
20,730,0.0036
25,730,0.0053
30,730,0.0115
35,730,0.047
40,730,0.3221
45,730,0.3906
50,730,0.3677
55,730,0.6544
60,730,0.8097
65,730,0.6462
70,730,0.6039
0,732,0.0038
5,732,0.0033
10,732,0.0031
15,732,0.0031
20,732,0.0037
25,732,0.0058
30,732,0.0134
35,732,0.0608
40,732,0.3744
45,732,0.365
50,732,0.3862
55,732,0.7059
60,732,0.7847
65,732,0.6301
70,732,0.6109
0,734,0.0035
5,734,0.0031
10,734,0.003
15,734,0.0031
20,734,0.0039
25,734,0.0064
30,734,0.0158
35,734,0.0802
40,734,0.4136
45,734,0.3438
50,734,0.4113
55,734,0.7508
60,734,0.7571
65,734,0.6174
70,734,0.62
0,736,0.0033
5,736,0.003
10,736,0.0029
15,736,0.0032
20,736,0.0041
25,736,0.0071
30,736,0.019
35,736,0.107
40,736,0.4357
45,736,0.3285
50,736,0.4434
55,736,0.7838
60,736,0.7286
65,736,0.6079
70,736,0.6312
0,738,0.0031
5,738,0.0029
10,738,0.0029
15,738,0.0033
20,738,0.0044
25,738,0.008
30,738,0.023
35,738,0.1435
40,738,0.4396
45,738,0.3193
50,738,0.4835
55,738,0.8038
60,738,0.7004
65,738,0.6013
70,738,0.6436
0,740,0.0031
5,740,0.0028
10,740,0.0029
15,740,0.0034
20,740,0.0047
25,740,0.0091
30,740,0.0285
35,740,0.1911
40,740,0.4271
45,740,0.316
50,740,0.5303
55,740,0.8117
60,740,0.6733
65,740,0.5979
70,740,0.6574
0,742,0.003
5,742,0.0028
10,742,0.003
15,742,0.0036
20,742,0.0052
25,742,0.0105
30,742,0.0358
35,742,0.2481
40,742,0.4031
45,742,0.3186
50,742,0.5791
55,742,0.8101
60,742,0.6484
65,742,0.5972
70,742,0.6718
0,744,0.003
5,744,0.0028
10,744,0.003
15,744,0.0038
20,744,0.0057
25,744,0.0123
30,744,0.0459
35,744,0.3084
40,744,0.3743
45,744,0.3277
50,744,0.6261
55,744,0.7997
60,744,0.6263
65,744,0.5993
70,744,0.6869
0,746,0.003
5,746,0.0029
10,746,0.0032
15,746,0.004
20,746,0.0063
25,746,0.0145
30,746,0.0598
35,746,0.3632
40,746,0.3465
45,746,0.344
50,746,0.6689
55,746,0.7815
60,746,0.6074
65,746,0.6039
70,746,0.702
0,748,0.003
5,748,0.0029
10,748,0.0033
15,748,0.0043
20,748,0.0071
25,748,0.0173
30,748,0.0794
35,748,0.4047
40,748,0.3237
45,748,0.3676
50,748,0.7075
55,748,0.757
60,748,0.5919
65,748,0.611
70,748,0.7168
0,750,0.0031
5,750,0.003
10,750,0.0035
15,750,0.0047
20,750,0.0081
25,750,0.0211
30,750,0.1069
35,750,0.4278
40,750,0.3072
45,750,0.397
50,750,0.7411
55,750,0.7281
60,750,0.5796
65,750,0.6203
70,750,0.7311
0,752,0.0032
5,752,0.0032
10,752,0.0037
15,752,0.0052
20,752,0.0093
25,752,0.026
30,752,0.1447
35,752,0.431
40,752,0.2977
45,752,0.4288
50,752,0.7684
55,752,0.697
60,752,0.5707
65,752,0.6316
70,752,0.7444
0,754,0.0033
5,754,0.0033
10,754,0.004
15,754,0.0058
20,754,0.0108
25,754,0.0327
30,754,0.1943
35,754,0.4166
40,754,0.2954
45,754,0.4619
50,754,0.7867
55,754,0.666
60,754,0.5649
65,754,0.645
70,754,0.7568
0,756,0.0035
5,756,0.0035
10,756,0.0043
15,756,0.0065
20,756,0.0127
25,756,0.0418
30,756,0.2534
35,756,0.3904
40,756,0.3007
45,756,0.4966
50,756,0.7944
55,756,0.6367
60,756,0.5624
65,756,0.66
70,756,0.7683
0,758,0.0037
5,758,0.0038
10,758,0.0047
15,758,0.0073
20,758,0.0152
25,758,0.0545
30,758,0.3149
35,758,0.3599
40,758,0.3121
45,758,0.5342
50,758,0.7908
55,758,0.6096
60,758,0.5628
65,758,0.6764
70,758,0.7793
0,760,0.004
5,760,0.0041
10,760,0.0053
15,760,0.0084
20,760,0.0183
25,760,0.0724
30,760,0.3692
35,760,0.3317
40,760,0.3269
45,760,0.576
50,760,0.7764
55,760,0.5858
60,760,0.5664
65,760,0.6941
70,760,0.7902
0,762,0.0043
5,762,0.0045
10,762,0.0059
15,762,0.0097
20,762,0.0225
25,762,0.0978
30,762,0.4074
35,762,0.3099
40,762,0.3425
45,762,0.6212
50,762,0.7534
55,762,0.5655
60,762,0.5728
65,762,0.7135
70,762,0.8008
0,764,0.0047
5,764,0.005
10,764,0.0066
15,764,0.0114
20,764,0.028
25,764,0.1335
30,764,0.4243
35,764,0.2965
40,764,0.3589
45,764,0.6663
50,764,0.724
55,764,0.5489
60,764,0.5821
65,764,0.7344
70,764,0.8105
0,766,0.0052
5,766,0.0055
10,766,0.0076
15,766,0.0134
20,766,0.0355
25,766,0.1813
30,766,0.4201
35,766,0.2909
40,766,0.3778
45,766,0.7075
50,766,0.6913
55,766,0.536
60,766,0.5939
65,766,0.7566
70,766,0.8169
0,768,0.0058
5,768,0.0062
10,768,0.0087
15,768,0.0161
20,768,0.0459
25,768,0.2408
30,768,0.3995
35,768,0.2908
40,768,0.4016
45,768,0.7414
50,768,0.6576
55,768,0.5268
60,768,0.609
65,768,0.78
70,768,0.8179
0,770,0.0065
5,770,0.0071
10,770,0.0101
15,770,0.0197
20,770,0.0604
25,770,0.3053
30,770,0.3704
35,770,0.2926
40,770,0.432
45,770,0.7655
50,770,0.625
55,770,0.5213
60,770,0.6271
65,770,0.8034
70,770,0.8139
0,772,0.0074
5,772,0.0081
10,772,0.0119
15,772,0.0243
20,772,0.0812
25,772,0.3643
30,772,0.3415
35,772,0.2948
40,772,0.4696
45,772,0.7775
50,772,0.5944
55,772,0.5193
60,772,0.6487
65,772,0.8234
70,772,0.8076
0,774,0.0084
5,774,0.0094
10,774,0.0142
15,774,0.0306
20,774,0.1108
25,774,0.4062
30,774,0.3185
35,774,0.2976
40,774,0.5129
45,774,0.7768
50,774,0.5673
55,774,0.5208
60,774,0.6733
65,774,0.8381
70,774,0.8013
0,776,0.0098
5,776,0.011
10,776,0.0172
15,776,0.0392
20,776,0.1523
25,776,0.4249
30,776,0.3024
35,776,0.3034
40,776,0.5608
45,776,0.7642
50,776,0.5442
55,776,0.526
60,776,0.7003
65,776,0.8469
70,776,0.7958
0,778,0.0114
5,778,0.0131
10,778,0.0211
15,778,0.0512
20,778,0.2075
25,778,0.4202
30,778,0.2905
35,778,0.3141
40,778,0.6101
45,778,0.7417
50,778,0.525
55,778,0.5351
60,778,0.7273
65,778,0.8518
70,778,0.7914
0,780,0.0135
5,780,0.0157
10,780,0.0263
15,780,0.0681
20,780,0.2736
25,780,0.399
30,780,0.2803
35,780,0.3309
40,780,0.6578
45,780,0.7122
50,780,0.5101
55,780,0.5481
60,780,0.7515
65,780,0.8548
70,780,0.7882
0,782,0.0163
5,782,0.0192
10,782,0.0334
15,782,0.0926
20,782,0.3412
25,782,0.3704
30,782,0.2711
35,782,0.3543
40,782,0.7005
45,782,0.678
50,782,0.4993
55,782,0.5653
60,782,0.7717
65,782,0.8574
70,782,0.7856
0,784,0.0197
5,784,0.0238
10,784,0.0431
15,784,0.1275
20,784,0.3961
25,784,0.342
30,784,0.2642
35,784,0.3843
40,784,0.7343
45,784,0.6426
50,784,0.4928
55,784,0.5856
60,784,0.7884
65,784,0.8597
70,784,0.7842
0,786,0.0243
5,786,0.0299
10,786,0.0567
15,786,0.1764
20,786,0.4273
25,786,0.3164
30,786,0.2614
35,786,0.4207
40,786,0.7566
45,786,0.6081
50,786,0.4907
55,786,0.6074
60,786,0.8027
65,786,0.8612
70,786,0.7834
0,788,0.0305
5,788,0.0383
10,788,0.0762
15,788,0.2406
20,788,0.4316
25,788,0.2932
30,788,0.2637
35,788,0.4632
40,788,0.7659
45,788,0.576
50,788,0.4929
55,788,0.6289
60,788,0.8166
65,788,0.8629
70,788,0.7836
0,790,0.0388
5,790,0.0499
10,790,0.1042
15,790,0.314
20,790,0.4139
25,790,0.2727
30,790,0.2712
35,790,0.5108
40,790,0.7614
45,790,0.5479
50,790,0.4992
55,790,0.6479
60,790,0.8301
65,790,0.8634
70,790,0.7843
0,792,0.0504
5,792,0.0667
10,792,0.145
15,792,0.3832
20,792,0.383
25,792,0.2559
30,792,0.284
35,792,0.5624
40,792,0.7448
45,792,0.5241
50,792,0.5095
55,792,0.6654
60,792,0.8432
65,792,0.8635
70,792,0.7861
0,794,0.0666
5,794,0.0906
10,794,0.2017
15,794,0.4307
20,794,0.3475
25,794,0.2441
30,794,0.3018
35,794,0.6146
40,794,0.7191
45,794,0.505
50,794,0.5219
55,794,0.6818
60,794,0.8556
65,794,0.8631
70,794,0.7885
0,796,0.09
5,796,0.1254
10,796,0.2745
15,796,0.4458
20,796,0.3126
25,796,0.2376
30,796,0.3253
35,796,0.664
40,796,0.6867
45,796,0.4911
50,796,0.5348
55,796,0.6988
60,796,0.8668
65,796,0.8627
70,796,0.7915
0,798,0.124
5,798,0.1756
10,798,0.3548
15,798,0.4298
20,798,0.2819
25,798,0.236
30,798,0.3551
35,798,0.707
40,798,0.6508
45,798,0.482
50,798,0.5467
55,798,0.7178
60,798,0.8765
65,798,0.8617
70,798,0.7949
0,800,0.173
5,800,0.2443
10,800,0.4218
15,800,0.3934
20,800,0.2572
25,800,0.239
30,800,0.391
35,800,0.7392
40,800,0.6148
45,800,0.4776
50,800,0.5573
55,800,0.7378
60,800,0.8844
65,800,0.8613
70,800,0.7989
0,802,0.2412
5,802,0.3275
10,802,0.4544
15,802,0.3497
20,802,0.2392
25,802,0.2464
30,802,0.4334
35,802,0.7579
40,802,0.5812
45,802,0.477
50,802,0.5676
55,802,0.7596
60,802,0.8903
65,802,0.8605
70,802,0.8028
0,804,0.3264
5,804,0.4069
10,804,0.4456
15,804,0.3083
20,804,0.2272
25,804,0.2582
30,804,0.4816
35,804,0.7626
40,804,0.5514
45,804,0.4787
50,804,0.5791
55,804,0.7816
60,804,0.8946
65,804,0.8602
70,804,0.8076
0,806,0.4124
5,806,0.4544
10,806,0.4078
15,806,0.2743
20,806,0.2203
25,806,0.2746
30,806,0.5343
35,806,0.7529
40,806,0.5266
45,806,0.4808
50,806,0.5931
55,806,0.803
60,806,0.8975
65,806,0.8601
70,806,0.812
0,808,0.4705
5,808,0.4551
10,808,0.3593
15,808,0.2483
20,808,0.2179
25,808,0.2959
30,808,0.5895
35,808,0.7312
40,808,0.5069
45,808,0.4827
50,808,0.6099
55,808,0.8235
60,808,0.8988
65,808,0.8605
70,808,0.8164
0,810,0.4798
5,810,0.4194
10,810,0.3135
15,810,0.2295
20,810,0.2196
25,810,0.323
30,810,0.6434
35,810,0.7013
40,810,0.4921
45,810,0.4838
50,810,0.6293
55,810,0.843
60,810,0.8988
65,810,0.8611
70,810,0.8212
0,812,0.4479
5,812,0.3699
10,812,0.2771
15,812,0.217
20,812,0.2247
25,812,0.3539
30,812,0.6877
35,812,0.6696
40,812,0.4816
45,812,0.4843
50,812,0.6491
55,812,0.859
60,812,0.8978
65,812,0.8625
70,812,0.826
0,814,0.3966
5,814,0.3213
10,814,0.2484
15,814,0.2091
20,814,0.2338
25,814,0.3929
30,814,0.7261
35,814,0.6342
40,814,0.4728
45,814,0.4869
50,814,0.6728
55,814,0.8741
60,814,0.8965
65,814,0.864
70,814,0.8303
0,816,0.3453
5,816,0.281
10,816,0.2273
15,816,0.2054
20,816,0.2469
25,816,0.4384
30,816,0.7514
35,816,0.5995
40,816,0.4649
45,816,0.492
50,816,0.6984
55,816,0.8868
60,816,0.894
65,816,0.8661
70,816,0.8345
0,818,0.3019
5,818,0.2501
10,818,0.2126
15,818,0.2055
20,818,0.2646
25,818,0.4904
30,818,0.7619
35,818,0.5683
40,818,0.4568
45,818,0.5001
50,818,0.7248
55,818,0.8968
60,818,0.8916
65,818,0.8688
70,818,0.8382
0,820,0.2683
5,820,0.2272
10,820,0.203
15,820,0.2091
20,820,0.2871
25,820,0.5468
30,820,0.7572
35,820,0.5409
40,820,0.449
45,820,0.5115
50,820,0.752
55,820,0.9044
60,820,0.8893
65,820,0.8719
70,820,0.8422
0,822,0.2431
5,822,0.211
10,822,0.1976
15,822,0.2163
20,822,0.3154
25,822,0.6056
30,822,0.7391
35,822,0.5173
40,822,0.442
45,822,0.5264
50,822,0.779
55,822,0.9092
60,822,0.8875
65,822,0.8759
70,822,0.8458
0,824,0.2252
5,824,0.2002
10,824,0.196
15,824,0.2269
20,824,0.3498
25,824,0.6611
30,824,0.7108
35,824,0.4964
40,824,0.4367
45,824,0.5447
50,824,0.8047
55,824,0.9116
60,824,0.8861
65,824,0.8803
70,824,0.8492
0,826,0.213
5,826,0.1937
10,826,0.1979
15,826,0.2417
20,826,0.391
25,826,0.7095
30,826,0.6771
35,826,0.4771
40,826,0.4344
45,826,0.5654
50,826,0.8282
55,826,0.9123
60,826,0.8849
65,826,0.8853
70,826,0.8529
0,828,0.2054
5,828,0.1909
10,828,0.2029
15,828,0.2608
20,828,0.4395
25,828,0.7456
30,828,0.6412
35,828,0.4588
40,828,0.435
45,828,0.5892
50,828,0.8502
55,828,0.9106
60,828,0.8846
65,828,0.89
70,828,0.8561
0,830,0.2018
5,830,0.1914
10,830,0.2113
15,830,0.285
20,830,0.4942
25,830,0.7654
30,830,0.605
35,830,0.442
40,830,0.4392
45,830,0.615
50,830,0.8696
55,830,0.9085
60,830,0.8853
65,830,0.8963
70,830,0.8588
0,832,0.2015
5,832,0.1951
10,832,0.2233
15,832,0.315
20,832,0.5543
25,832,0.7689
30,832,0.5704
35,832,0.427
40,832,0.4463
45,832,0.6431
50,832,0.8857
55,832,0.9051
60,832,0.887
65,832,0.9023
70,832,0.8606
0,834,0.2046
5,834,0.2018
10,834,0.2392
15,834,0.3513
20,834,0.6156
25,834,0.7563
30,834,0.538
35,834,0.4145
40,834,0.4569
45,834,0.6723
50,834,0.8985
55,834,0.9012
60,834,0.8897
65,834,0.9084
70,834,0.8611
0,836,0.211
5,836,0.212
10,836,0.2594
15,836,0.3948
20,836,0.6746
25,836,0.7307
30,836,0.5071
35,836,0.4052
40,836,0.4704
45,836,0.7029
50,836,0.9077
55,836,0.8969
60,836,0.8932
65,836,0.9155
70,836,0.8602
0,838,0.2206
5,838,0.2259
10,838,0.285
15,838,0.4457
20,838,0.7242
25,838,0.6969
30,838,0.4785
35,838,0.3991
40,838,0.4869
45,838,0.733
50,838,0.914
55,838,0.8934
60,838,0.8978
65,838,0.9218
70,838,0.8577
0,840,0.234
5,840,0.2436
10,840,0.3161
15,840,0.5036
20,840,0.7597
25,840,0.6576
30,840,0.4528
35,840,0.3964
40,840,0.5058
45,840,0.7633
50,840,0.9176
55,840,0.89
60,840,0.9035
65,840,0.9268
70,840,0.8544
0,842,0.2511
5,842,0.2664
10,842,0.3546
15,842,0.5673
20,842,0.7777
25,842,0.6159
30,842,0.4298
35,842,0.397
40,842,0.5283
45,842,0.7928
50,842,0.9187
55,842,0.8879
60,842,0.91
65,842,0.9306
70,842,0.8507
0,844,0.2731
5,844,0.2942
10,844,0.4003
15,844,0.6319
20,844,0.7772
25,844,0.5745
30,844,0.4105
35,844,0.4003
40,844,0.5532
45,844,0.8196
50,844,0.917
55,844,0.8866
60,844,0.9169
65,844,0.9326
70,844,0.8461
0,846,0.2999
5,846,0.3284
10,846,0.4535
15,846,0.692
20,846,0.7584
25,846,0.5348
30,846,0.3951
35,846,0.4063
40,846,0.5801
45,846,0.8445
50,846,0.9135
55,846,0.8861
60,846,0.9241
65,846,0.9331
70,846,0.8416
0,848,0.3332
5,848,0.3703
10,848,0.5147
15,848,0.7421
20,848,0.7261
25,848,0.498
30,848,0.3832
35,848,0.4155
40,848,0.6096
45,848,0.8661
50,848,0.9093
55,848,0.8865
60,848,0.9312
65,848,0.9329
70,848,0.838
0,850,0.3737
5,850,0.4193
10,850,0.58
15,850,0.7752
20,850,0.6847
25,850,0.4649
30,850,0.3747
35,850,0.4274
40,850,0.64
45,850,0.8842
50,850,0.9054
55,850,0.8892
60,850,0.9368
65,850,0.9311
70,850,0.8344
0,852,0.4217
5,852,0.4769
10,852,0.6469
15,852,0.7875
20,852,0.6374
25,852,0.4363
30,852,0.3694
35,852,0.4422
40,852,0.6724
45,852,0.8989
50,852,0.8992
55,852,0.8922
60,852,0.9425
65,852,0.9288
70,852,0.8308
0,854,0.4772
5,854,0.5413
10,854,0.7083
15,854,0.779
20,854,0.591
25,854,0.412
30,854,0.367
35,854,0.4594
40,854,0.7045
45,854,0.9094
50,854,0.8947
55,854,0.8959
60,854,0.9467
65,854,0.9268
70,854,0.8287
0,856,0.5393
5,856,0.6095
10,856,0.7572
15,856,0.7514
20,856,0.5455
25,856,0.3922
30,856,0.3681
35,856,0.4789
40,856,0.7374
45,856,0.9169
50,856,0.8901
55,856,0.901
60,856,0.9492
65,856,0.9232
70,856,0.8275
0,858,0.6069
5,858,0.6772
10,858,0.7861
15,858,0.7109
20,858,0.5037
25,858,0.3772
30,858,0.3708
35,858,0.5025
40,858,0.7686
45,858,0.9209
50,858,0.8865
55,858,0.9059
60,858,0.9523
65,858,0.9217
70,858,0.8267
0,860,0.6739
5,860,0.7354
10,860,0.7916
15,860,0.6621
20,860,0.468
25,860,0.3651
30,860,0.3768
35,860,0.5276
40,860,0.7992
45,860,0.9202
50,860,0.8841
55,860,0.9114
60,860,0.9519
65,860,0.9197
70,860,0.8274
0,862,0.736
5,862,0.7761
10,862,0.7745
15,862,0.611
20,862,0.4355
25,862,0.356
30,862,0.3845
35,862,0.5553
40,862,0.8282
45,862,0.9183
50,862,0.8826
55,862,0.9159
60,862,0.9539
65,862,0.9172
70,862,0.8279
0,864,0.7813
5,864,0.7932
10,864,0.7393
15,864,0.5613
20,864,0.4095
25,864,0.3495
30,864,0.3948
35,864,0.5853
40,864,0.8522
45,864,0.9164
50,864,0.8805
55,864,0.9206
60,864,0.9537
65,864,0.9147
70,864,0.8284
0,866,0.8064
5,866,0.7877
10,866,0.6912
15,866,0.5169
20,866,0.3879
25,866,0.3465
30,866,0.4084
35,866,0.6174
40,866,0.8735
45,866,0.9104
50,866,0.8813
55,866,0.9241
60,866,0.9534
65,866,0.9122
70,866,0.8291
0,868,0.8068
5,868,0.7584
10,868,0.6392
15,868,0.4762
20,868,0.3694
25,868,0.346
30,868,0.4243
35,868,0.6496
40,868,0.8916
45,868,0.9045
50,868,0.8823
55,868,0.9288
60,868,0.9542
65,868,0.9108
70,868,0.8307
0,870,0.7846
5,870,0.7145
10,870,0.5873
15,870,0.4424
20,870,0.3571
25,870,0.3472
30,870,0.4418
35,870,0.6844
40,870,0.9047
45,870,0.8979
50,870,0.8842
55,870,0.9321
60,870,0.9526
65,870,0.909
70,870,0.8337
0,872,0.7423
5,872,0.6618
10,872,0.5381
15,872,0.4139
20,872,0.345
25,872,0.3517
30,872,0.4637
35,872,0.7187
40,872,0.9141
45,872,0.8928
50,872,0.887
55,872,0.935
60,872,0.9521
65,872,0.908
70,872,0.8361
0,874,0.6959
5,874,0.608
10,874,0.4935
15,874,0.3882
20,874,0.3369
25,874,0.3572
30,874,0.4877
35,874,0.751
40,874,0.9196
45,874,0.8847
50,874,0.8867
55,874,0.9382
60,874,0.9518
65,874,0.9051
70,874,0.8397
0,876,0.6427
5,876,0.5563
10,876,0.4557
15,876,0.3678
20,876,0.3327
25,876,0.3672
30,876,0.5136
35,876,0.7846
40,876,0.9214
45,876,0.8789
50,876,0.8909
55,876,0.9441
60,876,0.9514
65,876,0.9036
70,876,0.843
0,878,0.5904
5,878,0.5095
10,878,0.424
15,878,0.3518
20,878,0.3299
25,878,0.3782
30,878,0.5424
35,878,0.816
40,878,0.9185
45,878,0.8741
50,878,0.8901
55,878,0.9437
60,878,0.9494
65,878,0.904
70,878,0.8472
0,880,0.5412
5,880,0.4694
10,880,0.397
15,880,0.3404
20,880,0.3303
25,880,0.392
30,880,0.5713
35,880,0.8445
40,880,0.9177
45,880,0.8688
50,880,0.8931
55,880,0.9481
60,880,0.9505
65,880,0.9068
70,880,0.8528
0,882,0.5004
5,882,0.4335
10,882,0.3724
15,882,0.3304
20,882,0.3313
25,882,0.4064
30,882,0.605
35,882,0.8686
40,882,0.9109
45,882,0.8661
50,882,0.897
55,882,0.9527
60,882,0.9453
65,882,0.904
70,882,0.8558
0,884,0.4622
5,884,0.4039
10,884,0.3543
15,884,0.3235
20,884,0.3365
25,884,0.4254
30,884,0.6413
35,884,0.889
40,884,0.9028
45,884,0.8617
50,884,0.9029
55,884,0.9518
60,884,0.9455
65,884,0.9026
70,884,0.8602
0,886,0.4304
5,886,0.38
10,886,0.3405
15,886,0.3194
20,886,0.3428
25,886,0.4482
30,886,0.6739
35,886,0.8982
40,886,0.8958
45,886,0.8592
50,886,0.9058
55,886,0.9556
60,886,0.9444
65,886,0.9056
70,886,0.8647
0,888,0.4025
5,888,0.3588
10,888,0.328
15,888,0.3162
20,888,0.351
25,888,0.4705
30,888,0.7138
35,888,0.9133
40,888,0.8887
45,888,0.8581
50,888,0.906
55,888,0.9556
60,888,0.9397
65,888,0.9072
70,888,0.8686
0,890,0.3806
5,890,0.3433
10,890,0.3195
15,890,0.3168
20,890,0.362
25,890,0.4969
30,890,0.7488
35,890,0.9239
40,890,0.8784
45,890,0.8527
50,890,0.9176
55,890,0.9591
60,890,0.9387
65,890,0.905
70,890,0.8722
0,892,0.3628
5,892,0.329
10,892,0.3129
15,892,0.3202
20,892,0.3752
25,892,0.5269
30,892,0.7838
35,892,0.9271
40,892,0.8683
45,892,0.8559
50,892,0.9198
55,892,0.9582
60,892,0.9352
65,892,0.9055
70,892,0.8788
0,894,0.3485
5,894,0.3177
10,894,0.3113
15,894,0.3221
20,894,0.3913
25,894,0.5577
30,894,0.812
35,894,0.9238
40,894,0.8593
45,894,0.8539
50,894,0.9258
55,894,0.9595
60,894,0.9337
65,894,0.9113
70,894,0.8773
0,896,0.3368
5,896,0.3099
10,896,0.3083
15,896,0.3328
20,896,0.4105
25,896,0.5903
30,896,0.8425
35,896,0.9167
40,896,0.8525
45,896,0.858
50,896,0.9324
55,896,0.9569
60,896,0.9308
65,896,0.9068
70,896,0.8835
0,898,0.3284
5,898,0.3056
10,898,0.3094
15,898,0.3414
20,898,0.4277
25,898,0.6273
30,898,0.8697
35,898,0.9101
40,898,0.8411
45,898,0.8581
50,898,0.9356
55,898,0.9545
60,898,0.9279
65,898,0.9118
70,898,0.8859
0,900,0.3236
5,900,0.3019
10,900,0.3123
15,900,0.35
20,900,0.4499
25,900,0.6629
30,900,0.8857
35,900,0.9014
40,900,0.8413
45,900,0.8598
50,900,0.9325
55,900,0.9587
60,900,0.926
65,900,0.912
70,900,0.888
