0,250,0
15,250,0
25,250,0
35,250,0
45,250,0
55,250,0
65,250,0
70,250,0
0,252,0
15,252,0
25,252,0
35,252,0
45,252,0
55,252,0
65,252,0
70,252,0
0,254,0
15,254,0
25,254,0
35,254,0
45,254,0
55,254,0
65,254,0
70,254,0
0,256,0
15,256,0
25,256,0
35,256,0
45,256,0
55,256,0
65,256,0
70,256,0
0,258,0
15,258,0
25,258,0
35,258,0
45,258,0
55,258,0
65,258,0
70,258,0
0,260,0
15,260,0
25,260,0
35,260,0
45,260,0
55,260,0
65,260,0
70,260,0
0,262,0
15,262,0
25,262,0
35,262,0
45,262,0
55,262,0
65,262,0
70,262,0
0,264,0
15,264,0
25,264,0
35,264,0
45,264,0
55,264,0
65,264,0
70,264,0
0,266,0
15,266,0
25,266,0
35,266,0
45,266,0
55,266,0
65,266,0
70,266,0
0,268,0
15,268,0
25,268,0
35,268,0
45,268,0
55,268,0
65,268,0
70,268,0
0,270,0
15,270,0
25,270,0
35,270,0
45,270,0
55,270,0
65,270,0
70,270,0
0,272,0
15,272,0
25,272,0
35,272,0
45,272,0
55,272,0
65,272,0
70,272,0
0,274,0
15,274,0
25,274,0
35,274,0
45,274,0
55,274,0
65,274,0
70,274,0
0,276,0
15,276,0
25,276,0
35,276,0
45,276,0
55,276,0
65,276,0
70,276,0
0,278,0
15,278,0
25,278,0
35,278,0
45,278,0.0001
55,278,0
65,278,0
70,278,0
0,280,0.0001
15,280,0.0003
25,280,0.0006
35,280,0.0007
45,280,0.0007
55,280,0.0003
65,280,0.0003
70,280,0.0005
0,282,0.0015
15,282,0.002
25,282,0.0023
35,282,0.0027
45,282,0.0019
55,282,0.0013
65,282,0.002
70,282,0.0021
0,284,0.006
15,284,0.006
25,284,0.0068
35,284,0.0068
45,284,0.0032
55,284,0.0019
65,284,0.0041
70,284,0.0041
0,286,0.0141
15,286,0.0133
25,286,0.0164
35,286,0.0101
45,286,0.0066
55,286,0.0037
65,286,0.0087
70,286,0.014
0,288,0.0276
15,288,0.025
25,288,0.0305
35,288,0.0112
45,288,0.0099
55,288,0.0147
65,288,0.028
70,288,0.0204
0,290,0.0409
15,290,0.0533
25,290,0.0303
35,290,0.0184
45,290,0.0047
55,290,0.0126
65,290,0.0222
70,290,0.0189
0,292,0.0762
15,292,0.0771
25,292,0.0327
35,292,0.0283
45,292,0.0142
55,292,0.0173
65,292,0.0249
70,292,0.0271
0,294,0.1195
15,294,0.0667
25,294,0.0305
35,294,0.0088
45,294,0.0361
55,294,0.0821
65,294,0.0366
70,294,0.0504
0,296,0.0941
15,296,0.0356
25,296,0.0709
35,296,0.0088
45,296,0.0144
55,296,0.0561
65,296,0.0853
70,296,0.0951
0,298,0.0425
15,298,0.0581
25,298,0.0227
35,298,0.0523
45,298,0.0129
55,298,0.0191
65,298,0.136
70,298,0.1523
0,300,0.0734
15,300,0.126
25,300,0.0045
35,300,0.0234
45,300,0.1143
55,300,0.0418
65,300,0.2273
70,300,0.1934
0,302,0.1813
15,302,0.0267
25,302,0.0406
35,302,0.006
45,302,0.0923
55,302,0.0757
65,302,0.2725
70,302,0.3181
0,304,0.0364
15,304,0.0033
25,304,0.0455
35,304,0.0282
45,304,0.0205
55,304,0.2182
65,304,0.4184
70,304,0.4415
0,306,0.0035
15,306,0.0443
25,306,0.0105
35,306,0.0916
45,306,0.011
55,306,0.3875
65,306,0.5244
70,306,0.5188
0,308,0.0247
15,308,0.039
25,308,0.0028
35,308,0.0384
45,308,0.0535
55,308,0.5347
65,308,0.5939
70,308,0.5325
0,310,0.0435
15,310,0.0082
25,310,0.0274
35,310,0.0079
45,310,0.0983
55,310,0.6843
65,310,0.6161
70,310,0.6583
0,312,0.0102
15,312,0.0018
25,312,0.0404
35,312,0.0064
45,312,0.3078
55,312,0.7444
65,312,0.7338
70,312,0.7649
0,314,0.0019
15,314,0.0088
25,314,0.0177
35,314,0.0433
45,314,0.5616
55,314,0.7914
65,314,0.8198
70,314,0.7825
0,316,0.0041
15,316,0.0226
25,316,0.0045
35,316,0.0889
45,316,0.7259
55,316,0.8412
65,316,0.8279
70,316,0.7647
0,318,0.0255
15,318,0.0132
25,318,0.0032
35,318,0.1934
45,318,0.8794
55,318,0.8605
65,318,0.8163
70,318,0.7414
0,320,0.0119
15,320,0.0046
25,320,0.0162
35,320,0.417
45,320,0.9212
55,320,0.8923
65,320,0.7724
70,320,0.6874
0,322,0.0055
15,322,0.0022
25,322,0.071
35,322,0.635
45,322,0.9337
55,322,0.9262
65,322,0.7386
70,322,0.7584
0,324,0.0023
15,324,0.0038
25,324,0.0888
35,324,0.8361
45,324,0.9478
55,324,0.9326
65,324,0.8052
70,324,0.7789
0,326,0.0026
15,326,0.0339
25,326,0.1754
35,326,0.8916
45,326,0.9544
55,326,0.927
65,326,0.83
70,326,0.7713
0,328,0.0112
15,328,0.0765
25,328,0.3189
35,328,0.9247
45,328,0.9583
55,328,0.9233
65,328,0.8236
70,328,0.7966
0,330,0.1012
15,330,0.0802
25,330,0.6329
35,330,0.96
45,330,0.9639
55,330,0.9023
65,330,0.845
70,330,0.8037
0,332,0.0736
15,332,0.1172
25,332,0.8232
35,332,0.961
45,332,0.9633
55,332,0.8996
65,332,0.8519
70,332,0.8128
0,334,0.0891
15,334,0.2069
25,334,0.7792
35,334,0.9602
45,334,0.9595
55,334,0.9317
65,334,0.8561
70,334,0.7957
0,336,0.1124
15,336,0.6302
25,336,0.8648
35,336,0.9664
45,336,0.9572
55,336,0.9393
65,336,0.8416
70,336,0.7916
0,338,0.2765
15,338,0.7681
25,338,0.9287
35,338,0.9558
45,338,0.9592
55,338,0.9399
65,338,0.8324
70,338,0.8088
0,340,0.8638
15,340,0.6701
25,340,0.9212
35,340,0.9631
45,340,0.9563
55,340,0.9494
65,340,0.8496
70,340,0.7699
0,342,0.6778
15,342,0.8046
25,342,0.941
35,342,0.9732
45,342,0.9629
55,342,0.9504
65,342,0.826
70,342,0.7472
0,344,0.6868
15,344,0.8769
25,344,0.9408
35,344,0.9724
45,344,0.9679
55,344,0.9474
65,344,0.7971
70,344,0.8054
0,346,0.8413
15,346,0.8718
25,346,0.9301
35,346,0.9773
45,346,0.9641
55,346,0.9373
65,346,0.8416
70,346,0.8238
0,348,0.8512
15,348,0.9231
25,348,0.9567
35,348,0.9743
45,348,0.9683
55,348,0.9308
65,348,0.8687
70,348,0.8185
0,350,0.883
15,350,0.923
25,350,0.9781
35,350,0.9727
45,350,0.9688
55,350,0.942
65,350,0.8599
70,350,0.8472
0,352,0.9376
15,352,0.903
25,352,0.9758
35,352,0.967
45,352,0.9668
55,352,0.9438
65,352,0.8779
70,352,0.8363
0,354,0.9106
15,354,0.9453
25,354,0.9802
35,354,0.9667
45,354,0.9666
55,354,0.9291
65,354,0.8796
70,354,0.8143
0,356,0.9138
15,356,0.973
25,356,0.9779
35,356,0.9742
45,356,0.964
55,356,0.9313
65,356,0.8548
70,356,0.8282
0,358,0.9579
15,358,0.9735
25,358,0.9598
35,358,0.9721
45,358,0.9638
55,358,0.9502
65,358,0.8655
70,358,0.8055
0,360,0.9744
15,360,0.9797
25,360,0.9379
35,360,0.9681
45,360,0.9685
55,360,0.955
65,360,0.8576
70,360,0.7657
0,362,0.9741
15,362,0.9768
25,362,0.9526
35,362,0.9747
45,362,0.969
55,362,0.9498
65,362,0.8197
70,362,0.8015
0,364,0.9799
15,364,0.9466
25,364,0.9731
35,364,0.9767
45,364,0.9664
55,364,0.954
65,364,0.8315
70,364,0.8406
0,366,0.9708
15,366,0.9105
25,366,0.9669
35,366,0.9785
45,366,0.9648
55,366,0.9511
65,366,0.872
70,366,0.8247
0,368,0.9242
15,368,0.9269
25,368,0.9621
35,368,0.9764
45,368,0.9698
55,368,0.9445
65,368,0.8703
70,368,0.8247
0,370,0.9037
15,370,0.9719
25,370,0.9671
35,370,0.9673
45,370,0.9715
55,370,0.9539
65,370,0.8616
70,370,0.8595
0,372,0.9445
15,372,0.9654
25,372,0.9686
35,372,0.967
45,372,0.9718
55,372,0.9538
65,372,0.8827
70,372,0.8534
0,374,0.9784
15,374,0.9565
25,374,0.9711
35,374,0.9766
45,374,0.9697
55,374,0.9367
65,374,0.8962
70,374,0.8245
0,376,0.962
15,376,0.969
25,376,0.9832
35,376,0.9789
45,376,0.9721
55,376,0.9318
65,376,0.871
70,376,0.8266
0,378,0.9567
15,378,0.9625
25,378,0.9616
35,378,0.9709
45,378,0.9698
55,378,0.9449
65,378,0.8627
70,378,0.8405
0,380,0.9726
15,380,0.9631
25,380,0.9457
35,380,0.9706
45,380,0.97
55,380,0.9581
65,380,0.8808
70,380,0.8266
0,382,0.9608
15,382,0.978
25,382,0.9616
35,382,0.9731
45,382,0.9724
55,382,0.9499
65,382,0.8759
70,382,0.8151
0,384,0.9621
15,384,0.961
25,384,0.9773
35,384,0.9749
45,384,0.9696
55,384,0.9491
65,384,0.8575
70,384,0.8309
0,386,0.9778
15,386,0.9258
25,386,0.9662
35,386,0.9766
45,386,0.9674
55,386,0.9613
65,386,0.8611
70,386,0.8448
0,388,0.9515
15,388,0.9375
25,388,0.9613
35,388,0.9781
45,388,0.9676
55,388,0.9589
65,388,0.8797
70,388,0.8372
0,390,0.921
15,390,0.9721
25,390,0.9697
35,390,0.9757
45,390,0.9723
55,390,0.9484
65,390,0.8806
70,390,0.8308
0,392,0.9394
15,392,0.9706
25,392,0.9719
35,392,0.9715
45,392,0.9731
55,392,0.95
65,392,0.873
70,392,0.8395
0,394,0.978
15,394,0.9497
25,394,0.9693
35,394,0.9724
45,394,0.9701
55,394,0.9579
65,394,0.8757
70,394,0.8486
0,396,0.967
15,396,0.955
25,396,0.9753
35,396,0.9761
45,396,0.9692
55,396,0.9564
65,396,0.8839
70,396,0.847
0,398,0.9463
15,398,0.9706
25,398,0.9794
35,398,0.9777
45,398,0.972
55,398,0.9464
65,398,0.8876
70,398,0.8451
0,400,0.9591
15,400,0.9658
25,400,0.9674
35,400,0.9762
45,400,0.9729
55,400,0.9489
65,400,0.8834
70,400,0.8484
0,402,0.9744
15,402,0.9646
25,402,0.9537
35,402,0.9742
45,402,0.97
55,402,0.9598
65,402,0.8829
70,402,0.853
0,404,0.9669
15,404,0.9771
25,404,0.961
35,404,0.9743
45,404,0.9705
55,404,0.9599
65,404,0.8898
70,404,0.8545
0,406,0.9625
15,406,0.9753
25,406,0.978
35,406,0.9743
45,406,0.9725
55,406,0.9542
65,406,0.8927
70,406,0.8502
0,408,0.9784
15,408,0.9469
25,408,0.9759
35,408,0.9766
45,408,0.9757
55,408,0.9525
65,408,0.8899
70,408,0.842
0,410,0.9753
15,410,0.9348
25,410,0.9676
35,410,0.978
45,410,0.9701
55,410,0.9595
65,410,0.8834
70,410,0.8341
0,412,0.9449
15,412,0.955
25,412,0.9666
35,412,0.9776
45,412,0.9688
55,412,0.9648
65,412,0.8783
70,412,0.8347
0,414,0.9311
15,414,0.9773
25,414,0.973
35,414,0.9755
45,414,0.9717
55,414,0.9586
65,414,0.8769
70,414,0.8389
0,416,0.9525
15,416,0.9717
25,416,0.9738
35,416,0.9741
45,416,0.9762
55,416,0.9548
65,416,0.8759
70,416,0.8331
0,418,0.9795
15,418,0.9568
25,418,0.9724
35,418,0.976
45,418,0.9753
55,418,0.9584
65,418,0.8755
70,418,0.8298
0,420,0.9742
15,420,0.9579
25,420,0.9745
35,420,0.9744
45,420,0.9699
55,420,0.9638
65,420,0.8732
70,420,0.8337
0,422,0.9552
15,422,0.971
25,422,0.979
35,422,0.9769
45,422,0.9697
55,422,0.9639
65,422,0.8714
70,422,0.8422
0,424,0.9592
15,424,0.9735
25,424,0.9767
35,424,0.9768
45,424,0.9766
55,424,0.9581
65,424,0.8771
70,424,0.8452
0,426,0.9735
15,426,0.9664
25,426,0.968
35,426,0.978
45,426,0.9778
55,426,0.958
65,426,0.8834
70,426,0.8473
0,428,0.9775
15,428,0.9698
25,428,0.9634
35,428,0.9778
45,428,0.9736
55,428,0.9594
65,428,0.8858
70,428,0.8554
0,430,0.9676
15,430,0.9794
25,430,0.9702
35,430,0.9768
45,430,0.9701
55,430,0.9618
65,430,0.8876
70,430,0.8602
0,432,0.9685
15,432,0.9759
25,432,0.978
35,432,0.9756
45,432,0.9723
55,432,0.9591
65,432,0.895
70,432,0.8402
0,434,0.9791
15,434,0.9589
25,434,0.9785
35,434,0.978
45,434,0.9785
55,434,0.9542
65,434,0.8978
70,434,0.8018
0,436,0.9797
15,436,0.9505
25,436,0.9746
35,436,0.9815
45,436,0.9783
55,436,0.9549
65,436,0.8819
70,436,0.7612
0,438,0.9641
15,438,0.9583
25,438,0.9706
35,438,0.9784
45,438,0.9738
55,438,0.9573
65,438,0.8496
70,438,0.7333
0,440,0.9485
15,440,0.9755
25,440,0.9733
35,440,0.9768
45,440,0.9733
55,440,0.9609
65,440,0.8144
70,440,0.7121
0,442,0.9547
15,442,0.9808
25,442,0.9756
35,442,0.9758
45,442,0.9773
55,442,0.962
65,442,0.7838
70,442,0.6831
0,444,0.9731
15,444,0.9716
25,444,0.977
35,444,0.9793
45,444,0.9783
55,444,0.9614
65,444,0.753
70,444,0.6506
0,446,0.9832
15,446,0.9651
25,446,0.9767
35,446,0.9811
45,446,0.9778
55,446,0.9634
65,446,0.7238
70,446,0.6345
0,448,0.9755
15,448,0.9663
25,448,0.9778
35,448,0.9811
45,448,0.972
55,448,0.9661
65,448,0.7027
70,448,0.6344
0,450,0.9661
15,450,0.9714
25,450,0.9751
35,450,0.9784
45,450,0.971
55,450,0.9688
65,450,0.6929
70,450,0.6373
0,452,0.9652
15,452,0.9751
25,452,0.975
35,452,0.9798
45,452,0.9753
55,452,0.9691
65,452,0.695
70,452,0.635
0,454,0.9721
15,454,0.974
25,454,0.9754
35,454,0.9816
45,454,0.9796
55,454,0.9648
65,454,0.6985
70,454,0.6349
0,456,0.9771
15,456,0.9727
25,456,0.9772
35,456,0.9843
45,456,0.9817
55,456,0.9622
65,456,0.6968
70,456,0.654
0,458,0.9759
15,458,0.9738
25,458,0.9798
35,458,0.9823
45,458,0.9793
55,458,0.961
65,458,0.6978
70,458,0.7035
0,460,0.9728
15,460,0.9741
25,460,0.9797
35,460,0.9781
45,460,0.977
55,460,0.9555
65,460,0.7178
70,460,0.7647
0,462,0.9741
15,462,0.9728
25,462,0.9789
35,462,0.9767
45,462,0.9786
55,462,0.9418
65,462,0.76
70,462,0.7984
0,464,0.9756
15,464,0.9723
25,464,0.9774
35,464,0.9806
45,464,0.9819
55,464,0.9171
65,464,0.8028
70,464,0.7715
0,466,0.9758
15,466,0.9737
25,466,0.9793
35,466,0.9859
45,466,0.9822
55,466,0.8897
65,466,0.8129
70,466,0.6544
0,468,0.974
15,468,0.976
25,468,0.9806
35,468,0.9861
45,468,0.9783
55,468,0.8661
65,468,0.7578
70,468,0.4503
0,470,0.9736
15,470,0.9777
25,470,0.9788
35,470,0.9821
45,470,0.9739
55,470,0.8441
65,470,0.6115
70,470,0.2365
0,472,0.9762
15,472,0.9768
25,472,0.9762
35,472,0.9779
45,472,0.9733
55,472,0.8187
65,472,0.3971
70,472,0.0954
0,474,0.978
15,474,0.9755
25,474,0.9748
35,474,0.9788
45,474,0.9774
55,474,0.7931
65,474,0.1947
70,474,0.036
0,476,0.9794
15,476,0.9747
25,476,0.9792
35,476,0.9831
45,476,0.9806
55,476,0.7757
65,476,0.0736
70,476,0.0151
0,478,0.9779
15,478,0.9742
25,478,0.9838
35,478,0.9841
45,478,0.9749
55,478,0.7698
65,478,0.0275
70,478,0.0075
0,480,0.9749
15,480,0.9726
25,480,0.9839
35,480,0.9807
45,480,0.964
55,480,0.7648
65,480,0.0116
70,480,0.0041
0,482,0.9739
15,482,0.9718
25,482,0.9784
35,482,0.9754
45,482,0.9538
55,482,0.7382
65,482,0.0059
70,482,0.0029
0,484,0.9731
15,484,0.9749
25,484,0.9714
35,484,0.9751
45,484,0.9383
55,484,0.692
65,484,0.0036
70,484,0.0024
0,486,0.9714
15,486,0.9813
25,486,0.9712
35,486,0.9802
45,486,0.9057
55,486,0.5813
65,486,0.0026
70,486,0.0022
0,488,0.9747
15,488,0.9844
25,488,0.9792
35,488,0.9842
45,488,0.8646
55,488,0.4132
65,488,0.0022
70,488,0.0023
0,490,0.9806
15,490,0.9808
25,490,0.9848
35,490,0.9836
45,490,0.828
55,490,0.2343
65,490,0.0021
70,490,0.0026
0,492,0.9857
15,492,0.9701
25,492,0.9827
35,492,0.9782
45,492,0.8095
55,492,0.0977
65,492,0.0022
70,492,0.0036
0,494,0.9855
15,494,0.9643
25,494,0.9762
35,494,0.9725
45,494,0.8177
55,494,0.0338
65,494,0.0026
70,494,0.0056
0,496,0.977
15,496,0.9678
25,496,0.97
35,496,0.9727
45,496,0.8389
55,496,0.0131
65,496,0.0035
70,496,0.0089
0,498,0.9676
15,498,0.9791
25,498,0.973
35,498,0.9773
45,498,0.8433
55,498,0.0062
65,498,0.0053
70,498,0.0108
0,500,0.9654
15,500,0.9869
25,500,0.9815
35,500,0.9769
45,500,0.7896
55,500,0.0036
65,500,0.0077
70,500,0.0089
0,502,0.9737
15,502,0.9833
25,502,0.9861
35,502,0.9669
45,502,0.6343
55,502,0.0023
65,502,0.0081
70,502,0.0051
0,504,0.9851
15,504,0.9724
25,504,0.9833
35,504,0.9553
45,504,0.4114
55,504,0.0016
65,504,0.006
70,504,0.0024
0,506,0.9888
15,506,0.9656
25,506,0.9779
35,506,0.9467
45,506,0.1956
55,506,0.0011
65,506,0.0031
70,506,0.0013
0,508,0.9816
15,508,0.9694
25,508,0.9781
35,508,0.9307
45,508,0.0631
55,508,0.0008
65,508,0.0013
70,508,0.0007
0,510,0.9709
15,510,0.9803
25,510,0.9833
35,510,0.9002
45,510,0.0186
55,510,0.0007
65,510,0.0005
70,510,0.0003
0,512,0.9676
15,512,0.9868
25,512,0.9849
35,512,0.83
45,512,0.0065
55,512,0.0007
65,512,0.0002
70,512,0.0001
0,514,0.9746
15,514,0.9833
25,514,0.977
35,514,0.6607
45,514,0.0026
55,514,0.0012
65,514,0
70,514,0
0,516,0.9846
15,516,0.979
25,516,0.9641
35,516,0.4147
45,516,0.0012
55,516,0.002
65,516,0
70,516,0
0,518,0.9869
15,518,0.9823
25,518,0.9518
35,518,0.1871
45,518,0.0006
55,518,0.0023
65,518,0
70,518,0
0,520,0.9825
15,520,0.9883
25,520,0.9265
35,520,0.0548
45,520,0.0003
55,520,0.0018
65,520,0
70,520,0
0,522,0.9816
15,522,0.9834
25,522,0.8755
35,522,0.0149
45,522,0.0002
55,522,0.0009
65,522,0
70,522,0
0,524,0.9876
15,524,0.9624
25,524,0.8139
35,524,0.0049
45,524,0.0001
55,524,0.0002
65,524,0
70,524,0
0,526,0.9905
15,526,0.9363
25,526,0.7174
35,526,0.0019
45,526,0.0001
55,526,0
65,526,0
70,526,0
0,528,0.9764
15,528,0.9127
25,528,0.5043
35,528,0.0009
45,528,0.0002
55,528,0
65,528,0
70,528,0.0001
0,530,0.9475
15,530,0.8732
25,530,0.242
35,530,0.0004
45,530,0.0005
55,530,0
65,530,0
70,530,0.0002
0,532,0.92
15,532,0.8144
25,532,0.068
35,532,0.0002
45,532,0.0009
55,532,0
65,532,0
70,532,0.0003
0,534,0.8913
15,534,0.7756
25,534,0.0165
35,534,0.0001
45,534,0.001
55,534,0
65,534,0
70,534,0.0008
0,536,0.8388
15,536,0.7293
25,536,0.005
35,536,0.0001
45,536,0.0007
55,536,0
65,536,0.0001
70,536,0.0031
0,538,0.7714
15,538,0.5081
25,538,0.0019
35,538,0.0001
45,538,0.0003
55,538,0
65,538,0.0003
70,538,0.0118
0,540,0.7642
15,540,0.1833
25,540,0.0008
35,540,0.0001
45,540,0
55,540,0
65,540,0.0007
70,540,0.0229
0,542,0.7586
15,542,0.0397
25,542,0.0004
35,542,0.0003
45,542,0
55,542,0
65,542,0.0033
70,542,0.0227
0,544,0.4709
15,544,0.0102
25,544,0.0002
35,544,0.0005
45,544,0
55,544,0
65,544,0.0109
70,544,0.0192
0,546,0.1042
15,546,0.0034
25,546,0.0001
35,546,0.0006
45,546,0
55,546,0
65,546,0.0175
70,546,0.0133
0,548,0.0238
15,548,0.0014
25,548,0.0001
35,548,0.0005
45,548,0
55,548,0
65,548,0.0172
70,548,0.0053
0,550,0.0071
15,550,0.0006
25,550,0.0001
35,550,0.0002
45,550,0
55,550,0
65,550,0.0148
70,550,0.0019
0,552,0.0026
15,552,0.0003
25,552,0.0001
35,552,0
45,552,0
55,552,0
65,552,0.0112
70,552,0.0013
0,554,0.0012
15,554,0.0002
25,554,0.0001
35,554,0
45,554,0
55,554,0
65,554,0.0056
70,554,0.0012
0,556,0.0006
15,556,0.0001
25,556,0.0003
35,556,0
45,556,0
55,556,0
65,556,0.0017
70,556,0.0012
0,558,0.0003
15,558,0
25,558,0.0004
35,558,0
45,558,0
55,558,0
65,558,0.0012
70,558,0.0014
0,560,0.0002
15,560,0.0001
25,560,0.0004
35,560,0
45,560,0
55,560,0
65,560,0.001
70,560,0.0018
0,562,0.0002
15,562,0.0001
25,562,0.0003
35,562,0
45,562,0
55,562,0.0001
65,562,0.0011
70,562,0.0026
0,564,0.0002
15,564,0.0002
25,564,0.0001
35,564,0
45,564,0
55,564,0.0001
65,564,0.0013
70,564,0.0044
0,566,0.0001
15,566,0.0003
25,566,0
35,566,0
45,566,0
55,566,0.0001
65,566,0.0017
70,566,0.0093
0,568,0.0001
15,568,0.0005
25,568,0
35,568,0
45,568,0
55,568,0.0003
65,568,0.0023
70,568,0.0337
0,570,0.0002
15,570,0.0005
25,570,0
35,570,0
45,570,0
55,570,0.0014
65,570,0.0038
70,570,0.0939
0,572,0.0003
15,572,0.0002
25,572,0
35,572,0
45,572,0
55,572,0.0043
65,572,0.0085
70,572,0.1468
0,574,0.0006
15,574,0.0001
25,574,0
35,574,0
45,574,0
55,574,0.0063
65,574,0.0313
70,574,0.1531
0,576,0.0004
15,576,0
25,576,0
35,576,0
45,576,0
55,576,0.0064
65,576,0.0844
70,576,0.1403
0,578,0.0001
15,578,0
25,578,0
35,578,0
45,578,0
55,578,0.0059
65,578,0.1285
70,578,0.1078
0,580,0
15,580,0
25,580,0
35,580,0
45,580,0
55,580,0.0052
65,580,0.1359
70,580,0.0595
0,582,0
15,582,0
25,582,0
35,582,0
45,582,0
55,582,0.004
65,582,0.1282
70,582,0.0317
0,584,0
15,584,0
25,584,0
35,584,0
45,584,0
55,584,0.0019
65,584,0.1085
70,584,0.0265
0,586,0
15,586,0
25,586,0
35,586,0
45,586,0
55,586,0.0007
65,586,0.0705
70,586,0.0278
0,588,0
15,588,0
25,588,0
35,588,0
45,588,0
55,588,0.0005
65,588,0.035
70,588,0.0337
0,590,0
15,590,0
25,590,0
35,590,0
45,590,0
55,590,0.0005
65,590,0.0266
70,590,0.0465
0,592,0
15,592,0
25,592,0
35,592,0
45,592,0.0001
55,592,0.0006
65,592,0.0267
70,592,0.0725
0,594,0
15,594,0
25,594,0
35,594,0
45,594,0.0001
55,594,0.0007
65,594,0.0318
70,594,0.1253
0,596,0
15,596,0
25,596,0
35,596,0
45,596,0.0004
55,596,0.001
65,596,0.0431
70,596,0.2191
0,598,0
15,598,0
25,598,0
35,598,0
45,598,0.0017
55,598,0.0016
65,598,0.0659
70,598,0.344
0,600,0
15,600,0
25,600,0
35,600,0
45,600,0.0033
55,600,0.0031
65,600,0.1123
70,600,0.4614
0,602,0
15,602,0
25,602,0
35,602,0
45,602,0.0035
55,602,0.0089
65,602,0.1964
70,602,0.5407
0,604,0
15,604,0
25,604,0
35,604,0
45,604,0.0033
55,604,0.0338
65,604,0.3146
70,604,0.5746
0,606,0
15,606,0
25,606,0
35,606,0
45,606,0.003
55,606,0.0692
65,606,0.4332
70,606,0.5653
0,608,0
15,608,0
25,608,0
35,608,0
45,608,0.0025
55,608,0.0848
65,608,0.5219
70,608,0.5313
0,610,0
15,610,0
25,610,0
35,610,0
45,610,0.0014
55,610,0.0876
65,610,0.5729
70,610,0.5039
0,612,0
15,612,0
25,612,0
35,612,0
45,612,0.0004
55,612,0.0849
65,612,0.5853
70,612,0.4993
0,614,0
15,614,0
25,614,0
35,614,0
45,614,0.0003
55,614,0.0784
65,614,0.5658
70,614,0.5118
0,616,0
15,616,0
25,616,0
35,616,0.0001
45,616,0.0003
55,616,0.0604
65,616,0.5369
70,616,0.529
0,618,0
15,618,0
25,618,0
35,618,0.0005
45,618,0.0003
55,618,0.0348
65,618,0.5237
70,618,0.5437
0,620,0
15,620,0
25,620,0
35,620,0.0016
45,620,0.0004
55,620,0.0219
65,620,0.5291
70,620,0.5531
0,622,0
15,622,0
25,622,0
35,622,0.0024
45,622,0.0006
55,622,0.021
65,622,0.5442
70,622,0.5585
0,624,0
15,624,0
25,624,0
35,624,0.0025
45,624,0.0008
55,624,0.0243
65,624,0.5595
70,624,0.5641
0,626,0
15,626,0
25,626,0
35,626,0.0023
45,626,0.0013
55,626,0.0323
65,626,0.5699
70,626,0.5759
0,628,0
15,628,0
25,628,0
35,628,0.002
45,628,0.0026
55,628,0.0491
65,628,0.5769
70,628,0.5965
0,630,0
15,630,0
25,630,0
35,630,0.0012
45,630,0.0084
55,630,0.0832
65,630,0.5826
70,630,0.623
0,632,0
15,632,0
25,632,0
35,632,0.0004
45,632,0.0315
55,632,0.1484
65,632,0.5917
70,632,0.6472
0,634,0
15,634,0
25,634,0
35,634,0.0002
45,634,0.0579
55,634,0.2481
65,634,0.6088
70,634,0.6588
0,636,0
15,636,0
25,636,0
35,636,0.0003
45,636,0.0679
55,636,0.3605
65,636,0.6337
70,636,0.6487
0,638,0
15,638,0
25,638,0
35,638,0.0003
45,638,0.0693
55,638,0.4574
65,638,0.6593
70,638,0.615
0,640,0
15,640,0
25,640,0.0001
35,640,0.0003
45,640,0.0663
55,640,0.5284
65,640,0.675
70,640,0.5628
0,642,0
15,642,0
25,642,0.0009
35,642,0.0003
45,642,0.0606
55,642,0.5754
65,642,0.6724
70,642,0.5027
0,644,0
15,644,0
25,644,0.0019
35,644,0.0003
45,644,0.0438
55,644,0.5973
65,644,0.6482
70,644,0.4532
0,646,0
15,646,0
25,646,0.0021
35,646,0.0005
45,646,0.0237
55,646,0.5921
65,646,0.6044
70,646,0.4224
0,648,0
15,648,0
25,648,0.002
35,648,0.0009
45,648,0.0156
55,648,0.5721
65,648,0.5562
70,648,0.3973
0,650,0
15,650,0
25,650,0.0015
35,650,0.0018
45,650,0.0153
55,650,0.5598
65,650,0.5132
70,650,0.373
0,652,0
15,652,0
25,652,0.0008
35,652,0.0053
45,652,0.0179
55,652,0.5626
65,652,0.4679
70,652,0.3542
0,654,0
15,654,0
25,654,0.0004
35,654,0.0252
45,654,0.0242
55,654,0.5737
65,654,0.423
70,654,0.3539
0,656,0
15,656,0
25,656,0.0003
35,656,0.0506
45,656,0.0378
55,656,0.585
65,656,0.3826
70,656,0.3781
0,658,0
15,658,0.0001
25,658,0.0002
35,658,0.062
45,658,0.0634
55,658,0.5939
65,658,0.3576
70,658,0.4216
0,660,0
15,660,0.0011
25,660,0.0001
35,660,0.0633
45,660,0.113
55,660,0.6004
65,660,0.3579
70,660,0.483
0,662,0
15,662,0.0024
25,662,0.0001
35,662,0.0601
45,662,0.1998
55,662,0.6069
65,662,0.3788
70,662,0.5555
0,664,0
15,664,0.0027
25,664,0.0002
35,664,0.0532
45,664,0.31
55,664,0.6189
65,664,0.4198
70,664,0.6258
0,666,0
15,666,0.0017
25,666,0.0002
35,666,0.0335
45,666,0.414
55,666,0.64
65,666,0.477
70,666,0.6838
0,668,0.0001
15,668,0.0005
25,668,0.0003
35,668,0.0162
45,668,0.495
55,668,0.6776
65,668,0.5442
70,668,0.7196
0,670,0.0009
15,670,0.0001
25,670,0.0004
35,670,0.0134
45,670,0.5504
55,670,0.7234
65,670,0.6137
70,670,0.7298
0,672,0.0024
15,672,0.0001
25,672,0.0008
35,672,0.0161
45,672,0.581
55,672,0.7514
65,672,0.6765
70,672,0.7116
0,674,0.0016
15,674,0.0001
25,674,0.0016
35,674,0.0193
45,674,0.5846
55,674,0.7502
65,674,0.723
70,674,0.668
0,676,0.0003
15,676,0.0001
25,676,0.0051
35,676,0.0231
45,676,0.5663
55,676,0.7192
65,676,0.7428
70,676,0.6136
0,678,0.0001
15,678,0.0001
25,678,0.0275
35,678,0.0294
45,678,0.5478
55,678,0.6629
65,678,0.7322
70,678,0.5609
0,680,0.0001
15,680,0.0001
25,680,0.0553
35,680,0.0427
45,680,0.5452
55,680,0.5978
65,680,0.6964
70,680,0.5209
0,682,0.0001
15,682,0.0001
25,682,0.0666
35,682,0.0747
45,682,0.5554
55,682,0.5359
65,682,0.6454
70,682,0.4974
0,684,0.0001
15,684,0.0002
25,684,0.0653
35,684,0.1429
45,684,0.5698
55,684,0.482
65,684,0.5916
70,684,0.4883
0,686,0.0001
15,686,0.0003
25,686,0.056
35,686,0.2512
45,686,0.5872
55,686,0.4404
65,686,0.5475
70,686,0.4922
0,688,0.0001
15,688,0.0004
25,688,0.0358
35,688,0.3718
45,688,0.6144
55,688,0.4125
65,688,0.5157
70,688,0.5072
0,690,0.0001
15,690,0.0007
25,690,0.0221
35,690,0.4717
45,690,0.6419
55,690,0.3979
65,690,0.4971
70,690,0.5312
0,692,0.0002
15,692,0.0014
25,692,0.0183
35,692,0.5396
45,692,0.66
55,692,0.396
65,692,0.4922
70,692,0.5637
0,694,0.0002
15,694,0.0036
25,694,0.0133
35,694,0.5765
45,694,0.6762
55,694,0.4072
65,694,0.499
70,694,0.6013
0,696,0.0003
15,696,0.0193
25,696,0.0106
35,696,0.5801
45,696,0.6922
55,696,0.4323
65,696,0.5173
70,696,0.6406
0,698,0.0005
15,698,0.0627
25,698,0.0118
35,698,0.5564
45,698,0.7095
55,698,0.4673
65,698,0.5444
70,698,0.6798
0,700,0.0009
15,700,0.0922
25,700,0.0153
35,700,0.5347
45,700,0.7309
55,700,0.508
65,700,0.5784
70,700,0.7172
0,702,0.0017
15,702,0.0825
25,702,0.022
35,702,0.5416
45,702,0.7456
55,702,0.5531
65,702,0.6187
70,702,0.748
0,704,0.0039
15,704,0.044
25,704,0.0353
35,704,0.577
45,704,0.7415
55,704,0.5978
65,704,0.6625
70,704,0.7657
0,706,0.0135
15,706,0.0167
25,706,0.0629
35,706,0.6149
45,706,0.7148
55,706,0.6352
65,706,0.7061
70,706,0.7695
0,708,0.1175
15,708,0.0093
25,708,0.1235
35,708,0.637
45,708,0.6653
55,708,0.6613
65,708,0.7424
70,708,0.7632
0,710,0.1222
15,710,0.0078
25,710,0.2379
35,710,0.6408
45,710,0.6015
55,710,0.673
65,710,0.7665
70,710,0.7527
0,712,0.048
15,712,0.0078
25,712,0.3862
35,712,0.6309
45,712,0.5329
55,712,0.6685
65,712,0.7749
70,712,0.7434
0,714,0.0166
15,714,0.0085
25,714,0.5141
35,714,0.6225
45,714,0.4713
55,714,0.6474
65,714,0.7706
70,714,0.7397
0,716,0.0105
15,716,0.0103
25,716,0.5907
35,716,0.6298
45,716,0.4243
55,716,0.6129
65,716,0.7609
70,716,0.7408
0,718,0.0085
15,718,0.0135
25,718,0.6154
35,718,0.6539
45,718,0.3937
55,718,0.5714
65,718,0.7529
70,718,0.7472
0,720,0.0081
15,720,0.0193
25,720,0.602
35,720,0.6926
45,720,0.3736
55,720,0.5315
65,720,0.7474
70,720,0.7569
0,722,0.0084
15,722,0.03
25,722,0.5822
35,722,0.7338
45,722,0.3597
55,722,0.5
65,722,0.7472
70,722,0.7681
0,724,0.0096
15,724,0.0519
25,724,0.5743
35,724,0.7637
45,724,0.3515
55,724,0.4788
65,724,0.7506
70,724,0.7778
0,726,0.0118
15,726,0.0998
25,726,0.5754
35,726,0.7704
45,726,0.3517
55,726,0.4717
65,726,0.7581
70,726,0.7861
0,728,0.0157
15,728,0.2069
25,728,0.5797
35,728,0.7476
45,728,0.3644
55,728,0.4792
65,728,0.7679
70,728,0.7906
0,730,0.0224
15,730,0.3976
25,730,0.5906
35,730,0.6992
45,730,0.3926
55,730,0.4997
65,730,0.7792
70,730,0.7916
0,732,0.0347
15,732,0.606
25,732,0.6011
35,732,0.6333
45,732,0.4384
55,732,0.5298
65,732,0.7899
70,732,0.7897
0,734,0.0588
15,734,0.7242
25,734,0.6071
35,734,0.5612
45,734,0.495
55,734,0.5632
65,734,0.8
70,734,0.7864
0,736,0.1109
15,736,0.7056
25,736,0.6089
35,736,0.4909
45,736,0.5543
55,736,0.5978
65,736,0.8073
70,736,0.7812
0,738,0.2303
15,738,0.6132
25,738,0.6104
35,738,0.4287
45,738,0.6036
55,738,0.6294
65,738,0.8136
70,738,0.7747
0,740,0.4865
15,740,0.539
25,740,0.6195
35,740,0.3768
45,740,0.6351
55,740,0.6571
65,740,0.8161
70,740,0.7668
0,742,0.7855
15,742,0.5117
25,742,0.64
35,742,0.3338
45,742,0.6451
55,742,0.681
65,742,0.8119
70,742,0.7597
0,744,0.8316
15,744,0.5222
25,744,0.6761
35,744,0.3006
45,744,0.6346
55,744,0.6998
65,744,0.8065
70,744,0.755
0,746,0.7003
15,746,0.5526
25,746,0.7212
35,746,0.2792
45,746,0.6074
55,746,0.7157
65,746,0.7988
70,746,0.7537
0,748,0.5832
15,748,0.5849
25,748,0.7639
35,748,0.271
45,748,0.5704
55,748,0.726
65,748,0.789
70,748,0.7549
0,750,0.5311
15,750,0.6058
25,750,0.783
35,750,0.2772
45,750,0.5314
55,750,0.7295
65,750,0.7809
70,750,0.7598
0,752,0.5264
15,752,0.61
25,752,0.7676
35,752,0.2992
45,752,0.4993
55,752,0.7298
65,752,0.7739
70,752,0.7684
0,754,0.5539
15,754,0.601
25,754,0.7172
35,754,0.3359
45,754,0.4776
55,754,0.7287
65,754,0.7702
70,754,0.7806
0,756,0.5939
15,756,0.5899
25,756,0.6359
35,756,0.3879
45,756,0.4662
55,756,0.7293
65,756,0.7722
70,756,0.7918
0,758,0.6291
15,758,0.5889
25,758,0.5415
35,758,0.4524
45,758,0.4616
55,758,0.7311
65,758,0.7778
70,758,0.8001
0,760,0.6455
15,760,0.6058
25,760,0.448
35,760,0.5194
45,760,0.462
55,760,0.7381
65,760,0.7869
70,760,0.8062
0,762,0.6417
15,762,0.6441
25,762,0.3679
35,762,0.58
45,762,0.469
55,762,0.7493
65,762,0.7982
70,762,0.8088
0,764,0.6235
15,764,0.7024
25,764,0.3064
35,764,0.6229
45,764,0.4809
55,764,0.7656
65,764,0.8096
70,764,0.804
0,766,0.6089
15,766,0.7679
25,766,0.2637
35,766,0.6428
45,766,0.4999
55,766,0.7849
65,766,0.8204
70,766,0.7945
0,768,0.607
15,768,0.8131
25,768,0.2372
35,768,0.6401
45,768,0.526
55,768,0.8041
65,768,0.8278
70,768,0.779
0,770,0.6258
15,770,0.8048
25,770,0.2221
35,770,0.6174
45,770,0.5585
55,770,0.8215
65,770,0.8308
70,770,0.7576
0,772,0.6686
15,772,0.7339
25,772,0.2187
35,772,0.5829
45,772,0.5934
55,772,0.8359
65,772,0.8226
70,772,0.7338
0,774,0.7326
15,774,0.6216
25,774,0.2254
35,774,0.5431
45,774,0.6267
55,774,0.8433
65,774,0.8103
70,774,0.7128
0,776,0.8059
15,776,0.5019
25,776,0.242
35,776,0.5027
45,776,0.6557
55,776,0.8442
65,776,0.7939
70,776,0.6904
0,778,0.8562
15,778,0.3982
25,778,0.2707
35,778,0.4678
45,778,0.6781
55,778,0.8402
65,778,0.7717
70,778,0.6713
0,780,0.8442
15,780,0.3205
25,780,0.3134
35,780,0.4395
45,780,0.6932
55,780,0.832
65,780,0.7474
70,780,0.6574
0,782,0.7582
15,782,0.2662
25,782,0.3724
35,782,0.4196
45,782,0.7009
55,782,0.8208
65,782,0.7205
70,782,0.6492
0,784,0.6287
15,784,0.2304
25,784,0.446
35,784,0.4071
45,784,0.7037
55,784,0.808
65,784,0.6986
70,784,0.6453
0,786,0.5023
15,786,0.2081
25,786,0.5263
35,786,0.4072
45,786,0.7075
55,786,0.7955
65,786,0.6802
70,786,0.6455
0,788,0.4019
15,788,0.1961
25,788,0.5987
35,788,0.4175
45,788,0.7083
55,788,0.7856
65,788,0.6628
70,788,0.6537
0,790,0.3276
15,790,0.1925
25,790,0.651
35,790,0.4375
45,790,0.7105
55,790,0.7803
65,790,0.6513
70,790,0.6625
0,792,0.2751
15,792,0.1973
25,792,0.6723
35,792,0.4672
45,792,0.7175
55,792,0.7788
65,792,0.6454
70,792,0.676
0,794,0.2414
15,794,0.2096
25,794,0.6608
35,794,0.5027
45,794,0.7295
55,794,0.7809
65,794,0.6449
70,794,0.6903
0,796,0.2194
15,796,0.2317
25,796,0.6206
35,796,0.5411
45,796,0.7439
55,796,0.7886
65,796,0.6457
70,796,0.7077
0,798,0.2077
15,798,0.2651
25,798,0.5645
35,798,0.581
45,798,0.7591
55,798,0.7966
65,798,0.6529
70,798,0.7244
0,800,0.2049
15,800,0.3135
25,800,0.5047
35,800,0.6168
45,800,0.7778
55,800,0.8054
65,800,0.6619
70,800,0.7432
0,802,0.2091
15,802,0.382
25,802,0.4507
35,802,0.6471
45,802,0.7956
55,802,0.8118
65,802,0.6741
70,802,0.7608
0,804,0.2208
15,804,0.4665
25,804,0.4085
35,804,0.6705
45,804,0.8105
55,804,0.8187
65,804,0.6858
70,804,0.7775
0,806,0.2433
15,806,0.5629
25,806,0.3797
35,806,0.6853
45,806,0.8195
55,806,0.8199
65,806,0.7013
70,806,0.7908
0,808,0.2769
15,808,0.6492
25,808,0.3617
35,808,0.6948
45,808,0.8273
55,808,0.8183
65,808,0.719
70,808,0.8041
0,810,0.3236
15,810,0.6976
25,810,0.3561
35,810,0.6968
45,810,0.8254
55,810,0.8106
65,810,0.7351
70,810,0.8124
0,812,0.3899
15,812,0.698
25,812,0.3612
35,812,0.6949
45,812,0.82
55,812,0.7957
65,812,0.7526
70,812,0.8175
0,814,0.4769
15,814,0.6512
25,814,0.3746
35,814,0.6946
45,814,0.8121
55,814,0.7783
65,814,0.7706
70,814,0.8225
0,816,0.5787
15,816,0.5803
25,816,0.397
35,816,0.6938
45,816,0.7998
55,816,0.7552
65,816,0.7859
70,816,0.824
0,818,0.6798
15,818,0.5058
25,818,0.4276
35,818,0.6992
45,818,0.7861
55,818,0.729
65,818,0.7982
70,818,0.8223
0,820,0.7454
15,820,0.4421
25,820,0.4673
35,820,0.7056
45,820,0.7687
55,820,0.7042
65,820,0.8086
70,820,0.8203
0,822,0.7493
15,822,0.3927
25,822,0.5106
35,822,0.7178
45,822,0.7586
55,822,0.6775
65,822,0.8136
70,822,0.8195
0,824,0.6984
15,824,0.3606
25,824,0.5545
35,824,0.734
45,824,0.7484
55,824,0.6507
65,824,0.8175
70,824,0.8149
0,826,0.62
15,826,0.341
25,826,0.5962
35,826,0.7531
45,826,0.7416
55,826,0.6299
65,826,0.8184
70,826,0.81
0,828,0.5378
15,828,0.3303
25,828,0.6351
35,828,0.7727
45,828,0.7387
55,828,0.609
65,828,0.8154
70,828,0.8127
0,830,0.4711
15,830,0.3302
25,830,0.6633
35,830,0.7918
45,830,0.7396
55,830,0.5906
65,830,0.812
70,830,0.8104
0,832,0.4197
15,832,0.3386
25,832,0.6805
35,832,0.8081
45,832,0.7442
55,832,0.5758
65,832,0.8099
70,832,0.8146
0,834,0.3868
15,834,0.3561
25,834,0.687
35,834,0.8192
45,834,0.7487
55,834,0.5669
65,834,0.8044
70,834,0.8149
0,836,0.3645
15,836,0.3815
25,836,0.6866
35,836,0.8151
45,836,0.7607
55,836,0.5591
65,836,0.8026
70,836,0.8204
0,838,0.3517
15,838,0.4168
25,838,0.6787
35,838,0.81
45,838,0.7682
55,838,0.5586
65,838,0.8008
70,838,0.8254
0,840,0.3506
15,840,0.4571
25,840,0.6741
35,840,0.801
45,840,0.772
55,840,0.5637
65,840,0.797
70,840,0.8318
0,842,0.357
15,842,0.5025
25,842,0.6647
35,842,0.7857
45,842,0.7721
55,842,0.5678
65,842,0.7979
70,842,0.841
0,844,0.3743
15,844,0.5533
25,844,0.6623
35,844,0.767
45,844,0.7695
55,844,0.5825
65,844,0.8047
70,844,0.8445
0,846,0.3988
15,846,0.6006
25,846,0.6673
35,846,0.7486
45,846,0.7577
55,846,0.5983
65,846,0.805
70,846,0.8522
0,848,0.4323
15,848,0.6378
25,848,0.6803
35,848,0.7292
45,848,0.7473
55,848,0.6153
65,848,0.8201
70,848,0.8588
0,850,0.4671
15,850,0.6585
25,850,0.697
35,850,0.7072
45,850,0.7268
55,850,0.6364
65,850,0.8252
70,850,0.8628
0,852,0.518
15,852,0.6805
25,852,0.7197
35,852,0.6986
45,852,0.6976
55,852,0.6558
65,852,0.8305
70,852,0.8644
0,854,0.5603
15,854,0.6768
25,854,0.7426
35,854,0.6863
45,854,0.6728
55,854,0.6792
65,854,0.8481
70,854,0.8738
0,856,0.6137
15,856,0.6751
25,856,0.7709
35,856,0.6882
45,856,0.6416
55,856,0.6963
65,856,0.8586
70,856,0.8665
0,858,0.6554
15,858,0.6699
25,858,0.7881
35,858,0.6916
45,858,0.6129
55,858,0.7107
65,858,0.8595
70,858,0.8627
0,860,0.6891
15,860,0.6566
25,860,0.8031
35,860,0.6947
45,860,0.5763
55,860,0.7236
65,860,0.8652
70,860,0.8666
0,862,0.7067
15,862,0.6419
25,862,0.8135
35,862,0.7135
45,862,0.5462
55,862,0.745
65,862,0.8499
70,862,0.8626
0,864,0.7069
15,864,0.6347
25,864,0.8085
35,864,0.7143
45,864,0.5208
55,864,0.7565
65,864,0.8557
70,864,0.8636
0,866,0.703
15,866,0.6367
25,866,0.7953
35,866,0.7308
45,866,0.5162
55,866,0.7515
65,866,0.8738
70,866,0.8654
0,868,0.6969
15,868,0.6509
25,868,0.7918
35,868,0.7396
45,868,0.4959
55,868,0.7421
65,868,0.8684
70,868,0.8519
0,870,0.6751
15,870,0.6638
25,870,0.758
35,870,0.728
45,870,0.4733
55,870,0.7506
65,870,0.8837
70,870,0.8539
0,872,0.6501
15,872,0.6913
25,872,0.705
35,872,0.7425
45,872,0.4743
55,872,0.7341
65,872,0.8883
70,872,0.8581
0,874,0.6572
15,874,0.7149
25,874,0.6941
35,874,0.7248
45,874,0.4612
55,874,0.7473
65,874,0.8744
70,874,0.8667
0,876,0.6621
15,876,0.7416
25,876,0.6715
35,876,0.7055
45,876,0.4741
55,876,0.7358
65,876,0.8841
70,876,0.8753
0,878,0.679
15,878,0.7725
25,878,0.6514
35,878,0.6896
45,878,0.5076
55,878,0.7144
65,878,0.874
70,878,0.8745
0,880,0.7165
15,880,0.777
25,880,0.6413
35,880,0.6636
45,880,0.4893
55,880,0.7196
65,880,0.8933
70,880,0.8974
0,882,0.7045
15,882,0.8057
25,882,0.6344
35,882,0.5946
45,882,0.5141
55,882,0.7362
65,882,0.9213
70,882,0.8889
0,884,0.7552
15,884,0.7964
25,884,0.6401
35,884,0.5806
45,884,0.5356
55,884,0.6983
65,884,0.8861
70,884,0.8983
0,886,0.7843
15,886,0.7822
25,886,0.6345
35,886,0.5531
45,886,0.5195
55,886,0.71
65,886,0.8792
70,886,0.8936
0,888,0.7632
15,888,0.7693
25,888,0.6939
35,888,0.5131
45,888,0.5846
55,888,0.7225
65,888,0.9262
70,888,0.9094
0,890,0.8399
15,890,0.7382
25,890,0.6824
35,890,0.4747
45,890,0.5908
55,890,0.7348
65,890,0.8726
70,890,0.9796
0,892,0.793
15,892,0.7057
25,892,0.6732
35,892,0.4846
45,892,0.6606
55,892,0.7492
65,892,0.9335
70,892,0.8633
0,894,0.8158
15,894,0.6744
25,894,0.6896
35,894,0.3926
45,894,0.6423
55,894,0.7379
65,894,0.9247
70,894,0.8682
0,896,0.825
15,896,0.6808
25,896,0.6987
35,896,0.4109
45,896,0.6504
55,896,0.7506
65,896,0.8919
70,896,0.9213
0,898,0.8227
15,898,0.6137
25,898,0.718
35,898,0.5023
45,898,0.6771
55,898,0.779
65,898,0.9183
70,898,0.8658
0,900,0.7989
15,900,0.6164
25,900,0.7294
35,900,0.3591
45,900,0.704
55,900,0.7946
65,900,0.8821
70,900,0.9113
