0,250,0.0843
10,250,0.0826
20,250,0.0789
30,250,0.073
40,250,0.0655
45,250,0.0615
50,250,0.057
60,250,0.0471
70,250,0.0351
0,252,0.0985
10,252,0.0966
20,252,0.0926
30,252,0.0861
40,252,0.0778
45,252,0.0734
50,252,0.0684
60,252,0.0572
70,252,0.043
0,254,0.1145
10,254,0.1125
20,254,0.1083
30,254,0.1012
40,254,0.0922
45,254,0.0873
50,254,0.0818
60,254,0.0691
70,254,0.0525
0,256,0.1329
10,256,0.1307
20,256,0.1262
30,256,0.1186
40,256,0.1088
45,256,0.1035
50,256,0.0974
60,256,0.0831
70,256,0.0638
0,258,0.1538
10,258,0.1515
20,258,0.1468
30,258,0.1385
40,258,0.1281
45,258,0.1224
50,258,0.1157
60,258,0.0996
70,258,0.0772
0,260,0.1774
10,260,0.1749
20,260,0.17
30,260,0.1613
40,260,0.1502
45,260,0.1441
50,260,0.1368
60,260,0.1189
70,260,0.093
0,262,0.2039
10,262,0.2013
20,262,0.1962
30,262,0.1872
40,262,0.1754
45,262,0.1689
50,262,0.1609
60,262,0.1412
70,262,0.1113
0,264,0.2335
10,264,0.2308
20,264,0.2256
30,264,0.2163
40,264,0.204
45,264,0.1972
50,264,0.1886
60,264,0.167
70,264,0.1327
0,266,0.266
10,266,0.2632
20,266,0.2582
30,266,0.2485
40,266,0.2358
45,266,0.2288
50,266,0.2198
60,266,0.1962
70,266,0.1572
0,268,0.3015
10,268,0.2986
20,268,0.2937
30,268,0.2839
40,268,0.2711
45,268,0.2638
50,268,0.2545
60,268,0.2289
70,268,0.1848
0,270,0.3392
10,270,0.3363
20,270,0.3315
30,270,0.3219
40,270,0.309
45,270,0.3019
50,270,0.292
60,270,0.2647
70,270,0.2153
0,272,0.3787
10,272,0.3758
20,272,0.3713
30,272,0.3621
40,272,0.3494
45,272,0.3424
50,272,0.3324
60,272,0.3034
70,272,0.2484
0,274,0.4197
10,274,0.4167
20,274,0.4127
30,274,0.4038
40,274,0.3918
45,274,0.385
50,274,0.3751
60,274,0.3444
70,274,0.284
0,276,0.4611
10,276,0.4583
20,276,0.4548
30,276,0.4465
40,276,0.4352
45,276,0.4287
50,276,0.4189
60,276,0.3873
70,276,0.3212
0,278,0.5023
10,278,0.4997
20,278,0.4968
30,278,0.4892
40,278,0.4789
45,278,0.4728
50,278,0.4633
60,278,0.431
70,278,0.3593
0,280,0.5423
10,280,0.5398
20,280,0.5378
30,280,0.531
40,280,0.522
45,280,0.5163
50,280,0.5072
60,280,0.4743
70,280,0.3976
0,282,0.5809
10,282,0.5786
20,282,0.5774
30,282,0.5713
40,282,0.5638
45,282,0.559
50,282,0.5501
60,282,0.5168
70,282,0.4355
0,284,0.6177
10,284,0.6153
20,284,0.6151
30,284,0.6098
40,284,0.6035
45,284,0.5996
50,284,0.5915
60,284,0.558
70,284,0.4725
0,286,0.6519
10,286,0.65
20,286,0.6501
30,286,0.6464
40,286,0.6413
45,286,0.6377
50,286,0.6304
60,286,0.5974
70,286,0.5081
0,288,0.6838
10,288,0.6817
20,288,0.6827
30,288,0.68
40,288,0.6766
45,288,0.6736
50,288,0.6668
60,288,0.6343
70,288,0.5415
0,290,0.7125
10,290,0.7108
20,290,0.7123
30,290,0.7105
40,290,0.7084
45,290,0.7067
50,290,0.7003
60,290,0.6681
70,290,0.5724
0,292,0.7383
10,292,0.7368
20,292,0.7389
30,292,0.7382
40,292,0.7377
45,292,0.7367
50,292,0.7311
60,292,0.6995
70,292,0.6014
0,294,0.7613
10,294,0.7602
20,294,0.7632
30,294,0.7632
40,294,0.7641
45,294,0.7639
50,294,0.7589
60,294,0.7284
70,294,0.6283
0,296,0.7823
10,296,0.7808
20,296,0.7849
30,296,0.7856
40,296,0.7876
45,296,0.7885
50,296,0.7845
60,296,0.7546
70,296,0.6526
0,298,0.8008
10,298,0.7994
20,298,0.8035
30,298,0.8057
40,298,0.8091
45,298,0.8096
50,298,0.8073
60,298,0.778
70,298,0.6748
0,300,0.8167
10,300,0.8155
20,300,0.82
30,300,0.8231
40,300,0.8279
45,300,0.8293
50,300,0.8271
60,300,0.7988
70,300,0.6946
0,302,0.8306
10,302,0.8297
20,302,0.835
30,302,0.8387
40,302,0.8441
45,302,0.8462
50,302,0.8445
60,302,0.8174
70,302,0.7121
0,304,0.8433
10,304,0.8423
20,304,0.8478
30,304,0.8522
40,304,0.8581
45,304,0.8613
50,304,0.8597
60,304,0.8338
70,304,0.7275
0,306,0.8537
10,306,0.8529
20,306,0.859
30,306,0.8637
40,306,0.8705
45,306,0.8743
50,306,0.8733
60,306,0.8474
70,306,0.7409
0,308,0.863
10,308,0.8626
20,308,0.8689
30,308,0.8742
40,308,0.8816
45,308,0.8852
50,308,0.8849
60,308,0.8595
70,308,0.7522
0,310,0.8713
10,310,0.8707
20,310,0.8776
30,310,0.8829
40,310,0.8911
45,310,0.8952
50,310,0.8949
60,310,0.8702
70,310,0.7623
0,312,0.8784
10,312,0.8778
20,312,0.8846
30,312,0.8905
40,312,0.8994
45,312,0.9039
50,312,0.9038
60,312,0.8791
70,312,0.7711
0,314,0.8845
10,314,0.8841
20,314,0.8908
30,314,0.8972
40,314,0.9071
45,314,0.9115
50,314,0.9111
60,314,0.8878
70,314,0.7791
0,316,0.8896
10,316,0.8893
20,316,0.8966
30,316,0.903
40,316,0.9132
45,316,0.9176
50,316,0.9187
60,316,0.895
70,316,0.7867
0,318,0.8948
10,318,0.8943
20,318,0.9018
30,318,0.9084
40,318,0.919
45,318,0.9238
50,318,0.9249
60,318,0.902
70,318,0.7929
0,320,0.8986
10,320,0.8981
20,320,0.9051
30,320,0.9099
40,320,0.9194
45,320,0.9233
50,320,0.9235
60,320,0.898
70,320,0.7877
0,322,0.9019
10,322,0.9009
20,322,0.9084
30,322,0.9139
40,322,0.9233
45,322,0.9274
50,322,0.9277
60,322,0.9017
70,322,0.7911
0,324,0.9045
10,324,0.9045
20,324,0.9118
30,324,0.9176
40,324,0.9269
45,324,0.9314
50,324,0.9319
60,324,0.9062
70,324,0.7956
0,326,0.9073
10,326,0.9075
20,326,0.9149
30,326,0.9201
40,326,0.9301
45,326,0.9347
50,326,0.9353
60,326,0.9099
70,326,0.7989
0,328,0.9098
10,328,0.9093
20,328,0.9162
30,328,0.9224
40,328,0.9329
45,328,0.9371
50,328,0.9376
60,328,0.9134
70,328,0.8022
0,330,0.9121
10,330,0.9111
20,330,0.919
30,330,0.9247
40,330,0.9351
45,330,0.9398
50,330,0.9399
60,330,0.9154
70,330,0.8049
0,332,0.9128
10,332,0.9125
20,332,0.9206
30,332,0.9268
40,332,0.937
45,332,0.9415
50,332,0.9426
60,332,0.918
70,332,0.8065
0,334,0.9142
10,334,0.9148
20,334,0.9221
30,334,0.9282
40,334,0.9386
45,334,0.9431
50,334,0.9436
60,334,0.9196
70,334,0.808
0,336,0.9156
10,336,0.9151
20,336,0.9232
30,336,0.9297
40,336,0.9395
45,336,0.9447
50,336,0.9447
60,336,0.9203
70,336,0.8092
0,338,0.9164
10,338,0.9167
20,338,0.9237
30,338,0.9303
40,338,0.9404
45,338,0.9455
50,338,0.9464
60,338,0.9216
70,338,0.8103
0,340,0.9177
10,340,0.9178
20,340,0.9249
30,340,0.9312
40,340,0.9419
45,340,0.9471
50,340,0.947
60,340,0.9229
70,340,0.8109
0,342,0.9185
10,342,0.9184
20,342,0.9257
30,342,0.9317
40,342,0.9424
45,342,0.9476
50,342,0.9474
60,342,0.9235
70,342,0.8119
0,344,0.9193
10,344,0.9188
20,344,0.9261
30,344,0.9325
40,344,0.943
45,344,0.948
50,344,0.9483
60,344,0.9238
70,344,0.8122
0,346,0.92
10,346,0.9195
20,346,0.9269
30,346,0.9329
40,346,0.9432
45,346,0.9484
50,346,0.9489
60,346,0.9243
70,346,0.8123
0,348,0.9201
10,348,0.9205
20,348,0.9273
30,348,0.9334
40,348,0.9437
45,348,0.9494
50,348,0.9491
60,348,0.9248
70,348,0.8125
0,350,0.9208
10,350,0.9205
20,350,0.9276
30,350,0.934
40,350,0.9443
45,350,0.9489
50,350,0.9496
60,350,0.9245
70,350,0.8124
0,352,0.9214
10,352,0.9209
20,352,0.928
30,352,0.9343
40,352,0.9444
45,352,0.9492
50,352,0.9502
60,352,0.9253
70,352,0.8129
0,354,0.9213
10,354,0.9209
20,354,0.9286
30,354,0.9349
40,354,0.9446
45,354,0.9497
50,354,0.9501
60,354,0.9251
70,354,0.8127
0,356,0.9215
10,356,0.9212
20,356,0.9289
30,356,0.935
40,356,0.9451
45,356,0.9502
50,356,0.9501
60,356,0.925
70,356,0.8122
0,358,0.9222
10,358,0.9217
20,358,0.9288
30,358,0.9351
40,358,0.9449
45,358,0.9505
50,358,0.9507
60,358,0.9256
70,358,0.8127
0,360,0.9223
10,360,0.9222
20,360,0.9293
30,360,0.9354
40,360,0.9454
45,360,0.9504
50,360,0.9503
60,360,0.9258
70,360,0.8128
0,362,0.9227
10,362,0.9223
20,362,0.9291
30,362,0.9351
40,362,0.946
45,362,0.9503
50,362,0.9503
60,362,0.9257
70,362,0.8126
0,364,0.9228
10,364,0.9227
20,364,0.9294
30,364,0.9356
40,364,0.9459
45,364,0.9508
50,364,0.9507
60,364,0.9251
70,364,0.8124
0,366,0.9227
10,366,0.9225
20,366,0.93
30,366,0.9358
40,366,0.9457
45,366,0.9504
50,366,0.9505
60,366,0.9254
70,366,0.8124
0,368,0.9229
10,368,0.9226
20,368,0.9301
30,368,0.9361
40,368,0.946
45,368,0.9506
50,368,0.9511
60,368,0.9255
70,368,0.8124
0,370,0.9228
10,370,0.9228
20,370,0.9294
30,370,0.9356
40,370,0.9461
45,370,0.9504
50,370,0.9505
60,370,0.925
70,370,0.8124
0,372,0.9229
10,372,0.923
20,372,0.9292
30,372,0.9361
40,372,0.9458
45,372,0.9508
50,372,0.9509
60,372,0.9246
70,372,0.8117
0,374,0.9224
10,374,0.9226
20,374,0.9294
30,374,0.9355
40,374,0.9458
45,374,0.9502
50,374,0.9507
60,374,0.9252
70,374,0.8117
0,376,0.923
10,376,0.9234
20,376,0.9294
30,376,0.9355
40,376,0.946
45,376,0.9499
50,376,0.95
60,376,0.9237
70,376,0.8111
0,378,0.9227
10,378,0.9229
20,378,0.9289
30,378,0.9354
40,378,0.9454
45,378,0.95
50,378,0.9502
60,378,0.9246
70,378,0.8113
0,380,0.922
10,380,0.9221
20,380,0.9291
30,380,0.9347
40,380,0.9458
45,380,0.9509
50,380,0.9504
60,380,0.9239
70,380,0.811
0,382,0.9221
10,382,0.9224
20,382,0.9291
30,382,0.9351
40,382,0.9463
45,382,0.951
50,382,0.9511
60,382,0.9241
70,382,0.8113
0,384,0.9229
10,384,0.9222
20,384,0.9298
30,384,0.9352
40,384,0.9468
45,384,0.9509
50,384,0.9511
60,384,0.9245
70,384,0.8111
0,386,0.9227
10,386,0.923
20,386,0.9297
30,386,0.9359
40,386,0.9467
45,386,0.9517
50,386,0.9514
60,386,0.9244
70,386,0.8117
0,388,0.9228
10,388,0.9227
20,388,0.9299
30,388,0.9357
40,388,0.9471
45,388,0.9514
50,388,0.9516
60,388,0.9246
70,388,0.8119
0,390,0.9231
10,390,0.9229
20,390,0.9303
30,390,0.9361
40,390,0.9471
45,390,0.9517
50,390,0.9514
60,390,0.9248
70,390,0.8124
0,392,0.9233
10,392,0.923
20,392,0.9299
30,392,0.9358
40,392,0.9473
45,392,0.9519
50,392,0.9516
60,392,0.9256
70,392,0.8122
0,394,0.9232
10,394,0.9234
20,394,0.9303
30,394,0.9363
40,394,0.9476
45,394,0.952
50,394,0.9522
60,394,0.9258
70,394,0.8122
0,396,0.9233
10,396,0.9236
20,396,0.9305
30,396,0.9364
40,396,0.9475
45,396,0.9521
50,396,0.9523
60,396,0.9254
70,396,0.8127
0,398,0.9232
10,398,0.9235
20,398,0.9303
30,398,0.9362
40,398,0.9475
45,398,0.952
50,398,0.9524
60,398,0.9259
70,398,0.8128
0,400,0.9233
10,400,0.9237
20,400,0.9308
30,400,0.9365
40,400,0.9476
45,400,0.9525
50,400,0.9527
60,400,0.9258
70,400,0.8131
0,402,0.9234
10,402,0.9235
20,402,0.9309
30,402,0.9365
40,402,0.9476
45,402,0.9524
50,402,0.9527
60,402,0.9263
70,402,0.813
0,404,0.9238
10,404,0.9234
20,404,0.9307
30,404,0.9366
40,404,0.948
45,404,0.9528
50,404,0.9526
60,404,0.9263
70,404,0.8134
0,406,0.9234
10,406,0.9236
20,406,0.9306
30,406,0.9366
40,406,0.9482
45,406,0.9527
50,406,0.9531
60,406,0.9265
70,406,0.8135
0,408,0.9235
10,408,0.9237
20,408,0.9309
30,408,0.9367
40,408,0.9482
45,408,0.9529
50,408,0.953
60,408,0.9269
70,408,0.8139
0,410,0.9237
10,410,0.9238
20,410,0.9309
30,410,0.9369
40,410,0.9482
45,410,0.953
50,410,0.9532
60,410,0.9268
70,410,0.8142
0,412,0.9235
10,412,0.9239
20,412,0.9308
30,412,0.937
40,412,0.9482
45,412,0.9529
50,412,0.9533
60,412,0.9275
70,412,0.8146
0,414,0.9236
10,414,0.9239
20,414,0.9311
30,414,0.9371
40,414,0.9483
45,414,0.9535
50,414,0.9534
60,414,0.9277
70,414,0.8149
0,416,0.9236
10,416,0.9239
20,416,0.931
30,416,0.9372
40,416,0.9486
45,416,0.9537
50,416,0.9536
60,416,0.9281
70,416,0.815
0,418,0.9238
10,418,0.9239
20,418,0.931
30,418,0.937
40,418,0.9487
45,418,0.9535
50,418,0.9541
60,418,0.9282
70,418,0.8154
0,420,0.9238
10,420,0.924
20,420,0.9313
30,420,0.9373
40,420,0.9488
45,420,0.9539
50,420,0.9543
60,420,0.9287
70,420,0.8159
0,422,0.9237
10,422,0.9242
20,422,0.9312
30,422,0.9375
40,422,0.949
45,422,0.954
50,422,0.9544
60,422,0.9287
70,422,0.816
0,424,0.9239
10,424,0.9241
20,424,0.9314
30,424,0.9376
40,424,0.9491
45,424,0.9541
50,424,0.9546
60,424,0.9291
70,424,0.8165
0,426,0.924
10,426,0.9243
20,426,0.9314
30,426,0.9378
40,426,0.9496
45,426,0.9544
50,426,0.9551
60,426,0.9297
70,426,0.817
0,428,0.9241
10,428,0.9243
20,428,0.9316
30,428,0.9379
40,428,0.9496
45,428,0.9546
50,428,0.9551
60,428,0.9302
70,428,0.8173
0,430,0.9243
10,430,0.9242
20,430,0.9315
30,430,0.938
40,430,0.9496
45,430,0.9547
50,430,0.9554
60,430,0.9303
70,430,0.8178
0,432,0.9242
10,432,0.9245
20,432,0.9315
30,432,0.9382
40,432,0.95
45,432,0.9551
50,432,0.9557
60,432,0.9307
70,432,0.8184
0,434,0.9242
10,434,0.9244
20,434,0.9318
30,434,0.9383
40,434,0.9499
45,434,0.9554
50,434,0.9559
60,434,0.9314
70,434,0.819
0,436,0.924
10,436,0.9246
20,436,0.9321
30,436,0.9382
40,436,0.9502
45,436,0.9557
50,436,0.9562
60,436,0.9318
70,436,0.8193
0,438,0.9242
10,438,0.9244
20,438,0.932
30,438,0.9387
40,438,0.9504
45,438,0.9558
50,438,0.9565
60,438,0.9319
70,438,0.82
0,440,0.9243
10,440,0.9246
20,440,0.9322
30,440,0.9389
40,440,0.9506
45,440,0.9557
50,440,0.9568
60,440,0.9322
70,440,0.8206
0,442,0.9249
10,442,0.9249
20,442,0.9323
30,442,0.9387
40,442,0.9505
45,442,0.9562
50,442,0.9563
60,442,0.9325
70,442,0.8205
0,444,0.924
10,444,0.9243
20,444,0.9313
30,444,0.9382
40,444,0.9508
45,444,0.956
50,444,0.9567
60,444,0.932
70,444,0.82
0,446,0.9226
10,446,0.923
20,446,0.9301
30,446,0.9373
40,446,0.9519
45,446,0.9574
50,446,0.9584
60,446,0.9327
70,446,0.8214
0,448,0.9227
10,448,0.9228
20,448,0.9309
30,448,0.938
40,448,0.9535
45,448,0.9594
50,448,0.9615
60,448,0.9371
70,448,0.8267
0,450,0.9226
10,450,0.9227
20,450,0.9308
30,450,0.9389
40,450,0.9551
45,450,0.9619
50,450,0.9642
60,450,0.9412
70,450,0.8318
0,452,0.9223
10,452,0.9227
20,452,0.9312
30,452,0.9395
40,452,0.9572
45,452,0.9642
50,452,0.9675
60,452,0.9453
70,452,0.8372
0,454,0.9218
10,454,0.9228
20,454,0.9314
30,454,0.9403
40,454,0.959
45,454,0.9666
50,454,0.9703
60,454,0.9495
70,454,0.8425
0,456,0.9219
10,456,0.9229
20,456,0.9318
30,456,0.9415
40,456,0.9609
45,456,0.969
50,456,0.9734
60,456,0.9541
70,456,0.8479
0,458,0.9222
10,458,0.9231
20,458,0.9326
30,458,0.9427
40,458,0.9626
45,458,0.9711
50,458,0.9762
60,458,0.9584
70,458,0.8531
0,460,0.9228
10,460,0.9241
20,460,0.9335
30,460,0.944
40,460,0.9639
45,460,0.973
50,460,0.9784
60,460,0.9624
70,460,0.8577
0,462,0.9238
10,462,0.9252
20,462,0.9347
30,462,0.9453
40,462,0.965
45,462,0.9743
50,462,0.9801
60,462,0.9657
70,462,0.8616
0,464,0.9251
10,464,0.9263
20,464,0.9361
30,464,0.9469
40,464,0.9655
45,464,0.9751
50,464,0.981
60,464,0.9684
70,464,0.8642
0,466,0.9264
10,466,0.9276
20,466,0.9372
30,466,0.9481
40,466,0.9655
45,466,0.9752
50,466,0.9811
60,466,0.9695
70,466,0.8655
0,468,0.9272
10,468,0.9285
20,468,0.9381
30,468,0.9488
40,468,0.965
45,468,0.9746
50,468,0.9804
60,468,0.9693
70,468,0.865
0,470,0.9278
10,470,0.9291
20,470,0.9386
30,470,0.9492
40,470,0.9645
45,470,0.9735
50,470,0.979
60,470,0.9681
70,470,0.863
0,472,0.9281
10,472,0.9293
20,472,0.9386
30,472,0.9489
40,472,0.9633
45,472,0.9721
50,472,0.9769
60,472,0.9655
70,472,0.8597
0,474,0.9285
10,474,0.9293
20,474,0.9384
30,474,0.9483
40,474,0.9618
45,474,0.9701
50,474,0.9748
60,474,0.9618
70,474,0.8554
0,476,0.9286
10,476,0.9294
20,476,0.9382
30,476,0.9476
40,476,0.9601
45,476,0.9679
50,476,0.9721
60,476,0.9578
70,476,0.8501
0,478,0.9287
10,478,0.9296
20,478,0.9383
30,478,0.9469
40,478,0.9584
45,478,0.9656
50,478,0.969
60,478,0.9535
70,478,0.8444
0,480,0.9297
10,480,0.9303
20,480,0.9387
30,480,0.9462
40,480,0.9559
45,480,0.9623
50,480,0.9649
60,480,0.9479
70,480,0.8377
0,482,0.9283
10,482,0.9287
20,482,0.9363
30,482,0.943
40,482,0.9525
45,482,0.9579
50,482,0.959
60,482,0.9378
70,482,0.8258
0,484,0.9264
10,484,0.9266
20,484,0.9337
30,484,0.9397
40,484,0.9504
45,484,0.955
50,484,0.9556
60,484,0.9304
70,484,0.8173
0,486,0.9255
10,486,0.9257
20,486,0.9327
30,486,0.9387
40,486,0.9497
45,486,0.9543
50,486,0.9543
60,486,0.928
70,486,0.8147
0,488,0.9246
10,488,0.9251
20,488,0.9321
30,488,0.938
40,488,0.9501
45,488,0.9549
50,488,0.9549
60,488,0.9281
70,488,0.8152
0,490,0.924
10,490,0.9244
20,490,0.9315
30,490,0.9378
40,490,0.9514
45,490,0.9564
50,490,0.9572
60,490,0.9304
70,490,0.8182
0,492,0.9231
10,492,0.9238
20,492,0.9312
30,492,0.938
40,492,0.9534
45,492,0.9591
50,492,0.9606
60,492,0.9342
70,492,0.8235
0,494,0.9225
10,494,0.9228
20,494,0.931
30,494,0.9387
40,494,0.9559
45,494,0.9624
50,494,0.9647
60,494,0.9397
70,494,0.8304
0,496,0.9218
10,496,0.9227
20,496,0.9312
30,496,0.9395
40,496,0.9587
45,496,0.966
50,496,0.9693
60,496,0.9461
70,496,0.8383
0,498,0.9215
10,498,0.9225
20,498,0.9313
30,498,0.9405
40,498,0.9615
45,498,0.9696
50,498,0.9739
60,498,0.9526
70,498,0.8465
0,500,0.9214
10,500,0.9225
20,500,0.9317
30,500,0.9417
40,500,0.964
45,500,0.9728
50,500,0.9781
60,500,0.9586
70,500,0.854
0,502,0.9216
10,502,0.9229
20,502,0.9325
30,502,0.943
40,502,0.9662
45,502,0.9756
50,502,0.9814
60,502,0.9639
70,502,0.8605
0,504,0.9225
10,504,0.9238
20,504,0.9338
30,504,0.9447
40,504,0.9679
45,504,0.9776
50,504,0.9841
60,504,0.9686
70,504,0.866
0,506,0.9238
10,506,0.9253
20,506,0.9355
30,506,0.9467
40,506,0.969
45,506,0.9792
50,506,0.9859
60,506,0.9726
70,506,0.8701
0,508,0.9254
10,508,0.9269
20,508,0.9371
30,508,0.9487
40,508,0.9696
45,508,0.98
50,508,0.9869
60,508,0.9756
70,508,0.8731
0,510,0.9268
10,510,0.9283
20,510,0.9386
30,510,0.9503
40,510,0.9698
45,510,0.9803
50,510,0.9873
60,510,0.9776
70,510,0.8749
0,512,0.928
10,512,0.9294
20,512,0.9398
30,512,0.9517
40,512,0.9699
45,512,0.9803
50,512,0.9873
60,512,0.9785
70,512,0.8754
0,514,0.9287
10,514,0.9303
20,514,0.9406
30,514,0.9524
40,514,0.9696
45,514,0.9799
50,514,0.9867
60,514,0.9785
70,514,0.8751
0,516,0.9292
10,516,0.9308
20,516,0.9408
30,516,0.9525
40,516,0.9691
45,516,0.9792
50,516,0.9859
60,516,0.9778
70,516,0.8738
0,518,0.9295
10,518,0.9309
20,518,0.9409
30,518,0.9524
40,518,0.9685
45,518,0.9784
50,518,0.9849
60,518,0.9764
70,518,0.8718
0,520,0.9295
10,520,0.9309
20,520,0.9407
30,520,0.952
40,520,0.9677
45,520,0.9775
50,520,0.9837
60,520,0.9745
70,520,0.8694
0,522,0.9294
10,522,0.9308
20,522,0.9404
30,522,0.9515
40,522,0.967
45,522,0.9764
50,522,0.9823
60,522,0.9724
70,522,0.8668
0,524,0.9292
10,524,0.9306
20,524,0.9401
30,524,0.9509
40,524,0.9662
45,524,0.9751
50,524,0.9809
60,524,0.9699
70,524,0.8641
0,526,0.9291
10,526,0.9304
20,526,0.9398
30,526,0.9502
40,526,0.9654
45,526,0.9741
50,526,0.9795
60,526,0.9675
70,526,0.8611
0,528,0.9289
10,528,0.9301
20,528,0.9397
30,528,0.9496
40,528,0.9644
45,528,0.973
50,528,0.9781
60,528,0.9652
70,528,0.8583
0,530,0.9288
10,530,0.9299
20,530,0.9392
30,530,0.9491
40,530,0.9635
45,530,0.9721
50,530,0.9768
60,530,0.963
70,530,0.8556
0,532,0.9288
10,532,0.9299
20,532,0.9389
30,532,0.9487
40,532,0.9627
45,532,0.9708
50,532,0.9754
60,532,0.9608
70,532,0.853
0,534,0.9288
10,534,0.9296
20,534,0.9386
30,534,0.948
40,534,0.9619
45,534,0.9699
50,534,0.974
60,534,0.9587
70,534,0.8505
0,536,0.9285
10,536,0.9295
20,536,0.9382
30,536,0.9475
40,536,0.9611
45,536,0.969
50,536,0.9728
60,536,0.9568
70,536,0.848
0,538,0.9283
10,538,0.9294
20,538,0.938
30,538,0.9473
40,538,0.9604
45,538,0.9682
50,538,0.9715
60,538,0.9548
70,538,0.8457
0,540,0.9283
10,540,0.9293
20,540,0.9377
30,540,0.9467
40,540,0.9599
45,540,0.9673
50,540,0.9703
60,540,0.9531
70,540,0.8436
0,542,0.9283
10,542,0.9292
20,542,0.9376
30,542,0.9462
40,542,0.9593
45,542,0.9665
50,542,0.9693
60,542,0.9515
70,542,0.8417
0,544,0.9284
10,544,0.9292
20,544,0.9375
30,544,0.9458
40,544,0.9587
45,544,0.9658
50,544,0.9685
60,544,0.95
70,544,0.84
0,546,0.9284
10,546,0.9292
20,546,0.9374
30,546,0.9456
40,546,0.958
45,546,0.965
50,546,0.9676
60,546,0.9486
70,546,0.8382
0,548,0.9283
10,548,0.9292
20,548,0.9374
30,548,0.9452
40,548,0.9578
45,548,0.9644
50,548,0.967
60,548,0.9474
70,548,0.8368
0,550,0.9283
10,550,0.9291
20,550,0.9372
30,550,0.945
40,550,0.9573
45,550,0.9638
50,550,0.9662
60,550,0.9462
70,550,0.8354
0,552,0.9283
10,552,0.929
20,552,0.9369
30,552,0.9446
40,552,0.9569
45,552,0.9632
50,552,0.9655
60,552,0.9453
70,552,0.834
0,554,0.9284
10,554,0.9291
20,554,0.9367
30,554,0.9445
40,554,0.9566
45,554,0.9629
50,554,0.9648
60,554,0.9444
70,554,0.8328
0,556,0.9283
10,556,0.9291
20,556,0.9367
30,556,0.9444
40,556,0.9564
45,556,0.9625
50,556,0.9643
60,556,0.9432
70,556,0.8318
0,558,0.9283
10,558,0.929
20,558,0.9366
30,558,0.9442
40,558,0.9561
45,558,0.962
50,558,0.9638
60,558,0.9426
70,558,0.8308
0,560,0.9282
10,560,0.9287
20,560,0.9364
30,560,0.9439
40,560,0.9557
45,560,0.9615
50,560,0.9633
60,560,0.9417
70,560,0.8298
0,562,0.9277
10,562,0.9283
20,562,0.9359
30,562,0.9434
40,562,0.9553
45,562,0.9613
50,562,0.963
60,562,0.9406
70,562,0.8286
0,564,0.9274
10,564,0.9282
20,564,0.9359
30,564,0.9429
40,564,0.9552
45,564,0.9609
50,564,0.9624
60,564,0.94
70,564,0.828
0,566,0.9276
10,566,0.9283
20,566,0.9359
30,566,0.9427
40,566,0.9551
45,566,0.9606
50,566,0.9621
60,566,0.9394
70,566,0.8273
0,568,0.9277
10,568,0.9281
20,568,0.9358
30,568,0.9428
40,568,0.9549
45,568,0.9604
50,568,0.9619
60,568,0.9389
70,568,0.8268
0,570,0.9278
10,570,0.9283
20,570,0.9358
30,570,0.9429
40,570,0.9545
45,570,0.9602
50,570,0.9613
60,570,0.9385
70,570,0.8263
0,572,0.9277
10,572,0.9281
20,572,0.9356
30,572,0.9427
40,572,0.9544
45,572,0.9598
50,572,0.9612
60,572,0.938
70,572,0.8258
0,574,0.9277
10,574,0.928
20,574,0.9355
30,574,0.9427
40,574,0.9545
45,574,0.9597
50,574,0.961
60,574,0.9376
70,574,0.8254
0,576,0.9276
10,576,0.928
20,576,0.9355
30,576,0.9425
40,576,0.9542
45,576,0.9596
50,576,0.9608
60,576,0.9375
70,576,0.825
0,578,0.9276
10,578,0.9282
20,578,0.9355
30,578,0.9424
40,578,0.9543
45,578,0.9594
50,578,0.9605
60,578,0.9371
70,578,0.8244
0,580,0.9276
10,580,0.9283
20,580,0.9355
30,580,0.9425
40,580,0.9541
45,580,0.9593
50,580,0.9603
60,580,0.9368
70,580,0.824
0,582,0.9277
10,582,0.9284
20,582,0.9356
30,582,0.9424
40,582,0.9538
45,582,0.9593
50,582,0.9603
60,582,0.9365
70,582,0.8238
0,584,0.9278
10,584,0.9283
20,584,0.9353
30,584,0.9424
40,584,0.9537
45,584,0.959
50,584,0.9602
60,584,0.9363
70,584,0.8235
0,586,0.9279
10,586,0.9283
20,586,0.9354
30,586,0.9423
40,586,0.9535
45,586,0.9591
50,586,0.96
60,586,0.9363
70,586,0.8233
0,588,0.9278
10,588,0.9283
20,588,0.9354
30,588,0.9422
40,588,0.9538
45,588,0.959
50,588,0.96
60,588,0.9362
70,588,0.8231
0,590,0.9279
10,590,0.9283
20,590,0.9354
30,590,0.9424
40,590,0.9537
45,590,0.9589
50,590,0.96
60,590,0.9361
70,590,0.823
0,592,0.928
10,592,0.9284
20,592,0.9354
30,592,0.9426
40,592,0.9537
45,592,0.9589
50,592,0.9598
60,592,0.9359
70,592,0.8231
0,594,0.9279
10,594,0.9284
20,594,0.9355
30,594,0.9424
40,594,0.9537
45,594,0.9589
50,594,0.9597
60,594,0.9359
70,594,0.823
0,596,0.9279
10,596,0.9284
20,596,0.9355
30,596,0.9423
40,596,0.9535
45,596,0.9589
50,596,0.9598
60,596,0.9359
70,596,0.8229
0,598,0.9278
10,598,0.9285
20,598,0.9356
30,598,0.9422
40,598,0.9536
45,598,0.9588
50,598,0.9599
60,598,0.936
70,598,0.823
0,600,0.9278
10,600,0.9285
20,600,0.9356
30,600,0.9422
40,600,0.9536
45,600,0.9587
50,600,0.9597
60,600,0.9359
70,600,0.8229
0,602,0.928
10,602,0.9283
20,602,0.9357
30,602,0.9424
40,602,0.9536
45,602,0.9587
50,602,0.9597
60,602,0.9358
70,602,0.8227
0,604,0.9279
10,604,0.9283
20,604,0.9357
30,604,0.9424
40,604,0.9537
45,604,0.9587
50,604,0.9597
60,604,0.9358
70,604,0.8228
0,606,0.9279
10,606,0.9284
20,606,0.9355
30,606,0.9422
40,606,0.9538
45,606,0.9588
50,606,0.9598
60,606,0.9359
70,606,0.8231
0,608,0.9279
10,608,0.9285
20,608,0.9354
30,608,0.9421
40,608,0.9539
45,608,0.9589
50,608,0.9597
60,608,0.936
70,608,0.8232
0,610,0.9278
10,610,0.9284
20,610,0.9355
30,610,0.9422
40,610,0.9538
45,610,0.959
50,610,0.9599
60,610,0.9359
70,610,0.8233
0,612,0.9278
10,612,0.9283
20,612,0.9356
30,612,0.9422
40,612,0.9538
45,612,0.9589
50,612,0.96
60,612,0.936
70,612,0.8234
0,614,0.9278
10,614,0.9283
20,614,0.9356
30,614,0.9423
40,614,0.9539
45,614,0.9591
50,614,0.9598
60,614,0.9362
70,614,0.8234
0,616,0.9278
10,616,0.9283
20,616,0.9357
30,616,0.9422
40,616,0.9539
45,616,0.9592
50,616,0.96
60,616,0.9364
70,616,0.8235
0,618,0.9279
10,618,0.9282
20,618,0.9357
30,618,0.9423
40,618,0.9539
45,618,0.9591
50,618,0.9601
60,618,0.9365
70,618,0.8236
0,620,0.928
10,620,0.9284
20,620,0.9356
30,620,0.9423
40,620,0.9538
45,620,0.9592
50,620,0.9601
60,620,0.9367
70,620,0.8238
0,622,0.9281
10,622,0.9285
20,622,0.9356
30,622,0.9424
40,622,0.954
45,622,0.9594
50,622,0.9605
60,622,0.9367
70,622,0.8241
0,624,0.9279
10,624,0.9285
20,624,0.9357
30,624,0.9426
40,624,0.9542
45,624,0.9593
50,624,0.9606
60,624,0.9368
70,624,0.8242
0,626,0.9279
10,626,0.9286
20,626,0.9357
30,626,0.9426
40,626,0.9541
45,626,0.9593
50,626,0.9605
60,626,0.937
70,626,0.8243
0,628,0.9279
10,628,0.9285
20,628,0.9356
30,628,0.9425
40,628,0.9541
45,628,0.9595
50,628,0.9607
60,628,0.9373
70,628,0.8246
0,630,0.9278
10,630,0.9284
20,630,0.9358
30,630,0.9424
40,630,0.9543
45,630,0.9595
50,630,0.9609
60,630,0.9376
70,630,0.8248
0,632,0.9279
10,632,0.9285
20,632,0.9358
30,632,0.9426
40,632,0.9545
45,632,0.9597
50,632,0.9611
60,632,0.9378
70,632,0.825
0,634,0.9279
10,634,0.9287
20,634,0.9358
30,634,0.9427
40,634,0.9546
45,634,0.9598
50,634,0.9612
60,634,0.9378
70,634,0.8253
0,636,0.928
10,636,0.9288
20,636,0.9358
30,636,0.9427
40,636,0.9547
45,636,0.9599
50,636,0.9612
60,636,0.9379
70,636,0.8256
0,638,0.928
10,638,0.9286
20,638,0.9359
30,638,0.9427
40,638,0.9546
45,638,0.9601
50,638,0.9613
60,638,0.9382
70,638,0.8256
0,640,0.928
10,640,0.9285
20,640,0.936
30,640,0.9428
40,640,0.9546
45,640,0.9602
50,640,0.9614
60,640,0.9385
70,640,0.8259
0,642,0.9281
10,642,0.9286
20,642,0.9359
30,642,0.9428
40,642,0.9546
45,642,0.9601
50,642,0.9616
60,642,0.9386
70,642,0.8263
0,644,0.928
10,644,0.9286
20,644,0.9359
30,644,0.9427
40,644,0.9548
45,644,0.9604
50,644,0.9618
60,644,0.9387
70,644,0.8265
0,646,0.9279
10,646,0.9286
20,646,0.9359
30,646,0.9428
40,646,0.9549
45,646,0.9606
50,646,0.9618
60,646,0.9391
70,646,0.8267
0,648,0.928
10,648,0.9286
20,648,0.9361
30,648,0.9429
40,648,0.955
45,648,0.9606
50,648,0.9621
60,648,0.9394
70,648,0.827
0,650,0.9279
10,650,0.9286
20,650,0.936
30,650,0.9431
40,650,0.9551
45,650,0.9608
50,650,0.9624
60,650,0.9396
70,650,0.8273
0,652,0.9278
10,652,0.9287
20,652,0.936
30,652,0.943
40,652,0.9552
45,652,0.9608
50,652,0.9624
60,652,0.9398
70,652,0.8277
0,654,0.9278
10,654,0.9287
20,654,0.9361
30,654,0.943
40,654,0.9555
45,654,0.9609
50,654,0.9626
60,654,0.9401
70,654,0.8279
0,656,0.9278
10,656,0.9287
20,656,0.936
30,656,0.943
40,656,0.9558
45,656,0.9611
50,656,0.9629
60,656,0.9402
70,656,0.8281
0,658,0.9279
10,658,0.9286
20,658,0.9361
30,658,0.9432
40,658,0.9557
45,658,0.9613
50,658,0.963
60,658,0.9405
70,658,0.8285
0,660,0.9278
10,660,0.9286
20,660,0.936
30,660,0.9433
40,660,0.9557
45,660,0.9613
50,660,0.9631
60,660,0.9407
70,660,0.8287
0,662,0.928
10,662,0.9287
20,662,0.936
30,662,0.9433
40,662,0.956
45,662,0.9614
50,662,0.9633
60,662,0.9409
70,662,0.829
0,664,0.928
10,664,0.9287
20,664,0.9361
30,664,0.9433
40,664,0.9559
45,664,0.9617
50,664,0.9634
60,664,0.9413
70,664,0.8293
0,666,0.9279
10,666,0.9286
20,666,0.9362
30,666,0.9433
40,666,0.9561
45,666,0.962
50,666,0.9636
60,666,0.9415
70,666,0.8296
0,668,0.9279
10,668,0.9287
20,668,0.9362
30,668,0.9434
40,668,0.9562
45,668,0.9623
50,668,0.9638
60,668,0.9418
70,668,0.8299
0,670,0.9279
10,670,0.9287
20,670,0.9363
30,670,0.9434
40,670,0.9562
45,670,0.9621
50,670,0.964
60,670,0.9422
70,670,0.8303
0,672,0.9281
10,672,0.9287
20,672,0.9363
30,672,0.9435
40,672,0.9563
45,672,0.9622
50,672,0.9641
60,672,0.9424
70,672,0.8307
0,674,0.9281
10,674,0.9289
20,674,0.9363
30,674,0.9437
40,674,0.9565
45,674,0.9626
50,674,0.9644
60,674,0.9426
70,674,0.8309
0,676,0.9279
10,676,0.9288
20,676,0.9364
30,676,0.9439
40,676,0.9566
45,676,0.9628
50,676,0.9646
60,676,0.9429
70,676,0.8313
0,678,0.9281
10,678,0.9287
20,678,0.9364
30,678,0.9437
40,678,0.9568
45,678,0.9628
50,678,0.9647
60,678,0.9431
70,678,0.8318
0,680,0.9281
10,680,0.9287
20,680,0.9364
30,680,0.9438
40,680,0.9568
45,680,0.9628
50,680,0.9649
60,680,0.9433
70,680,0.8321
0,682,0.9281
10,682,0.9286
20,682,0.9364
30,682,0.944
40,682,0.9568
45,682,0.9628
50,682,0.9651
60,682,0.9436
70,682,0.8324
0,684,0.928
10,684,0.9286
20,684,0.9365
30,684,0.9441
40,684,0.957
45,684,0.9632
50,684,0.9653
60,684,0.9439
70,684,0.8325
0,686,0.9278
10,686,0.9287
20,686,0.9364
30,686,0.9443
40,686,0.9573
45,686,0.9634
50,686,0.9655
60,686,0.9442
70,686,0.8329
0,688,0.9278
10,688,0.9287
20,688,0.9364
30,688,0.9442
40,688,0.9574
45,688,0.9634
50,688,0.9657
60,688,0.9445
70,688,0.8333
0,690,0.9281
10,690,0.929
20,690,0.9364
30,690,0.9441
40,690,0.9575
45,690,0.9636
50,690,0.9661
60,690,0.9452
70,690,0.8341
0,692,0.9282
10,692,0.9292
20,692,0.9365
30,692,0.9443
40,692,0.9576
45,692,0.9637
50,692,0.9662
60,692,0.9455
70,692,0.8346
0,694,0.9281
10,694,0.9291
20,694,0.9366
30,694,0.9443
40,694,0.9578
45,694,0.9638
50,694,0.9664
60,694,0.9456
70,694,0.8349
0,696,0.9283
10,696,0.9292
20,696,0.9365
30,696,0.9444
40,696,0.9577
45,696,0.9642
50,696,0.9665
60,696,0.946
70,696,0.8353
0,698,0.9284
10,698,0.9293
20,698,0.9365
30,698,0.9449
40,698,0.9579
45,698,0.9641
50,698,0.9667
60,698,0.9462
70,698,0.8357
0,700,0.9283
10,700,0.9293
20,700,0.9367
30,700,0.9448
40,700,0.9582
45,700,0.9643
50,700,0.967
60,700,0.9464
70,700,0.8359
0,702,0.9283
10,702,0.9293
20,702,0.9368
30,702,0.9447
40,702,0.9582
45,702,0.9645
50,702,0.9673
60,702,0.9468
70,702,0.8361
0,704,0.9282
10,704,0.9292
20,704,0.937
30,704,0.9448
40,704,0.9581
45,704,0.9648
50,704,0.9674
60,704,0.9469
70,704,0.8365
0,706,0.9281
10,706,0.9291
20,706,0.9372
30,706,0.9449
40,706,0.9584
45,706,0.965
50,706,0.9673
60,706,0.9471
70,706,0.837
0,708,0.9283
10,708,0.9292
20,708,0.9369
30,708,0.9451
40,708,0.9587
45,708,0.9649
50,708,0.9676
60,708,0.9476
70,708,0.8372
0,710,0.9284
10,710,0.9293
20,710,0.9367
30,710,0.9452
40,710,0.9588
45,710,0.9651
50,710,0.9679
60,710,0.948
70,710,0.8375
0,712,0.9284
10,712,0.9296
20,712,0.9367
30,712,0.945
40,712,0.9588
45,712,0.9654
50,712,0.9681
60,712,0.9482
70,712,0.8379
0,714,0.9282
10,714,0.9294
20,714,0.937
30,714,0.9448
40,714,0.959
45,714,0.9653
50,714,0.9683
60,714,0.9484
70,714,0.8382
0,716,0.9283
10,716,0.9294
20,716,0.9369
30,716,0.945
40,716,0.959
45,716,0.9654
50,716,0.9686
60,716,0.9488
70,716,0.8386
0,718,0.9282
10,718,0.9294
20,718,0.9369
30,718,0.9452
40,718,0.9592
45,718,0.9655
50,718,0.9687
60,718,0.9493
70,718,0.8389
0,720,0.9281
10,720,0.9294
20,720,0.937
30,720,0.9453
40,720,0.9594
45,720,0.966
50,720,0.9689
60,720,0.9494
70,720,0.8393
0,722,0.9277
10,722,0.9292
20,722,0.9368
30,722,0.9452
40,722,0.9596
45,722,0.966
50,722,0.9691
60,722,0.9495
70,722,0.8397
0,724,0.9279
10,724,0.9292
20,724,0.9368
30,724,0.9451
40,724,0.9594
45,724,0.9661
50,724,0.9693
60,724,0.9497
70,724,0.8399
0,726,0.9281
10,726,0.9294
20,726,0.937
30,726,0.9454
40,726,0.9594
45,726,0.9665
50,726,0.9694
60,726,0.95
70,726,0.8402
0,728,0.9284
10,728,0.9294
20,728,0.9368
30,728,0.9455
40,728,0.9595
45,728,0.9663
50,728,0.9694
60,728,0.9504
70,728,0.8406
0,730,0.9284
10,730,0.9293
20,730,0.9367
30,730,0.9455
40,730,0.9597
45,730,0.9666
50,730,0.9699
60,730,0.9506
70,730,0.8412
0,732,0.9282
10,732,0.9294
20,732,0.9368
30,732,0.9458
40,732,0.9597
45,732,0.967
50,732,0.9701
60,732,0.9508
70,732,0.8414
0,734,0.9281
10,734,0.9296
20,734,0.9365
30,734,0.9457
40,734,0.9598
45,734,0.967
50,734,0.9701
60,734,0.9512
70,734,0.8416
0,736,0.9281
10,736,0.9295
20,736,0.9369
30,736,0.9457
40,736,0.9599
45,736,0.967
50,736,0.9702
60,736,0.9515
70,736,0.8418
0,738,0.928
10,738,0.9293
20,738,0.9372
30,738,0.9457
40,738,0.9602
45,738,0.9672
50,738,0.9704
60,738,0.9517
70,738,0.8422
0,740,0.9281
10,740,0.9291
20,740,0.9372
30,740,0.9458
40,740,0.9606
45,740,0.9674
50,740,0.9705
60,740,0.9519
70,740,0.8427
0,742,0.9281
10,742,0.9293
20,742,0.9368
30,742,0.9457
40,742,0.9606
45,742,0.9675
50,742,0.9706
60,742,0.9522
70,742,0.8429
0,744,0.928
10,744,0.9293
20,744,0.9371
30,744,0.946
40,744,0.9607
45,744,0.9677
50,744,0.971
60,744,0.953
70,744,0.8433
0,746,0.9278
10,746,0.9292
20,746,0.9372
30,746,0.9461
40,746,0.9607
45,746,0.9678
50,746,0.9712
60,746,0.9532
70,746,0.8437
0,748,0.9279
10,748,0.9292
20,748,0.937
30,748,0.9461
40,748,0.9607
45,748,0.968
50,748,0.9713
60,748,0.9533
70,748,0.8441
0,750,0.9284
10,750,0.9296
20,750,0.9369
30,750,0.9456
40,750,0.9608
45,750,0.9682
50,750,0.9718
60,750,0.9534
70,750,0.8445
0,752,0.9284
10,752,0.9294
20,752,0.9373
30,752,0.9457
40,752,0.9612
45,752,0.9682
50,752,0.9716
60,752,0.9536
70,752,0.8446
0,754,0.9282
10,754,0.9292
20,754,0.9373
30,754,0.9461
40,754,0.9612
45,754,0.9683
50,754,0.9718
60,754,0.9541
70,754,0.845
0,756,0.928
10,756,0.9294
20,756,0.937
30,756,0.946
40,756,0.9613
45,756,0.9687
50,756,0.972
60,756,0.9542
70,756,0.8452
0,758,0.9282
10,758,0.9295
20,758,0.9372
30,758,0.9461
40,758,0.9614
45,758,0.9689
50,758,0.9721
60,758,0.9542
70,758,0.8456
0,760,0.9282
10,760,0.9291
20,760,0.9375
30,760,0.9461
40,760,0.961
45,760,0.9687
50,760,0.9728
60,760,0.9548
70,760,0.8458
0,762,0.9281
10,762,0.9292
20,762,0.9371
30,762,0.9462
40,762,0.9612
45,762,0.9688
50,762,0.9726
60,762,0.9549
70,762,0.8459
0,764,0.9277
10,764,0.9291
20,764,0.9369
30,764,0.9465
40,764,0.9611
45,764,0.969
50,764,0.9725
60,764,0.955
70,764,0.8463
0,766,0.928
10,766,0.9293
20,766,0.9373
30,766,0.9463
40,766,0.9614
45,766,0.9692
50,766,0.9726
60,766,0.9557
70,766,0.8466
0,768,0.9278
10,768,0.9292
20,768,0.937
30,768,0.9462
40,768,0.962
45,768,0.9694
50,768,0.973
60,768,0.9559
70,768,0.8468
0,770,0.9278
10,770,0.9289
20,770,0.9372
30,770,0.9464
40,770,0.962
45,770,0.969
50,770,0.9734
60,770,0.956
70,770,0.8474
0,772,0.9279
10,772,0.9293
20,772,0.9373
30,772,0.9465
40,772,0.962
45,772,0.9693
50,772,0.9733
60,772,0.9562
70,772,0.8479
0,774,0.928
10,774,0.9293
20,774,0.9372
30,774,0.9465
40,774,0.9622
45,774,0.9695
50,774,0.9733
60,774,0.9563
70,774,0.8478
0,776,0.9278
10,776,0.9292
20,776,0.9372
30,776,0.9464
40,776,0.9623
45,776,0.9695
50,776,0.9736
60,776,0.9564
70,776,0.8481
0,778,0.9282
10,778,0.9293
20,778,0.937
30,778,0.9465
40,778,0.9622
45,778,0.9696
50,778,0.9738
60,778,0.9569
70,778,0.8482
0,780,0.9283
10,780,0.929
20,780,0.9372
30,780,0.9464
40,780,0.9622
45,780,0.9697
50,780,0.9743
60,780,0.9572
70,780,0.849
0,782,0.9276
10,782,0.9295
20,782,0.9372
30,782,0.9465
40,782,0.9623
45,782,0.9697
50,782,0.9742
60,782,0.9574
70,782,0.8494
0,784,0.9278
10,784,0.9294
20,784,0.9372
30,784,0.9465
40,784,0.9624
45,784,0.9698
50,784,0.9742
60,784,0.9577
70,784,0.8495
0,786,0.9277
10,786,0.9297
20,786,0.9369
30,786,0.9467
40,786,0.9625
45,786,0.9706
50,786,0.9743
60,786,0.9576
70,786,0.8496
0,788,0.9278
10,788,0.9293
20,788,0.937
30,788,0.9472
40,788,0.9626
45,788,0.9706
50,788,0.9747
60,788,0.9581
70,788,0.8499
0,790,0.9278
10,790,0.9293
20,790,0.937
30,790,0.947
40,790,0.9624
45,790,0.9704
50,790,0.9743
60,790,0.9582
70,790,0.8506
0,792,0.9277
10,792,0.9298
20,792,0.9365
30,792,0.9465
40,792,0.9627
45,792,0.9706
50,792,0.9748
60,792,0.9588
70,792,0.8508
0,794,0.9275
10,794,0.9295
20,794,0.9368
30,794,0.9466
40,794,0.9625
45,794,0.9706
50,794,0.9748
60,794,0.9589
70,794,0.8505
0,796,0.9276
10,796,0.9294
20,796,0.9372
30,796,0.9472
40,796,0.9627
45,796,0.9707
50,796,0.9752
60,796,0.9588
70,796,0.8505
0,798,0.9275
10,798,0.9294
20,798,0.9366
30,798,0.9463
40,798,0.9628
45,798,0.971
50,798,0.9751
60,798,0.9591
70,798,0.8511
0,800,0.9274
10,800,0.9292
20,800,0.9373
30,800,0.9463
40,800,0.9629
45,800,0.9709
50,800,0.9758
60,800,0.9593
70,800,0.8516
0,802,0.9275
10,802,0.929
20,802,0.9373
30,802,0.9471
40,802,0.963
45,802,0.971
50,802,0.9758
60,802,0.9598
70,802,0.8522
0,804,0.9275
10,804,0.9293
20,804,0.9373
30,804,0.9468
40,804,0.9632
45,804,0.971
50,804,0.9755
60,804,0.9601
70,804,0.8521
0,806,0.9277
10,806,0.9295
20,806,0.9372
30,806,0.9469
40,806,0.9631
45,806,0.9712
50,806,0.9756
60,806,0.9605
70,806,0.8525
0,808,0.9278
10,808,0.9295
20,808,0.9372
30,808,0.9472
40,808,0.9636
45,808,0.9715
50,808,0.9762
60,808,0.9607
70,808,0.853
0,810,0.927
10,810,0.9288
20,810,0.9372
30,810,0.947
40,810,0.9638
45,810,0.972
50,810,0.9764
60,810,0.9611
70,810,0.8528
0,812,0.9267
10,812,0.929
20,812,0.9364
30,812,0.9471
40,812,0.9638
45,812,0.9712
50,812,0.9763
60,812,0.9612
70,812,0.854
0,814,0.9266
10,814,0.9283
20,814,0.9373
30,814,0.9475
40,814,0.9638
45,814,0.9715
50,814,0.9763
60,814,0.9616
70,814,0.8539
0,816,0.9268
10,816,0.9286
20,816,0.9373
30,816,0.9472
40,816,0.9638
45,816,0.972
50,816,0.9771
60,816,0.9619
70,816,0.8545
0,818,0.9267
10,818,0.9285
20,818,0.9368
30,818,0.9473
40,818,0.9641
45,818,0.9719
50,818,0.977
60,818,0.9623
70,818,0.8548
0,820,0.9268
10,820,0.9283
20,820,0.9368
30,820,0.9475
40,820,0.9645
45,820,0.9721
50,820,0.9772
60,820,0.9623
70,820,0.8553
0,822,0.9269
10,822,0.9284
20,822,0.9378
30,822,0.9477
40,822,0.9647
45,822,0.9725
50,822,0.9774
60,822,0.9627
70,822,0.8559
0,824,0.9267
10,824,0.9285
20,824,0.9375
30,824,0.9476
40,824,0.9641
45,824,0.9726
50,824,0.9775
60,824,0.9629
70,824,0.8561
0,826,0.9268
10,826,0.9282
20,826,0.9379
30,826,0.9474
40,826,0.9641
45,826,0.9729
50,826,0.9777
60,826,0.9636
70,826,0.8567
0,828,0.9268
10,828,0.9281
20,828,0.9373
30,828,0.9481
40,828,0.9643
45,828,0.9731
50,828,0.9782
60,828,0.9639
70,828,0.8576
0,830,0.9264
10,830,0.9288
20,830,0.9374
30,830,0.9477
40,830,0.9648
45,830,0.973
50,830,0.9782
60,830,0.9645
70,830,0.8574
0,832,0.9274
10,832,0.9283
20,832,0.9372
30,832,0.9481
40,832,0.9656
45,832,0.973
50,832,0.9791
60,832,0.9645
70,832,0.8582
0,834,0.9276
10,834,0.9289
20,834,0.9376
30,834,0.9478
40,834,0.965
45,834,0.9731
50,834,0.9789
60,834,0.9646
70,834,0.8588
0,836,0.9275
10,836,0.928
20,836,0.9369
30,836,0.9477
40,836,0.9661
45,836,0.9743
50,836,0.9794
60,836,0.9656
70,836,0.859
0,838,0.9261
10,838,0.9288
20,838,0.9379
30,838,0.9484
40,838,0.9652
45,838,0.9746
50,838,0.9799
60,838,0.9656
70,838,0.8595
0,840,0.9268
10,840,0.9288
20,840,0.9372
30,840,0.9485
40,840,0.9657
45,840,0.9741
50,840,0.98
60,840,0.9672
70,840,0.859
0,842,0.9264
10,842,0.9285
20,842,0.9377
30,842,0.9494
40,842,0.9665
45,842,0.975
50,842,0.9807
60,842,0.9669
70,842,0.8608
0,844,0.9264
10,844,0.928
20,844,0.9375
30,844,0.949
40,844,0.9669
45,844,0.9757
50,844,0.9808
60,844,0.967
70,844,0.8611
0,846,0.926
10,846,0.9278
20,846,0.9378
30,846,0.9483
40,846,0.9666
45,846,0.9758
50,846,0.9807
60,846,0.9669
70,846,0.8616
0,848,0.9262
10,848,0.9279
20,848,0.9374
30,848,0.949
40,848,0.9666
45,848,0.9759
50,848,0.9814
60,848,0.9687
70,848,0.8617
0,850,0.9263
10,850,0.9277
20,850,0.9375
30,850,0.948
40,850,0.9666
45,850,0.9758
50,850,0.9815
60,850,0.969
70,850,0.863
0,852,0.9257
10,852,0.9278
20,852,0.9371
30,852,0.9485
40,852,0.9664
45,852,0.9768
50,852,0.982
60,852,0.9701
70,852,0.8622
0,854,0.9262
10,854,0.9281
20,854,0.9374
30,854,0.9505
40,854,0.9673
45,854,0.9758
50,854,0.9827
60,854,0.9696
70,854,0.8658
0,856,0.9258
10,856,0.9295
20,856,0.9381
30,856,0.9504
40,856,0.9689
45,856,0.9763
50,856,0.9818
60,856,0.968
70,856,0.8643
0,858,0.926
10,858,0.928
20,858,0.9373
30,858,0.9494
40,858,0.9676
45,858,0.9761
50,858,0.9813
60,858,0.9697
70,858,0.8652
0,860,0.9278
10,860,0.9287
20,860,0.9376
30,860,0.9493
40,860,0.9691
45,860,0.9747
50,860,0.9801
60,860,0.971
70,860,0.8645
0,862,0.9283
10,862,0.9285
20,862,0.9373
30,862,0.9502
40,862,0.969
45,862,0.9779
50,862,0.9832
60,862,0.9696
70,862,0.8659
0,864,0.9265
10,864,0.9292
20,864,0.9352
30,864,0.951
40,864,0.9661
45,864,0.9777
50,864,0.9833
60,864,0.9724
70,864,0.8662
0,866,0.9274
10,866,0.9303
20,866,0.9375
30,866,0.9487
40,866,0.9673
45,866,0.9766
50,866,0.9833
60,866,0.9697
70,866,0.8665
0,868,0.9297
10,868,0.9289
20,868,0.9378
30,868,0.9485
40,868,0.9677
45,868,0.9782
50,868,0.9813
60,868,0.9711
70,868,0.8664
0,870,0.926
10,870,0.9279
20,870,0.9391
30,870,0.9497
40,870,0.9697
45,870,0.9762
50,870,0.985
60,870,0.9715
70,870,0.8677
0,872,0.9263
10,872,0.9259
20,872,0.9367
30,872,0.9482
40,872,0.9673
45,872,0.9746
50,872,0.9837
60,872,0.9714
70,872,0.8684
0,874,0.9265
10,874,0.9268
20,874,0.9378
30,874,0.9484
40,874,0.9694
45,874,0.9777
50,874,0.9845
60,874,0.9734
70,874,0.8671
0,876,0.9255
10,876,0.9285
20,876,0.9381
30,876,0.9488
40,876,0.969
45,876,0.9762
50,876,0.9866
60,876,0.9717
70,876,0.8661
0,878,0.924
10,878,0.9285
20,878,0.9372
30,878,0.9483
40,878,0.9688
45,878,0.9742
50,878,0.9845
60,878,0.9715
70,878,0.8648
0,880,0.9255
10,880,0.9311
20,880,0.9357
30,880,0.9446
40,880,0.9697
45,880,0.9748
50,880,0.9856
60,880,0.9712
70,880,0.8665
0,882,0.9289
10,882,0.9317
20,882,0.9383
30,882,0.9517
40,882,0.9655
45,882,0.9777
50,882,0.9829
60,882,0.9707
70,882,0.8702
0,884,0.9269
10,884,0.9299
20,884,0.9414
30,884,0.9527
40,884,0.9715
45,884,0.9748
50,884,0.9812
60,884,0.9752
70,884,0.8674
0,886,0.9276
10,886,0.928
20,886,0.9406
30,886,0.9485
40,886,0.9664
45,886,0.9778
50,886,0.9842
60,886,0.9731
70,886,0.8705
0,888,0.9254
10,888,0.928
20,888,0.934
30,888,0.9559
40,888,0.9698
45,888,0.9797
50,888,0.9826
60,888,0.9705
70,888,0.8732
0,890,0.9239
10,890,0.9294
20,890,0.9381
30,890,0.9496
40,890,0.968
45,890,0.9826
50,890,0.9826
60,890,0.9735
70,890,0.8681
0,892,0.9338
10,892,0.9296
20,892,0.9411
30,892,0.947
40,892,0.9661
45,892,0.9779
50,892,0.9859
60,892,0.9754
70,892,0.8695
0,894,0.9251
10,894,0.9282
20,894,0.9367
30,894,0.9465
40,894,0.9677
45,894,0.9749
50,894,0.9856
60,894,0.9725
70,894,0.8714
0,896,0.9237
10,896,0.9268
20,896,0.9363
30,896,0.9512
40,896,0.9631
45,896,0.9798
50,896,0.9885
60,896,0.9699
70,896,0.8691
0,898,0.9254
10,898,0.9332
20,898,0.9376
30,898,0.9489
40,898,0.9714
45,898,0.9774
50,898,0.9894
60,898,0.9742
70,898,0.8697
0,900,0.9284
10,900,0.9297
20,900,0.9323
30,900,0.9342
40,900,0.9715
45,900,0.9878
50,900,0.9834
60,900,0.9781
70,900,0.8766
