0,250,0
15,250,0
25,250,0
35,250,0
45,250,0
55,250,0
65,250,0
70,250,0
75,250,0
0,252,0
15,252,0
25,252,0
35,252,0
45,252,0
55,252,0
65,252,0
70,252,0
75,252,0
0,254,0
15,254,0
25,254,0
35,254,0
45,254,0
55,254,0
65,254,0
70,254,0
75,254,0
0,256,0
15,256,0
25,256,0
35,256,0
45,256,0
55,256,0
65,256,0
70,256,0
75,256,0
0,258,0
15,258,0
25,258,0
35,258,0
45,258,0
55,258,0
65,258,0
70,258,0
75,258,0
0,260,0
15,260,0
25,260,0
35,260,0
45,260,0
55,260,0
65,260,0
70,260,0
75,260,0
0,262,0
15,262,0
25,262,0
35,262,0
45,262,0
55,262,0
65,262,0
70,262,0
75,262,0
0,264,0
15,264,0
25,264,0
35,264,0
45,264,0
55,264,0
65,264,0
70,264,0
75,264,0
0,266,0
15,266,0
25,266,0
35,266,0
45,266,0
55,266,0
65,266,0
70,266,0
75,266,0
0,268,0
15,268,0
25,268,0
35,268,0
45,268,0
55,268,0
65,268,0
70,268,0
75,268,0
0,270,0
15,270,0
25,270,0
35,270,0
45,270,0
55,270,0
65,270,0
70,270,0
75,270,0
0,272,0
15,272,0
25,272,0
35,272,0
45,272,0
55,272,0
65,272,0
70,272,0
75,272,0
0,274,0
15,274,0
25,274,0
35,274,0
45,274,0
55,274,0
65,274,0
70,274,0
75,274,0
0,276,0
15,276,0
25,276,0
35,276,0
45,276,0
55,276,0
65,276,0
70,276,0
75,276,0
0,278,0
15,278,0
25,278,0
35,278,0
45,278,0
55,278,0
65,278,0
70,278,0
75,278,0
0,280,0
15,280,0
25,280,0
35,280,0
45,280,0
55,280,0
65,280,0
70,280,0
75,280,0
0,282,0
15,282,0
25,282,0
35,282,0
45,282,0
55,282,0
65,282,0
70,282,0
75,282,0
0,284,0
15,284,0
25,284,0
35,284,0
45,284,0
55,284,0
65,284,0
70,284,0
75,284,0
0,286,0
15,286,0
25,286,0
35,286,0
45,286,0
55,286,0
65,286,0
70,286,0
75,286,0
0,288,0
15,288,0
25,288,0
35,288,0
45,288,0
55,288,0
65,288,0
70,288,0
75,288,0
0,290,0
15,290,0
25,290,0
35,290,0
45,290,0
55,290,0
65,290,0
70,290,0
75,290,0
0,292,0
15,292,0
25,292,0
35,292,0
45,292,0
55,292,0
65,292,0
70,292,0
75,292,0
0,294,0
15,294,0
25,294,0
35,294,0
45,294,0
55,294,0
65,294,0
70,294,0
75,294,0
0,296,0
15,296,0
25,296,0
35,296,0
45,296,0
55,296,0
65,296,0
70,296,0
75,296,0
0,298,0
15,298,0
25,298,0
35,298,0
45,298,0
55,298,0
65,298,0
70,298,0
75,298,0
0,300,0
15,300,0
25,300,0
35,300,0
45,300,0
55,300,0
65,300,0
70,300,0
75,300,0
0,302,0
15,302,0
25,302,0
35,302,0
45,302,0
55,302,0
65,302,0
70,302,0
75,302,0
0,304,0
15,304,0
25,304,0
35,304,0
45,304,0
55,304,0
65,304,0
70,304,0
75,304,0
0,306,0
15,306,0
25,306,0
35,306,0
45,306,0
55,306,0
65,306,0
70,306,0
75,306,0
0,308,0
15,308,0
25,308,0
35,308,0
45,308,0
55,308,0
65,308,0
70,308,0
75,308,0
0,310,0
15,310,0
25,310,0
35,310,0
45,310,0
55,310,0
65,310,0
70,310,0
75,310,0
0,312,0
15,312,0
25,312,0
35,312,0
45,312,0
55,312,0
65,312,0
70,312,0
75,312,0
0,314,0
15,314,0
25,314,0
35,314,0
45,314,0
55,314,0
65,314,0
70,314,0
75,314,0
0,316,0
15,316,0
25,316,0
35,316,0
45,316,0
55,316,0
65,316,0
70,316,0
75,316,0
0,318,0
15,318,0.0001
25,318,0.0001
35,318,0.0001
45,318,0.0001
55,318,0.0001
65,318,0
70,318,0.0001
75,318,0.0002
0,320,0.0002
15,320,0.0002
25,320,0.0002
35,320,0.0002
45,320,0.0002
55,320,0.0002
65,320,0.0002
70,320,0.0002
75,320,0.0002
0,322,0.0002
15,322,0.0002
25,322,0.0002
35,322,0.0002
45,322,0.0002
55,322,0.0002
65,322,0.0002
70,322,0.0002
75,322,0.0002
0,324,0.0002
15,324,0.0002
25,324,0.0002
35,324,0.0002
45,324,0.0002
55,324,0.0002
65,324,0.0002
70,324,0.0002
75,324,0.0002
0,326,0.0002
15,326,0.0002
25,326,0.0002
35,326,0.0002
45,326,0.0002
55,326,0.0002
65,326,0.0001
70,326,0.0002
75,326,0.0002
0,328,0.0002
15,328,0.0002
25,328,0.0002
35,328,0.0002
45,328,0.0001
55,328,0.0001
65,328,0.0001
70,328,0.0001
75,328,0.0002
0,330,0.0002
15,330,0.0002
25,330,0.0002
35,330,0.0001
45,330,0.0001
55,330,0.0001
65,330,0.0001
70,330,0.0001
75,330,0.0001
0,332,0.0001
15,332,0.0001
25,332,0.0002
35,332,0.0001
45,332,0.0001
55,332,0.0001
65,332,0.0001
70,332,0.0001
75,332,0.0001
0,334,0.0001
15,334,0.0001
25,334,0.0001
35,334,0.0001
45,334,0.0001
55,334,0.0001
65,334,0.0001
70,334,0.0001
75,334,0.0001
0,336,0.0001
15,336,0.0001
25,336,0.0001
35,336,0.0001
45,336,0.0001
55,336,0.0001
65,336,0.0001
70,336,0.0001
75,336,0.0001
0,338,0.0001
15,338,0.0001
25,338,0.0001
35,338,0.0001
45,338,0.0001
55,338,0.0001
65,338,0.0001
70,338,0.0001
75,338,0.0001
0,340,0.0001
15,340,0.0001
25,340,0.0001
35,340,0.0001
45,340,0.0001
55,340,0.0001
65,340,0.0001
70,340,0.0001
75,340,0.0001
0,342,0.0001
15,342,0.0001
25,342,0.0001
35,342,0.0001
45,342,0.0001
55,342,0.0001
65,342,0.0001
70,342,0.0001
75,342,0.0001
0,344,0.0001
15,344,0.0001
25,344,0.0001
35,344,0.0001
45,344,0.0001
55,344,0.0001
65,344,0.0001
70,344,0.0001
75,344,0.0001
0,346,0.0001
15,346,0.0001
25,346,0.0001
35,346,0.0001
45,346,0.0001
55,346,0.0001
65,346,0.0001
70,346,0.0001
75,346,0.0001
0,348,0.0001
15,348,0.0001
25,348,0.0001
35,348,0.0001
45,348,0.0001
55,348,0.0001
65,348,0.0001
70,348,0.0001
75,348,0.0001
0,350,0.0001
15,350,0.0001
25,350,0.0001
35,350,0.0001
45,350,0.0001
55,350,0.0001
65,350,0.0001
70,350,0.0001
75,350,0.0001
0,352,0.0001
15,352,0.0001
25,352,0.0001
35,352,0.0001
45,352,0.0001
55,352,0.0001
65,352,0.0001
70,352,0.0001
75,352,0.0001
0,354,0.0001
15,354,0.0001
25,354,0.0001
35,354,0.0001
45,354,0.0001
55,354,0.0001
65,354,0.0001
70,354,0.0001
75,354,0.0001
0,356,0.0001
15,356,0.0001
25,356,0.0001
35,356,0.0001
45,356,0.0001
55,356,0.0001
65,356,0.0001
70,356,0.0001
75,356,0.0001
0,358,0.0001
15,358,0.0001
25,358,0.0001
35,358,0.0001
45,358,0.0001
55,358,0
65,358,0
70,358,0
75,358,0.0001
0,360,0
15,360,0.0001
25,360,0.0001
35,360,0
45,360,0
55,360,0
65,360,0
70,360,0
75,360,0
0,362,0
15,362,0
25,362,0
35,362,0
45,362,0
55,362,0
65,362,0
70,362,0
75,362,0
0,364,0
15,364,0
25,364,0
35,364,0
45,364,0
55,364,0
65,364,0
70,364,0
75,364,0
0,366,0
15,366,0
25,366,0
35,366,0
45,366,0
55,366,0
65,366,0
70,366,0
75,366,0
0,368,0
15,368,0
25,368,0
35,368,0
45,368,0
55,368,0
65,368,0
70,368,0
75,368,0
0,370,0
15,370,0
25,370,0
35,370,0
45,370,0
55,370,0
65,370,0
70,370,0
75,370,0
0,372,0
15,372,0
25,372,0
35,372,0
45,372,0
55,372,0
65,372,0
70,372,0
75,372,0
0,374,0
15,374,0
25,374,0
35,374,0
45,374,0
55,374,0
65,374,0
70,374,0
75,374,0
0,376,0
15,376,0
25,376,0
35,376,0
45,376,0
55,376,0
65,376,0
70,376,0
75,376,0
0,378,0.0001
15,378,0.0001
25,378,0.0001
35,378,0.0001
45,378,0
55,378,0
65,378,0
70,378,0
75,378,0.0001
0,380,0.0002
15,380,0.0001
25,380,0.0001
35,380,0.0001
45,380,0.0001
55,380,0.0001
65,380,0.0001
70,380,0.0001
75,380,0.0001
0,382,0.0001
15,382,0.0001
25,382,0.0001
35,382,0.0001
45,382,0.0001
55,382,0.0001
65,382,0.0001
70,382,0.0001
75,382,0.0001
0,384,0.0001
15,384,0.0002
25,384,0.0001
35,384,0.0001
45,384,0.0001
55,384,0.0001
65,384,0.0001
70,384,0.0001
75,384,0.0001
0,386,0.0002
15,386,0.0001
25,386,0.0001
35,386,0.0001
45,386,0.0001
55,386,0.0001
65,386,0.0001
70,386,0.0001
75,386,0.0001
0,388,0.0001
15,388,0.0001
25,388,0.0001
35,388,0.0001
45,388,0.0001
55,388,0.0001
65,388,0.0001
70,388,0.0001
75,388,0.0001
0,390,0.0001
15,390,0.0001
25,390,0.0001
35,390,0.0001
45,390,0.0001
55,390,0.0001
65,390,0.0001
70,390,0.0001
75,390,0.0001
0,392,0.0001
15,392,0.0002
25,392,0.0001
35,392,0.0001
45,392,0.0001
55,392,0.0001
65,392,0.0001
70,392,0.0001
75,392,0.0001
0,394,0.0002
15,394,0.0001
25,394,0.0001
35,394,0.0001
45,394,0.0001
55,394,0.0001
65,394,0.0001
70,394,0.0001
75,394,0.0001
0,396,0.0001
15,396,0.0001
25,396,0.0001
35,396,0.0001
45,396,0.0001
55,396,0.0001
65,396,0.0001
70,396,0.0001
75,396,0.0001
0,398,0.0001
15,398,0.0001
25,398,0.0001
35,398,0.0001
45,398,0.0001
55,398,0.0001
65,398,0.0001
70,398,0.0001
75,398,0.0001
0,400,0.0001
15,400,0.0001
25,400,0.0001
35,400,0.0001
45,400,0.0001
55,400,0.0001
65,400,0.0001
70,400,0.0001
75,400,0.0001
0,402,0.0001
15,402,0.0001
25,402,0.0001
35,402,0.0001
45,402,0.0001
55,402,0.0001
65,402,0.0001
70,402,0.0001
75,402,0.0001
0,404,0.0001
15,404,0.0001
25,404,0.0001
35,404,0.0001
45,404,0.0001
55,404,0.0001
65,404,0.0001
70,404,0.0001
75,404,0.0001
0,406,0.0001
15,406,0.0001
25,406,0.0001
35,406,0.0001
45,406,0.0001
55,406,0.0001
65,406,0.0001
70,406,0.0001
75,406,0.0001
0,408,0.0001
15,408,0.0001
25,408,0.0001
35,408,0.0001
45,408,0.0001
55,408,0.0001
65,408,0.0001
70,408,0.0001
75,408,0.0001
0,410,0.0001
15,410,0.0001
25,410,0.0001
35,410,0.0001
45,410,0.0001
55,410,0.0001
65,410,0.0001
70,410,0.0001
75,410,0.0001
0,412,0.0001
15,412,0.0001
25,412,0.0001
35,412,0.0001
45,412,0.0001
55,412,0.0001
65,412,0.0001
70,412,0.0001
75,412,0.0001
0,414,0.0001
15,414,0.0001
25,414,0.0001
35,414,0.0001
45,414,0.0001
55,414,0.0001
65,414,0.0001
70,414,0.0001
75,414,0.0001
0,416,0.0001
15,416,0.0001
25,416,0.0001
35,416,0.0001
45,416,0.0001
55,416,0.0001
65,416,0.0001
70,416,0.0001
75,416,0.0001
0,418,0.0001
15,418,0.0001
25,418,0.0001
35,418,0.0001
45,418,0.0001
55,418,0.0001
65,418,0.0001
70,418,0.0001
75,418,0.0001
0,420,0.0001
15,420,0.0001
25,420,0.0001
35,420,0.0001
45,420,0.0001
55,420,0.0001
65,420,0.0001
70,420,0.0001
75,420,0.0001
0,422,0.0001
15,422,0.0001
25,422,0.0001
35,422,0.0001
45,422,0.0001
55,422,0.0001
65,422,0.0001
70,422,0.0001
75,422,0.0001
0,424,0.0001
15,424,0.0001
25,424,0.0001
35,424,0.0001
45,424,0.0001
55,424,0.0001
65,424,0.0001
70,424,0.0001
75,424,0.0001
0,426,0.0001
15,426,0.0001
25,426,0.0001
35,426,0.0001
45,426,0.0001
55,426,0.0001
65,426,0.0001
70,426,0.0001
75,426,0.0001
0,428,0.0001
15,428,0.0001
25,428,0.0001
35,428,0.0001
45,428,0.0001
55,428,0.0001
65,428,0.0001
70,428,0.0001
75,428,0.0001
0,430,0.0001
15,430,0.0001
25,430,0.0001
35,430,0.0001
45,430,0.0001
55,430,0.0001
65,430,0.0001
70,430,0.0001
75,430,0.0001
0,432,0.0001
15,432,0.0001
25,432,0.0001
35,432,0.0001
45,432,0.0001
55,432,0.0001
65,432,0.0001
70,432,0.0001
75,432,0.0001
0,434,0.0001
15,434,0.0001
25,434,0.0001
35,434,0.0001
45,434,0.0001
55,434,0.0001
65,434,0.0001
70,434,0.0001
75,434,0.0001
0,436,0.0001
15,436,0.0001
25,436,0.0001
35,436,0.0001
45,436,0.0001
55,436,0.0001
65,436,0.0001
70,436,0.0001
75,436,0.0001
0,438,0.0001
15,438,0.0001
25,438,0.0001
35,438,0.0001
45,438,0.0001
55,438,0.0001
65,438,0.0001
70,438,0.0001
75,438,0.0001
0,440,0.0001
15,440,0.0001
25,440,0.0001
35,440,0.0001
45,440,0.0001
55,440,0.0001
65,440,0.0001
70,440,0.0001
75,440,0.0001
0,442,0.0001
15,442,0.0001
25,442,0.0001
35,442,0.0001
45,442,0.0001
55,442,0.0001
65,442,0.0001
70,442,0.0001
75,442,0.0001
0,444,0.0002
15,444,0.0002
25,444,0.0002
35,444,0.0002
45,444,0.0002
55,444,0.0002
65,444,0.0001
70,444,0.0001
75,444,0.0002
0,446,0.0003
15,446,0.0002
25,446,0.0003
35,446,0.0002
45,446,0.0003
55,446,0.0002
65,446,0.0002
70,446,0.0002
75,446,0.0002
0,448,0.0003
15,448,0.0002
25,448,0.0003
35,448,0.0003
45,448,0.0002
55,448,0.0002
65,448,0.0002
70,448,0.0002
75,448,0.0002
0,450,0.0003
15,450,0.0003
25,450,0.0003
35,450,0.0003
45,450,0.0003
55,450,0.0003
65,450,0.0003
70,450,0.0003
75,450,0.0003
0,452,0.0003
15,452,0.0003
25,452,0.0003
35,452,0.0003
45,452,0.0003
55,452,0.0003
65,452,0.0003
70,452,0.0003
75,452,0.0003
0,454,0.0003
15,454,0.0003
25,454,0.0003
35,454,0.0003
45,454,0.0003
55,454,0.0003
65,454,0.0003
70,454,0.0003
75,454,0.0003
0,456,0.0003
15,456,0.0003
25,456,0.0003
35,456,0.0003
45,456,0.0003
55,456,0.0003
65,456,0.0003
70,456,0.0003
75,456,0.0003
0,458,0.0003
15,458,0.0003
25,458,0.0003
35,458,0.0003
45,458,0.0003
55,458,0.0003
65,458,0.0003
70,458,0.0003
75,458,0.0003
0,460,0.0002
15,460,0.0003
25,460,0.0003
35,460,0.0003
45,460,0.0002
55,460,0.0002
65,460,0.0002
70,460,0.0002
75,460,0.0002
0,462,0.0002
15,462,0.0002
25,462,0.0002
35,462,0.0002
45,462,0.0002
55,462,0.0001
65,462,0.0001
70,462,0.0001
75,462,0.0002
0,464,0.0001
15,464,0
25,464,0.0001
35,464,0.0001
45,464,0.0001
55,464,0
65,464,0
70,464,0
75,464,0
0,466,0
15,466,0
25,466,0
35,466,0
45,466,0
55,466,0
65,466,0
70,466,0
75,466,0
0,468,0
15,468,0
25,468,0
35,468,0
45,468,0
55,468,0
65,468,0
70,468,0
75,468,0
0,470,0
15,470,0
25,470,0
35,470,0
45,470,0
55,470,0
65,470,0
70,470,0
75,470,0
0,472,0
15,472,0
25,472,0
35,472,0
45,472,0
55,472,0
65,472,0
70,472,0
75,472,0
0,474,0
15,474,0
25,474,0
35,474,0
45,474,0
55,474,0
65,474,0
70,474,0
75,474,0
0,476,0
15,476,0
25,476,0
35,476,0
45,476,0
55,476,0
65,476,0
70,476,0
75,476,0
0,478,0
15,478,0
25,478,0
35,478,0
45,478,0
55,478,0
65,478,0
70,478,0
75,478,0
0,480,0.0005
15,480,0.0004
25,480,0.0003
35,480,0.0002
45,480,0.0001
55,480,0
65,480,0
70,480,0
75,480,0
0,482,0.002
15,482,0.0018
25,482,0.0015
35,482,0.0012
45,482,0.0009
55,482,0.0006
65,482,0.0004
70,482,0.0003
75,482,0.0002
0,484,0.0059
15,484,0.0055
25,484,0.0048
35,484,0.004
45,484,0.0031
55,484,0.0023
65,484,0.0017
70,484,0.0013
75,484,0.001
0,486,0.0144
15,486,0.0137
25,486,0.0121
35,486,0.0105
45,486,0.0086
55,486,0.0067
65,486,0.005
70,486,0.0041
75,486,0.003
0,488,0.0307
15,488,0.0294
25,488,0.0267
35,488,0.0238
45,488,0.0202
55,488,0.0164
65,488,0.0127
70,488,0.0106
75,488,0.0078
0,490,0.058
15,490,0.056
25,490,0.0519
35,490,0.0473
45,490,0.0415
55,490,0.0351
65,490,0.028
70,490,0.0237
75,490,0.0177
0,492,0.0984
15,492,0.096
25,492,0.0905
35,492,0.0842
45,492,0.0759
55,492,0.0663
65,492,0.0546
70,492,0.0468
75,492,0.0353
0,494,0.1529
15,494,0.1502
25,494,0.1437
35,494,0.1362
45,494,0.1257
55,494,0.1129
65,494,0.0955
70,494,0.0827
75,494,0.0632
0,496,0.219
15,496,0.2165
25,496,0.2097
35,496,0.2016
45,496,0.1901
55,496,0.1748
65,496,0.1513
70,496,0.1321
75,496,0.102
0,498,0.2915
15,498,0.2897
25,498,0.2833
35,498,0.2758
45,498,0.2644
55,498,0.2478
65,498,0.2187
70,498,0.1925
75,498,0.1499
0,500,0.3663
15,500,0.3655
25,500,0.3602
35,500,0.3542
45,500,0.3443
55,500,0.3277
65,500,0.2936
70,500,0.2602
75,500,0.2041
0,502,0.4394
15,502,0.4399
25,502,0.4364
35,502,0.4324
45,502,0.425
55,502,0.4096
65,502,0.3714
70,502,0.3309
75,502,0.2613
0,504,0.5087
15,504,0.5107
25,504,0.5091
35,504,0.5077
45,504,0.5033
55,504,0.4899
65,504,0.4485
70,504,0.4012
75,504,0.3184
0,506,0.5721
15,506,0.5754
25,506,0.5759
35,506,0.5772
45,506,0.576
55,506,0.565
65,506,0.5211
70,506,0.4675
75,506,0.3726
0,508,0.6275
15,508,0.6321
25,508,0.6345
35,508,0.6383
45,508,0.6403
55,508,0.6317
65,508,0.5857
70,508,0.5266
75,508,0.4213
0,510,0.6752
15,510,0.6809
25,510,0.6852
35,510,0.6913
45,510,0.6961
55,510,0.6897
65,510,0.642
70,510,0.5782
75,510,0.4638
0,512,0.7158
15,512,0.7224
25,512,0.7281
35,512,0.7362
45,512,0.7434
55,512,0.739
65,512,0.6897
70,512,0.622
75,512,0.5002
0,514,0.7499
15,514,0.7572
25,514,0.7644
35,514,0.7739
45,514,0.7831
55,514,0.7803
65,514,0.7298
70,514,0.6587
75,514,0.5308
0,516,0.7781
15,516,0.7861
25,516,0.7943
35,516,0.8051
45,516,0.8159
55,516,0.8143
65,516,0.7626
70,516,0.6887
75,516,0.5559
0,518,0.8011
15,518,0.8096
25,518,0.8184
35,518,0.8303
45,518,0.8422
55,518,0.8415
65,518,0.7887
70,518,0.7126
75,518,0.5762
0,520,0.8197
15,520,0.8286
25,520,0.8379
35,520,0.8506
45,520,0.8634
55,520,0.8631
65,520,0.8092
70,520,0.7313
75,520,0.592
0,522,0.8348
15,522,0.844
25,522,0.8539
35,522,0.8669
45,522,0.8804
55,522,0.8803
65,522,0.8255
70,522,0.7461
75,522,0.6045
0,524,0.8472
15,524,0.8567
25,524,0.8669
35,524,0.8802
45,524,0.894
55,524,0.894
65,524,0.8383
70,524,0.7576
75,524,0.6142
0,526,0.8575
15,526,0.8669
25,526,0.8773
35,526,0.8909
45,526,0.9047
55,526,0.9048
65,526,0.8481
70,526,0.7665
75,526,0.6218
0,528,0.8657
15,528,0.8752
25,528,0.8858
35,528,0.8995
45,528,0.9134
55,528,0.9132
65,528,0.8556
70,528,0.7731
75,528,0.6275
0,530,0.8724
15,530,0.882
25,530,0.8926
35,530,0.9063
45,530,0.9203
55,530,0.9197
65,530,0.8613
70,530,0.7782
75,530,0.6318
0,532,0.878
15,532,0.8876
25,532,0.8982
35,532,0.9119
45,532,0.9257
55,532,0.9248
65,532,0.8657
70,532,0.782
75,532,0.6349
0,534,0.8826
15,534,0.8923
25,534,0.9028
35,534,0.9165
45,534,0.9301
55,534,0.9288
65,534,0.8689
70,534,0.7847
75,534,0.6372
0,536,0.8864
15,536,0.8959
25,536,0.9067
35,536,0.92
45,536,0.9335
55,536,0.9318
65,536,0.8713
70,536,0.7868
75,536,0.6389
0,538,0.8894
15,538,0.899
25,538,0.9097
35,538,0.9229
45,538,0.9363
55,538,0.9342
65,538,0.8731
70,538,0.7881
75,538,0.64
0,540,0.8921
15,540,0.9016
25,540,0.9122
35,540,0.9254
45,540,0.9384
55,540,0.936
65,540,0.8743
70,540,0.789
75,540,0.6408
0,542,0.8945
15,542,0.904
25,542,0.9144
35,542,0.9273
45,542,0.9401
55,542,0.9374
65,542,0.8753
70,542,0.7896
75,542,0.6413
0,544,0.8963
15,544,0.9058
25,544,0.9159
35,544,0.929
45,544,0.9415
55,544,0.9385
65,544,0.8758
70,544,0.7899
75,544,0.6416
0,546,0.8977
15,546,0.9072
25,546,0.9174
35,546,0.9303
45,546,0.9426
55,546,0.9392
65,546,0.876
70,546,0.7901
75,546,0.6415
0,548,0.899
15,548,0.9084
25,548,0.9188
35,548,0.9314
45,548,0.9435
55,548,0.9397
65,548,0.8762
70,548,0.7902
75,548,0.6415
0,550,0.9002
15,550,0.9095
25,550,0.9197
35,550,0.9322
45,550,0.9441
55,550,0.9401
65,550,0.8763
70,550,0.7901
75,550,0.6414
0,552,0.9012
15,552,0.9103
25,552,0.9204
35,552,0.9329
45,552,0.9447
55,552,0.9402
65,552,0.8761
70,552,0.7898
75,552,0.6411
0,554,0.902
15,554,0.9112
25,554,0.9213
35,554,0.9336
45,554,0.9451
55,554,0.9405
65,554,0.876
70,554,0.7896
75,554,0.6409
0,556,0.9027
15,556,0.9118
25,556,0.9218
35,556,0.9341
45,556,0.9456
55,556,0.9407
65,556,0.8758
70,556,0.7893
75,556,0.6407
0,558,0.9033
15,558,0.9124
25,558,0.9224
35,558,0.9346
45,558,0.9458
55,558,0.9407
65,558,0.8756
70,558,0.7889
75,558,0.6404
0,560,0.9036
15,560,0.9126
25,560,0.9226
35,560,0.9347
45,560,0.9457
55,560,0.9405
65,560,0.8753
70,560,0.7884
75,560,0.64
0,562,0.9038
15,562,0.9128
25,562,0.9225
35,562,0.9345
45,562,0.9455
55,562,0.9401
65,562,0.8748
70,562,0.7881
75,562,0.6397
0,564,0.9041
15,564,0.9133
25,564,0.9229
35,564,0.9349
45,564,0.9458
55,564,0.9403
65,564,0.8748
70,564,0.7881
75,564,0.6399
0,566,0.9044
15,566,0.9135
25,566,0.9231
35,566,0.935
45,566,0.9459
55,566,0.9403
65,566,0.8745
70,566,0.7879
75,566,0.6395
0,568,0.9048
15,568,0.9137
25,568,0.9234
35,568,0.9352
45,568,0.946
55,568,0.9402
65,568,0.8744
70,568,0.7876
75,568,0.6392
0,570,0.905
15,570,0.9139
25,570,0.9236
35,570,0.9353
45,570,0.9461
55,570,0.94
65,570,0.8742
70,570,0.7874
75,570,0.6391
0,572,0.9053
15,572,0.9142
25,572,0.9237
35,572,0.9355
45,572,0.9461
55,572,0.94
65,572,0.8741
70,572,0.7872
75,572,0.6389
0,574,0.9055
15,574,0.9142
25,574,0.924
35,574,0.9357
45,574,0.9461
55,574,0.94
65,574,0.8739
70,574,0.787
75,574,0.6386
0,576,0.9057
15,576,0.9144
25,576,0.9243
35,576,0.9357
45,576,0.9461
55,576,0.9399
65,576,0.8737
70,576,0.7868
75,576,0.6385
0,578,0.9059
15,578,0.9147
25,578,0.9243
35,578,0.9359
45,578,0.9461
55,578,0.94
65,578,0.8736
70,578,0.7866
75,578,0.6384
0,580,0.906
15,580,0.9149
25,580,0.9243
35,580,0.9359
45,580,0.9462
55,580,0.94
65,580,0.8736
70,580,0.7865
75,580,0.6383
0,582,0.9062
15,582,0.915
25,582,0.9245
35,582,0.936
45,582,0.9463
55,582,0.9399
65,582,0.8734
70,582,0.7865
75,582,0.6383
0,584,0.9063
15,584,0.915
25,584,0.9245
35,584,0.936
45,584,0.9464
55,584,0.9399
65,584,0.8734
70,584,0.7865
75,584,0.6382
0,586,0.9063
15,586,0.9151
25,586,0.9245
35,586,0.9361
45,586,0.9465
55,586,0.9399
65,586,0.8734
70,586,0.7865
75,586,0.6381
0,588,0.9063
15,588,0.9151
25,588,0.9247
35,588,0.9362
45,588,0.9465
55,588,0.94
65,588,0.8734
70,588,0.7864
75,588,0.6381
0,590,0.9064
15,590,0.9153
25,590,0.9248
35,590,0.9361
45,590,0.9466
55,590,0.94
65,590,0.8734
70,590,0.7864
75,590,0.6381
0,592,0.9064
15,592,0.9153
25,592,0.9248
35,592,0.9361
45,592,0.9466
55,592,0.94
65,592,0.8735
70,592,0.7865
75,592,0.6381
0,594,0.9066
15,594,0.9153
25,594,0.9249
35,594,0.9363
45,594,0.9466
55,594,0.9401
65,594,0.8736
70,594,0.7864
75,594,0.6381
0,596,0.9066
15,596,0.9154
25,596,0.925
35,596,0.9364
45,596,0.9467
55,596,0.9401
65,596,0.8735
70,596,0.7865
75,596,0.6382
0,598,0.9067
15,598,0.9155
25,598,0.925
35,598,0.9365
45,598,0.9466
55,598,0.9402
65,598,0.8736
70,598,0.7866
75,598,0.6382
0,600,0.9068
15,600,0.9155
25,600,0.9249
35,600,0.9366
45,600,0.9467
55,600,0.9403
65,600,0.8737
70,600,0.7867
75,600,0.6384
0,602,0.9068
15,602,0.9155
25,602,0.925
35,602,0.9366
45,602,0.9467
55,602,0.9403
65,602,0.8737
70,602,0.7868
75,602,0.6385
0,604,0.9067
15,604,0.9155
25,604,0.9251
35,604,0.9365
45,604,0.9468
55,604,0.9404
65,604,0.8738
70,604,0.7868
75,604,0.6385
0,606,0.9066
15,606,0.9154
25,606,0.9249
35,606,0.9364
45,606,0.9469
55,606,0.9403
65,606,0.8739
70,606,0.7869
75,606,0.6385
0,608,0.9065
15,608,0.9154
25,608,0.9249
35,608,0.9364
45,608,0.9469
55,608,0.9403
65,608,0.8738
70,608,0.787
75,608,0.6386
0,610,0.9065
15,610,0.9153
25,610,0.9248
35,610,0.9364
45,610,0.9469
55,610,0.9402
65,610,0.8738
70,610,0.7869
75,610,0.6386
0,612,0.9063
15,612,0.9152
25,612,0.9248
35,612,0.9364
45,612,0.9467
55,612,0.9402
65,612,0.8738
70,612,0.7869
75,612,0.6386
0,614,0.9062
15,614,0.915
25,614,0.9247
35,614,0.9363
45,614,0.9466
55,614,0.9403
65,614,0.8738
70,614,0.787
75,614,0.6387
0,616,0.9061
15,616,0.9148
25,616,0.9245
35,616,0.9362
45,616,0.9465
55,616,0.9403
65,616,0.874
70,616,0.7871
75,616,0.6387
0,618,0.9058
15,618,0.9147
25,618,0.9244
35,618,0.936
45,618,0.9464
55,618,0.9402
65,618,0.874
70,618,0.7872
75,618,0.6387
0,620,0.9056
15,620,0.9145
25,620,0.9243
35,620,0.9358
45,620,0.9464
55,620,0.9403
65,620,0.8741
70,620,0.7872
75,620,0.6388
0,622,0.9055
15,622,0.9144
25,622,0.9242
35,622,0.9357
45,622,0.9464
55,622,0.9403
65,622,0.8741
70,622,0.7872
75,622,0.6389
0,624,0.9056
15,624,0.9143
25,624,0.924
35,624,0.9357
45,624,0.9463
55,624,0.9402
65,624,0.8741
70,624,0.7874
75,624,0.639
0,626,0.9054
15,626,0.9142
25,626,0.9239
35,626,0.9356
45,626,0.9461
55,626,0.9402
65,626,0.8742
70,626,0.7875
75,626,0.6391
0,628,0.9053
15,628,0.914
25,628,0.924
35,628,0.9356
45,628,0.9461
55,628,0.9402
65,628,0.8744
70,628,0.7876
75,628,0.6392
0,630,0.9052
15,630,0.9139
25,630,0.9238
35,630,0.9355
45,630,0.9461
55,630,0.9404
65,630,0.8746
70,630,0.7877
75,630,0.6393
0,632,0.905
15,632,0.914
25,632,0.9237
35,632,0.9355
45,632,0.9462
55,632,0.9406
65,632,0.8749
70,632,0.7879
75,632,0.6393
0,634,0.905
15,634,0.9139
25,634,0.9237
35,634,0.9355
45,634,0.9464
55,634,0.9407
65,634,0.875
70,634,0.7881
75,634,0.6396
0,636,0.905
15,636,0.9138
25,636,0.9237
35,636,0.9355
45,636,0.9464
55,636,0.9408
65,636,0.8752
70,636,0.7883
75,636,0.6399
0,638,0.905
15,638,0.9136
25,638,0.9236
35,638,0.9355
45,638,0.9465
55,638,0.941
65,638,0.8753
70,638,0.7886
75,638,0.6401
0,640,0.9048
15,640,0.9136
25,640,0.9236
35,640,0.9357
45,640,0.9466
55,640,0.9413
65,640,0.8756
70,640,0.7889
75,640,0.6403
0,642,0.9047
15,642,0.9137
25,642,0.9236
35,642,0.9358
45,642,0.9469
55,642,0.9415
65,642,0.876
70,642,0.7893
75,642,0.6406
0,644,0.9047
15,644,0.9138
25,644,0.9237
35,644,0.9359
45,644,0.9471
55,644,0.9419
65,644,0.8764
70,644,0.7897
75,644,0.641
0,646,0.905
15,646,0.9139
25,646,0.9239
35,646,0.9359
45,646,0.9473
55,646,0.9422
65,646,0.8769
70,646,0.79
75,646,0.6414
0,648,0.905
15,648,0.9139
25,648,0.9241
35,648,0.9361
45,648,0.9475
55,648,0.9425
65,648,0.8774
70,648,0.7905
75,648,0.6418
0,650,0.9051
15,650,0.9141
25,650,0.9242
35,650,0.9363
45,650,0.9477
55,650,0.9429
65,650,0.8778
70,650,0.7909
75,650,0.6422
0,652,0.9052
15,652,0.9143
25,652,0.9243
35,652,0.9366
45,652,0.9481
55,652,0.9433
65,652,0.8783
70,652,0.7915
75,652,0.6427
0,654,0.9054
15,654,0.9144
25,654,0.9246
35,654,0.937
45,654,0.9486
55,654,0.9438
65,654,0.8789
70,654,0.7921
75,654,0.6432
0,656,0.9057
15,656,0.9146
25,656,0.9249
35,656,0.9373
45,656,0.949
55,656,0.9445
65,656,0.8795
70,656,0.7926
75,656,0.6438
0,658,0.9059
15,658,0.9148
25,658,0.9251
35,658,0.9377
45,658,0.9495
55,658,0.945
65,658,0.8802
70,658,0.7932
75,658,0.6443
0,660,0.9062
15,660,0.9152
25,660,0.9253
35,660,0.9381
45,660,0.95
55,660,0.9456
65,660,0.8809
70,660,0.794
75,660,0.6449
0,662,0.9064
15,662,0.9156
25,662,0.9258
35,662,0.9386
45,662,0.9504
55,662,0.9462
65,662,0.8816
70,662,0.7948
75,662,0.6455
0,664,0.9068
15,664,0.916
25,664,0.9262
35,664,0.9389
45,664,0.9508
55,664,0.9468
65,664,0.8824
70,664,0.7955
75,664,0.6462
0,666,0.907
15,666,0.9162
25,666,0.9266
35,666,0.9393
45,666,0.9515
55,666,0.9475
65,666,0.8831
70,666,0.7963
75,666,0.6469
0,668,0.9074
15,668,0.9166
25,668,0.9271
35,668,0.9397
45,668,0.9523
55,668,0.9483
65,668,0.8839
70,668,0.7971
75,668,0.6475
0,670,0.9077
15,670,0.9169
25,670,0.9275
35,670,0.9403
45,670,0.9529
55,670,0.949
65,670,0.8847
70,670,0.7979
75,670,0.6482
0,672,0.908
15,672,0.9172
25,672,0.9279
35,672,0.9409
45,672,0.9534
55,672,0.9497
65,672,0.8857
70,672,0.7985
75,672,0.6489
0,674,0.9085
15,674,0.9178
25,674,0.9284
35,674,0.9415
45,674,0.954
55,674,0.9504
65,674,0.8865
70,674,0.7995
75,674,0.6496
0,676,0.9089
15,676,0.9183
25,676,0.9289
35,676,0.942
45,676,0.9546
55,676,0.9513
65,676,0.8873
70,676,0.8005
75,676,0.6504
0,678,0.9092
15,678,0.9186
25,678,0.9293
35,678,0.9425
45,678,0.9554
55,678,0.9521
65,678,0.8882
70,678,0.8014
75,678,0.6512
0,680,0.9096
15,680,0.919
25,680,0.9298
35,680,0.9428
45,680,0.956
55,680,0.9529
65,680,0.8892
70,680,0.8023
75,680,0.6521
0,682,0.9101
15,682,0.9194
25,682,0.9304
35,682,0.9434
45,682,0.9567
55,682,0.9537
65,682,0.89
70,682,0.803
75,682,0.6529
0,684,0.9105
15,684,0.9199
25,684,0.9309
35,684,0.944
45,684,0.9575
55,684,0.9544
65,684,0.8909
70,684,0.8039
75,684,0.6536
0,686,0.9108
15,686,0.9203
25,686,0.9313
35,686,0.9447
45,686,0.9581
55,686,0.9553
65,686,0.8919
70,686,0.8047
75,686,0.6544
0,688,0.9111
15,688,0.9207
25,688,0.9317
35,688,0.9452
45,688,0.9586
55,688,0.9561
65,688,0.8928
70,688,0.8055
75,688,0.6551
0,690,0.9115
15,690,0.9212
25,690,0.9321
35,690,0.9457
45,690,0.9593
55,690,0.9568
65,690,0.8937
70,690,0.8065
75,690,0.656
0,692,0.9118
15,692,0.9215
25,692,0.9326
35,692,0.9462
45,692,0.9598
55,692,0.9574
65,692,0.8944
70,692,0.8075
75,692,0.6568
0,694,0.912
15,694,0.9218
25,694,0.9329
35,694,0.9467
45,694,0.9603
55,694,0.9581
65,694,0.8952
70,694,0.8082
75,694,0.6574
0,696,0.9124
15,696,0.922
25,696,0.9332
35,696,0.947
45,696,0.9608
55,696,0.9589
65,696,0.896
70,696,0.8088
75,696,0.658
0,698,0.9126
15,698,0.9222
25,698,0.9337
35,698,0.9475
45,698,0.9613
55,698,0.9593
65,698,0.8966
70,698,0.8095
75,698,0.6586
0,700,0.9127
15,700,0.9224
25,700,0.9337
35,700,0.9478
45,700,0.9617
55,700,0.9599
65,700,0.8971
70,700,0.8102
75,700,0.6592
0,702,0.9128
15,702,0.9226
25,702,0.9339
35,702,0.9481
45,702,0.9619
55,702,0.9605
65,702,0.8978
70,702,0.8108
75,702,0.6598
0,704,0.913
15,704,0.9228
25,704,0.9341
35,704,0.9485
45,704,0.9623
55,704,0.9611
65,704,0.8985
70,704,0.8114
75,704,0.6602
0,706,0.9132
15,706,0.9228
25,706,0.9343
35,706,0.9486
45,706,0.9627
55,706,0.9614
65,706,0.8991
70,706,0.8121
75,706,0.6605
0,708,0.9132
15,708,0.9229
25,708,0.9345
35,708,0.9487
45,708,0.9629
55,708,0.9617
65,708,0.8996
70,708,0.8126
75,708,0.6611
0,710,0.9133
15,710,0.9232
25,710,0.9346
35,710,0.9489
45,710,0.9633
55,710,0.9623
65,710,0.9
70,710,0.8129
75,710,0.6616
0,712,0.9134
15,712,0.9233
25,712,0.9347
35,712,0.9492
45,712,0.9636
55,712,0.9627
65,712,0.9005
70,712,0.8135
75,712,0.6621
0,714,0.9134
15,714,0.9235
25,714,0.9348
35,714,0.9496
45,714,0.964
55,714,0.9631
65,714,0.901
70,714,0.8141
75,714,0.6625
0,716,0.9136
15,716,0.9236
25,716,0.9351
35,716,0.9498
45,716,0.9644
55,716,0.9634
65,716,0.9017
70,716,0.8147
75,716,0.6629
0,718,0.9136
15,718,0.9236
25,718,0.9352
35,718,0.95
45,718,0.9646
55,718,0.9637
65,718,0.9021
70,718,0.8149
75,718,0.6634
0,720,0.9136
15,720,0.9235
25,720,0.9353
35,720,0.95
45,720,0.9648
55,720,0.9643
65,720,0.9025
70,720,0.8154
75,720,0.6638
0,722,0.9137
15,722,0.9237
25,722,0.9356
35,722,0.9502
45,722,0.965
55,722,0.9647
65,722,0.9032
70,722,0.816
75,722,0.6643
0,724,0.9139
15,724,0.9238
25,724,0.9356
35,724,0.9505
45,724,0.9652
55,724,0.9651
65,724,0.9037
70,724,0.8165
75,724,0.6646
0,726,0.9138
15,726,0.9238
25,726,0.9357
35,726,0.9506
45,726,0.9655
55,726,0.9653
65,726,0.9039
70,726,0.817
75,726,0.6651
0,728,0.9137
15,728,0.9238
25,728,0.9359
35,728,0.9506
45,728,0.9659
55,728,0.9657
65,728,0.9046
70,728,0.8175
75,728,0.6656
0,730,0.9136
15,730,0.924
25,730,0.9359
35,730,0.9508
45,730,0.9661
55,730,0.9661
65,730,0.905
70,730,0.818
75,730,0.666
0,732,0.9138
15,732,0.9238
25,732,0.9359
35,732,0.9509
45,732,0.9663
55,732,0.9665
65,732,0.9054
70,732,0.8186
75,732,0.6664
0,734,0.9138
15,734,0.9241
25,734,0.9361
35,734,0.951
45,734,0.9665
55,734,0.9666
65,734,0.906
70,734,0.8188
75,734,0.6668
0,736,0.9139
15,736,0.9242
25,736,0.9363
35,736,0.9513
45,736,0.9669
55,736,0.967
65,736,0.9063
70,736,0.8193
75,736,0.6672
0,738,0.9138
15,738,0.9244
25,738,0.9366
35,738,0.9513
45,738,0.967
55,738,0.9674
65,738,0.9068
70,738,0.8198
75,738,0.6676
0,740,0.9139
15,740,0.9243
25,740,0.9366
35,740,0.9515
45,740,0.9672
55,740,0.9678
65,740,0.9072
70,740,0.8202
75,740,0.668
0,742,0.9141
15,742,0.9241
25,742,0.9365
35,742,0.9518
45,742,0.9675
55,742,0.9682
65,742,0.9078
70,742,0.8207
75,742,0.6683
0,744,0.9141
15,744,0.9241
25,744,0.9365
35,744,0.9519
45,744,0.9678
55,744,0.9683
65,744,0.908
70,744,0.8211
75,744,0.6687
0,746,0.9139
15,746,0.9243
25,746,0.9365
35,746,0.9519
45,746,0.968
55,746,0.9686
65,746,0.9085
70,746,0.8215
75,746,0.6691
0,748,0.914
15,748,0.9243
25,748,0.9363
35,748,0.9521
45,748,0.9681
55,748,0.969
65,748,0.9089
70,748,0.8219
75,748,0.6693
0,750,0.9142
15,750,0.9244
25,750,0.9366
35,750,0.9524
45,750,0.9683
55,750,0.9695
65,750,0.9093
70,750,0.8223
75,750,0.6697
0,752,0.914
15,752,0.9243
25,752,0.9367
35,752,0.9525
45,752,0.9684
55,752,0.9697
65,752,0.9097
70,752,0.8226
75,752,0.6701
0,754,0.9139
15,754,0.9242
25,754,0.937
35,754,0.9526
45,754,0.9684
55,754,0.9698
65,754,0.91
70,754,0.8229
75,754,0.6705
0,756,0.914
15,756,0.9242
25,756,0.9368
35,756,0.9527
45,756,0.9685
55,756,0.9701
65,756,0.9103
70,756,0.8235
75,756,0.6708
0,758,0.9141
15,758,0.9244
25,758,0.9369
35,758,0.9527
45,758,0.9687
55,758,0.9704
65,758,0.9109
70,758,0.8237
75,758,0.6711
0,760,0.914
15,760,0.9246
25,760,0.937
35,760,0.9526
45,760,0.9689
55,760,0.9705
65,760,0.9111
70,760,0.8239
75,760,0.6715
0,762,0.9139
15,762,0.9244
25,762,0.937
35,762,0.9526
45,762,0.969
55,762,0.9707
65,762,0.9113
70,762,0.8244
75,762,0.6717
0,764,0.9137
15,764,0.9246
25,764,0.937
35,764,0.9526
45,764,0.9691
55,764,0.971
65,764,0.9115
70,764,0.8247
75,764,0.672
0,766,0.9136
15,766,0.9243
25,766,0.9369
35,766,0.9529
45,766,0.9692
55,766,0.9715
65,766,0.9121
70,766,0.8252
75,766,0.6723
0,768,0.9137
15,768,0.9242
25,768,0.937
35,768,0.9532
45,768,0.9694
55,768,0.9717
65,768,0.9125
70,768,0.8254
75,768,0.6725
0,770,0.9137
15,770,0.9243
25,770,0.9369
35,770,0.9531
45,770,0.9696
55,770,0.9719
65,770,0.9126
70,770,0.8259
75,770,0.6728
0,772,0.9137
15,772,0.9243
25,772,0.9368
35,772,0.953
45,772,0.9698
55,772,0.972
65,772,0.9132
70,772,0.8263
75,772,0.6733
0,774,0.9136
15,774,0.9243
25,774,0.9371
35,774,0.9531
45,774,0.97
55,774,0.9723
65,774,0.9135
70,774,0.8264
75,774,0.6734
0,776,0.9136
15,776,0.9241
25,776,0.9371
35,776,0.9532
45,776,0.9699
55,776,0.9724
65,776,0.914
70,776,0.8268
75,776,0.6737
0,778,0.9134
15,778,0.9241
25,778,0.9371
35,778,0.9535
45,778,0.9705
55,778,0.9727
65,778,0.9142
70,778,0.8272
75,778,0.6742
0,780,0.9137
15,780,0.9241
25,780,0.9372
35,780,0.9535
45,780,0.9705
55,780,0.9728
65,780,0.9145
70,780,0.8278
75,780,0.6746
0,782,0.9138
15,782,0.9242
25,782,0.9372
35,782,0.9536
45,782,0.9706
55,782,0.9731
65,782,0.9149
70,782,0.8282
75,782,0.6748
0,784,0.9136
15,784,0.9242
25,784,0.9372
35,784,0.9536
45,784,0.9708
55,784,0.9736
65,784,0.9152
70,784,0.8287
75,784,0.6751
0,786,0.9138
15,786,0.9245
25,786,0.9372
35,786,0.9538
45,786,0.971
55,786,0.9736
65,786,0.9157
70,786,0.8289
75,786,0.6757
0,788,0.9137
15,788,0.9245
25,788,0.9372
35,788,0.9541
45,788,0.9714
55,788,0.9738
65,788,0.916
70,788,0.8291
75,788,0.676
0,790,0.9136
15,790,0.9243
25,790,0.9373
35,790,0.9539
45,790,0.9714
55,790,0.9741
65,790,0.9164
70,790,0.8295
75,790,0.676
0,792,0.9136
15,792,0.9244
25,792,0.9374
35,792,0.9542
45,792,0.9714
55,792,0.9747
65,792,0.917
70,792,0.8298
75,792,0.6763
0,794,0.9135
15,794,0.9243
25,794,0.9374
35,794,0.9541
45,794,0.9718
55,794,0.9751
65,794,0.9171
70,794,0.83
75,794,0.6767
0,796,0.9134
15,796,0.9244
25,796,0.9374
35,796,0.9542
45,796,0.9723
55,796,0.9754
65,796,0.9173
70,796,0.8302
75,796,0.6772
0,798,0.9136
15,798,0.9244
25,798,0.9375
35,798,0.9545
45,798,0.972
55,798,0.9752
65,798,0.9178
70,798,0.8308
75,798,0.6774
0,800,0.9134
15,800,0.9242
25,800,0.9375
35,800,0.9545
45,800,0.9721
55,800,0.9757
65,800,0.9182
70,800,0.8314
75,800,0.6777
0,802,0.9137
15,802,0.9244
25,802,0.9375
35,802,0.9544
45,802,0.9722
55,802,0.9758
65,802,0.9185
70,802,0.8321
75,802,0.678
0,804,0.9139
15,804,0.9243
25,804,0.9379
35,804,0.9546
45,804,0.9724
55,804,0.9764
65,804,0.9185
70,804,0.832
75,804,0.6787
0,806,0.9135
15,806,0.9246
25,806,0.9378
35,806,0.9547
45,806,0.9727
55,806,0.9764
65,806,0.919
70,806,0.8321
75,806,0.6787
0,808,0.9136
15,808,0.9245
25,808,0.9378
35,808,0.955
45,808,0.973
55,808,0.9766
65,808,0.9196
70,808,0.8328
75,808,0.679
0,810,0.9135
15,810,0.9243
25,810,0.9373
35,810,0.9542
45,810,0.9729
55,810,0.9767
65,810,0.9192
70,810,0.833
75,810,0.6791
0,812,0.9129
15,812,0.9238
25,812,0.937
35,812,0.954
45,812,0.9724
55,812,0.9767
65,812,0.9199
70,812,0.8338
75,812,0.681
0,814,0.9128
15,814,0.9239
25,814,0.9371
35,814,0.9543
45,814,0.9725
55,814,0.9772
65,814,0.9204
70,814,0.8345
75,814,0.6814
0,816,0.9129
15,816,0.9237
25,816,0.9372
35,816,0.9544
45,816,0.9731
55,816,0.9776
65,816,0.9209
70,816,0.8348
75,816,0.6819
0,818,0.9129
15,818,0.9236
25,818,0.9372
35,818,0.9542
45,818,0.9733
55,818,0.9777
65,818,0.9214
70,818,0.8353
75,818,0.6823
0,820,0.9128
15,820,0.9237
25,820,0.9375
35,820,0.9545
45,820,0.9735
55,820,0.9781
65,820,0.9218
70,820,0.8354
75,820,0.6828
0,822,0.9128
15,822,0.9238
25,822,0.9372
35,822,0.9547
45,822,0.9737
55,822,0.9783
65,822,0.9221
70,822,0.8363
75,822,0.6831
0,824,0.9123
15,824,0.924
25,824,0.9374
35,824,0.9547
45,824,0.974
55,824,0.979
65,824,0.9227
70,824,0.8367
75,824,0.6836
0,826,0.9122
15,826,0.9238
25,826,0.9375
35,826,0.955
45,826,0.9744
55,826,0.9792
65,826,0.9231
70,826,0.8372
75,826,0.6841
0,828,0.9125
15,828,0.924
25,828,0.9374
35,828,0.955
45,828,0.9744
55,828,0.9797
65,828,0.9238
70,828,0.838
75,828,0.6848
0,830,0.9129
15,830,0.9241
25,830,0.9375
35,830,0.9552
45,830,0.9748
55,830,0.9799
65,830,0.9245
70,830,0.8385
75,830,0.6847
0,832,0.9129
15,832,0.9242
25,832,0.9379
35,832,0.9555
45,832,0.9751
55,832,0.9809
65,832,0.9253
70,832,0.8392
75,832,0.6856
0,834,0.9128
15,834,0.9241
25,834,0.938
35,834,0.9561
45,834,0.9759
55,834,0.9816
65,834,0.9259
70,834,0.84
75,834,0.6863
0,836,0.9129
15,836,0.9237
25,836,0.9381
35,836,0.9564
45,836,0.9766
55,836,0.9819
65,836,0.9267
70,836,0.8409
75,836,0.6869
0,838,0.9132
15,838,0.9241
25,838,0.9384
35,838,0.9564
45,838,0.9765
55,838,0.9827
65,838,0.9273
70,838,0.8416
75,838,0.6875
0,840,0.9126
15,840,0.9243
25,840,0.9388
35,840,0.9563
45,840,0.9773
55,840,0.9838
65,840,0.9281
70,840,0.8422
75,840,0.6885
0,842,0.9127
15,842,0.9241
25,842,0.9386
35,842,0.9569
45,842,0.9778
55,842,0.9845
65,842,0.9294
70,842,0.8432
75,842,0.6887
0,844,0.913
15,844,0.9241
25,844,0.9392
35,844,0.9572
45,844,0.9775
55,844,0.985
65,844,0.9301
70,844,0.8439
75,844,0.6895
0,846,0.9129
15,846,0.9243
25,846,0.9391
35,846,0.9575
45,846,0.9786
55,846,0.9855
65,846,0.9309
70,846,0.8446
75,846,0.6906
0,848,0.9132
15,848,0.925
25,848,0.9391
35,848,0.958
45,848,0.9792
55,848,0.9864
65,848,0.9323
70,848,0.8453
75,848,0.6904
0,850,0.9124
15,850,0.9242
25,850,0.9389
35,850,0.9583
45,850,0.9793
55,850,0.9868
65,850,0.9326
70,850,0.8467
75,850,0.6919
0,852,0.9125
15,852,0.9248
25,852,0.9388
35,852,0.9585
45,852,0.9798
55,852,0.9871
65,852,0.9331
70,852,0.8477
75,852,0.6923
0,854,0.9123
15,854,0.9249
25,854,0.9391
35,854,0.9586
45,854,0.9801
55,854,0.9879
65,854,0.9344
70,854,0.848
75,854,0.6935
0,856,0.9127
15,856,0.9244
25,856,0.9391
35,856,0.9592
45,856,0.9797
55,856,0.9881
65,856,0.935
70,856,0.8489
75,856,0.6942
0,858,0.9125
15,858,0.9246
25,858,0.9396
35,858,0.9593
45,858,0.9808
55,858,0.9902
65,858,0.9353
70,858,0.8485
75,858,0.6943
0,860,0.9133
15,860,0.9259
25,860,0.9406
35,860,0.96
45,860,0.98
55,860,0.9886
65,860,0.9364
70,860,0.8508
75,860,0.6959
0,862,0.9129
15,862,0.9249
25,862,0.9394
35,862,0.9592
45,862,0.9809
55,862,0.9896
65,862,0.9372
70,862,0.8509
75,862,0.6961
0,864,0.913
15,864,0.9251
25,864,0.9399
35,864,0.9591
45,864,0.9813
55,864,0.9906
65,864,0.9368
70,864,0.8517
75,864,0.6968
0,866,0.9127
15,866,0.9239
25,866,0.9392
35,866,0.9604
45,866,0.983
55,866,0.9907
65,866,0.937
70,866,0.8526
75,866,0.6967
0,868,0.9118
15,868,0.9249
25,868,0.9386
35,868,0.9594
45,868,0.9814
55,868,0.9902
65,868,0.9366
70,868,0.8521
75,868,0.6967
0,870,0.9127
15,870,0.9242
25,870,0.9384
35,870,0.9588
45,870,0.9816
55,870,0.9928
65,870,0.9392
70,870,0.8515
75,870,0.6982
0,872,0.9118
15,872,0.9225
25,872,0.9382
35,872,0.9608
45,872,0.982
55,872,0.9894
65,872,0.938
70,872,0.8531
75,872,0.6994
0,874,0.9104
15,874,0.9265
25,874,0.9398
35,874,0.958
45,874,0.9818
55,874,0.9911
65,874,0.9407
70,874,0.8524
75,874,0.6989
0,876,0.9109
15,876,0.9268
25,876,0.9412
35,876,0.9592
45,876,0.9822
55,876,0.9884
65,876,0.9388
70,876,0.8529
75,876,0.6994
0,878,0.9111
15,878,0.9248
25,878,0.9393
35,878,0.9593
45,878,0.981
55,878,0.9916
65,878,0.9389
70,878,0.8539
75,878,0.6975
0,880,0.9106
15,880,0.9255
25,880,0.939
35,880,0.9575
45,880,0.9783
55,880,0.9877
65,880,0.9376
70,880,0.852
75,880,0.7008
0,882,0.9098
15,882,0.9241
25,882,0.9395
35,882,0.961
45,882,0.9845
55,882,0.9898
65,882,0.9394
70,882,0.8526
75,882,0.6981
0,884,0.9109
15,884,0.9265
25,884,0.9394
35,884,0.9578
45,884,0.9802
55,884,0.9878
65,884,0.9369
70,884,0.8525
75,884,0.6971
0,886,0.9102
15,886,0.9235
25,886,0.9393
35,886,0.9566
45,886,0.9805
55,886,0.9892
65,886,0.9376
70,886,0.8537
75,886,0.6992
0,888,0.9118
15,888,0.9243
25,888,0.935
35,888,0.9588
45,888,0.9785
55,888,0.989
65,888,0.9373
70,888,0.8522
75,888,0.698
0,890,0.9095
15,890,0.923
25,890,0.9378
35,890,0.9618
45,890,0.9834
55,890,0.9923
65,890,0.9406
70,890,0.8519
75,890,0.6993
0,892,0.9118
15,892,0.9208
25,892,0.9363
35,892,0.9565
45,892,0.9782
55,892,0.9913
65,892,0.9384
70,892,0.8485
75,892,0.6993
0,894,0.9119
15,894,0.9236
25,894,0.9342
35,894,0.9594
45,894,0.9799
55,894,0.9859
65,894,0.9403
70,894,0.8503
75,894,0.6999
0,896,0.9156
15,896,0.9219
25,896,0.9336
35,896,0.9593
45,896,0.9827
55,896,0.9857
65,896,0.9389
70,896,0.8462
75,896,0.6974
0,898,0.9156
15,898,0.9234
25,898,0.9377
35,898,0.9549
45,898,0.9784
55,898,0.9898
65,898,0.9347
70,898,0.8521
75,898,0.6994
0,900,0.9108
15,900,0.9225
25,900,0.9377
35,900,0.9559
45,900,0.9825
55,900,0.9891
65,900,0.9352
70,900,0.8515
75,900,0.7
