0,250,1E-06
15,250,1E-06
25,250,1E-06
35,250,1E-06
45,250,1E-06
55,250,0
65,250,0
70,250,0
75,250,0
0,252,1E-06
15,252,1E-06
25,252,1E-06
35,252,1E-06
45,252,0
55,252,0
65,252,0
70,252,0
75,252,0
0,254,1E-06
15,254,1E-06
25,254,0
35,254,0
45,254,0
55,254,0
65,254,0
70,254,0
75,254,0
0,256,0
15,256,1E-06
25,256,1E-06
35,256,0
45,256,0
55,256,0
65,256,0
70,256,0
75,256,0
0,258,0
15,258,0
25,258,0
35,258,0
45,258,0
55,258,0
65,258,0
70,258,0
75,258,0
0,260,0
15,260,0
25,260,0
35,260,0
45,260,0
55,260,0
65,260,0
70,260,0
75,260,0
0,262,0
15,262,0
25,262,0
35,262,0
45,262,0
55,262,0
65,262,0
70,262,0
75,262,0
0,264,0
15,264,0
25,264,0
35,264,0
45,264,0
55,264,0
65,264,0
70,264,0
75,264,0
0,266,0
15,266,0
25,266,0
35,266,0
45,266,0
55,266,0
65,266,0
70,266,0
75,266,0
0,268,0
15,268,0
25,268,0
35,268,0
45,268,0
55,268,0
65,268,0
70,268,0
75,268,0
0,270,0
15,270,0
25,270,0
35,270,0
45,270,0
55,270,0
65,270,0
70,270,0
75,270,0
0,272,0
15,272,0
25,272,0
35,272,0
45,272,0
55,272,0
65,272,0
70,272,0
75,272,0
0,274,0
15,274,0
25,274,0
35,274,0
45,274,0
55,274,0
65,274,0
70,274,0
75,274,0
0,276,0
15,276,0
25,276,0
35,276,0
45,276,0
55,276,0
65,276,0
70,276,0
75,276,0
0,278,0
15,278,0
25,278,0
35,278,0
45,278,0
55,278,0
65,278,0
70,278,0
75,278,0
0,280,0
15,280,0
25,280,0
35,280,0
45,280,0
55,280,0
65,280,0
70,280,0
75,280,0
0,282,0
15,282,0
25,282,0
35,282,0
45,282,0
55,282,0
65,282,0
70,282,0
75,282,0
0,284,0
15,284,0
25,284,0
35,284,0
45,284,0
55,284,0
65,284,0
70,284,0
75,284,0
0,286,0
15,286,0
25,286,0
35,286,0
45,286,0
55,286,0
65,286,0
70,286,0
75,286,0
0,288,0
15,288,0
25,288,0
35,288,0
45,288,0
55,288,0
65,288,0
70,288,0
75,288,0
0,290,0
15,290,0
25,290,1E-06
35,290,0
45,290,0
55,290,0
65,290,0
70,290,0
75,290,0
0,292,1E-06
15,292,0
25,292,1E-06
35,292,1E-06
45,292,0
55,292,0
65,292,0
70,292,0
75,292,0
0,294,1E-06
15,294,0
25,294,1E-06
35,294,1E-06
45,294,0
55,294,0
65,294,0
70,294,0
75,294,0
0,296,1E-06
15,296,1E-06
25,296,1E-06
35,296,1E-06
45,296,0
55,296,0
65,296,0
70,296,0
75,296,0
0,298,1E-06
15,298,1E-06
25,298,1E-06
35,298,1E-06
45,298,0
55,298,0
65,298,0
70,298,0
75,298,0
0,300,0
15,300,1E-06
25,300,0
35,300,0
45,300,0
55,300,0
65,300,0
70,300,0
75,300,0
0,302,0
15,302,0
25,302,0
35,302,0
45,302,0
55,302,0
65,302,0
70,302,0
75,302,0
0,304,0
15,304,0
25,304,0
35,304,0
45,304,0
55,304,0
65,304,0
70,304,0
75,304,0
0,306,0
15,306,0
25,306,0
35,306,0
45,306,0
55,306,0
65,306,0
70,306,0
75,306,0
0,308,0
15,308,0
25,308,0
35,308,0
45,308,0
55,308,0
65,308,0
70,308,0
75,308,0
0,310,0
15,310,0
25,310,0
35,310,0
45,310,0
55,310,0
65,310,0
70,310,0
75,310,0
0,312,0
15,312,0
25,312,0
35,312,0
45,312,0
55,312,0
65,312,0
70,312,0
75,312,0
0,314,0
15,314,0
25,314,0
35,314,0
45,314,0
55,314,0
65,314,0
70,314,0
75,314,0
0,316,1E-06
15,316,1E-06
25,316,0
35,316,0
45,316,0
55,316,0
65,316,0
70,316,0
75,316,0
0,318,1E-06
15,318,1E-06
25,318,1E-06
35,318,1E-06
45,318,1E-06
55,318,1E-06
65,318,0
70,318,0
75,318,0
0,320,2E-06
15,320,3E-06
25,320,2E-06
35,320,2E-06
45,320,2E-06
55,320,2E-06
65,320,2E-06
70,320,2E-06
75,320,2E-06
0,322,2E-06
15,322,3E-06
25,322,3E-06
35,322,2E-06
45,322,2E-06
55,322,2E-06
65,322,2E-06
70,322,2E-06
75,322,2E-06
0,324,2E-06
15,324,3E-06
25,324,2E-06
35,324,2E-06
45,324,2E-06
55,324,2E-06
65,324,2E-06
70,324,2E-06
75,324,2E-06
0,326,2E-06
15,326,2E-06
25,326,2E-06
35,326,2E-06
45,326,2E-06
55,326,2E-06
65,326,2E-06
70,326,2E-06
75,326,2E-06
0,328,2E-06
15,328,2E-06
25,328,2E-06
35,328,2E-06
45,328,2E-06
55,328,2E-06
65,328,2E-06
70,328,2E-06
75,328,2E-06
0,330,2E-06
15,330,2E-06
25,330,2E-06
35,330,2E-06
45,330,2E-06
55,330,2E-06
65,330,2E-06
70,330,2E-06
75,330,2E-06
0,332,2E-06
15,332,2E-06
25,332,2E-06
35,332,2E-06
45,332,2E-06
55,332,2E-06
65,332,1E-06
70,332,1E-06
75,332,2E-06
0,334,2E-06
15,334,2E-06
25,334,2E-06
35,334,2E-06
45,334,2E-06
55,334,2E-06
65,334,1E-06
70,334,1E-06
75,334,1E-06
0,336,2E-06
15,336,2E-06
25,336,2E-06
35,336,2E-06
45,336,2E-06
55,336,2E-06
65,336,1E-06
70,336,1E-06
75,336,1E-06
0,338,2E-06
15,338,2E-06
25,338,2E-06
35,338,2E-06
45,338,2E-06
55,338,1E-06
65,338,1E-06
70,338,1E-06
75,338,1E-06
0,340,2E-06
15,340,2E-06
25,340,2E-06
35,340,2E-06
45,340,2E-06
55,340,1E-06
65,340,1E-06
70,340,1E-06
75,340,1E-06
0,342,2E-06
15,342,2E-06
25,342,2E-06
35,342,2E-06
45,342,2E-06
55,342,1E-06
65,342,1E-06
70,342,1E-06
75,342,1E-06
0,344,2E-06
15,344,2E-06
25,344,2E-06
35,344,2E-06
45,344,2E-06
55,344,1E-06
65,344,1E-06
70,344,1E-06
75,344,1E-06
0,346,2E-06
15,346,2E-06
25,346,2E-06
35,346,2E-06
45,346,2E-06
55,346,1E-06
65,346,1E-06
70,346,1E-06
75,346,1E-06
0,348,2E-06
15,348,2E-06
25,348,2E-06
35,348,2E-06
45,348,1E-06
55,348,1E-06
65,348,1E-06
70,348,1E-06
75,348,1E-06
0,350,2E-06
15,350,2E-06
25,350,2E-06
35,350,2E-06
45,350,1E-06
55,350,1E-06
65,350,1E-06
70,350,1E-06
75,350,1E-06
0,352,2E-06
15,352,2E-06
25,352,2E-06
35,352,1E-06
45,352,1E-06
55,352,1E-06
65,352,1E-06
70,352,1E-06
75,352,1E-06
0,354,2E-06
15,354,1E-06
25,354,1E-06
35,354,1E-06
45,354,1E-06
55,354,1E-06
65,354,1E-06
70,354,1E-06
75,354,1E-06
0,356,1E-06
15,356,1E-06
25,356,1E-06
35,356,1E-06
45,356,1E-06
55,356,1E-06
65,356,1E-06
70,356,1E-06
75,356,1E-06
0,358,1E-06
15,358,1E-06
25,358,1E-06
35,358,1E-06
45,358,1E-06
55,358,1E-06
65,358,1E-06
70,358,0
75,358,1E-06
0,360,1E-06
15,360,1E-06
25,360,1E-06
35,360,1E-06
45,360,1E-06
55,360,1E-06
65,360,0
70,360,0
75,360,0
0,362,1E-06
15,362,0
25,362,1E-06
35,362,1E-06
45,362,1E-06
55,362,0
65,362,0
70,362,0
75,362,0
0,364,0
15,364,0
25,364,0
35,364,0
45,364,0
55,364,0
65,364,0
70,364,0
75,364,0
0,366,0
15,366,0
25,366,0
35,366,0
45,366,0
55,366,0
65,366,0
70,366,0
75,366,0
0,368,0
15,368,0
25,368,0
35,368,0
45,368,0
55,368,0
65,368,0
70,368,0
75,368,0
0,370,0
15,370,0
25,370,0
35,370,0
45,370,0
55,370,0
65,370,0
70,370,0
75,370,0
0,372,0
15,372,0
25,372,0
35,372,0
45,372,0
55,372,0
65,372,0
70,372,0
75,372,0
0,374,0
15,374,0
25,374,0
35,374,0
45,374,0
55,374,0
65,374,0
70,374,0
75,374,0
0,376,0
15,376,0
25,376,0
35,376,0
45,376,0
55,376,0
65,376,0
70,376,0
75,376,0
0,378,1E-06
15,378,1E-06
25,378,1E-06
35,378,1E-06
45,378,1E-06
55,378,1E-06
65,378,0
70,378,0
75,378,1E-06
0,380,2E-06
15,380,2E-06
25,380,2E-06
35,380,2E-06
45,380,2E-06
55,380,2E-06
65,380,1E-06
70,380,1E-06
75,380,1E-06
0,382,2E-06
15,382,2E-06
25,382,2E-06
35,382,2E-06
45,382,2E-06
55,382,2E-06
65,382,1E-06
70,382,1E-06
75,382,1E-06
0,384,2E-06
15,384,2E-06
25,384,2E-06
35,384,2E-06
45,384,2E-06
55,384,1E-06
65,384,1E-06
70,384,1E-06
75,384,1E-06
0,386,2E-06
15,386,2E-06
25,386,2E-06
35,386,2E-06
45,386,2E-06
55,386,1E-06
65,386,1E-06
70,386,1E-06
75,386,1E-06
0,388,2E-06
15,388,2E-06
25,388,2E-06
35,388,2E-06
45,388,2E-06
55,388,1E-06
65,388,1E-06
70,388,1E-06
75,388,1E-06
0,390,2E-06
15,390,2E-06
25,390,2E-06
35,390,2E-06
45,390,2E-06
55,390,2E-06
65,390,1E-06
70,390,1E-06
75,390,1E-06
0,392,2E-06
15,392,2E-06
25,392,2E-06
35,392,2E-06
45,392,2E-06
55,392,2E-06
65,392,1E-06
70,392,1E-06
75,392,1E-06
0,394,2E-06
15,394,2E-06
25,394,2E-06
35,394,2E-06
45,394,2E-06
55,394,1E-06
65,394,1E-06
70,394,1E-06
75,394,1E-06
0,396,2E-06
15,396,2E-06
25,396,2E-06
35,396,2E-06
45,396,2E-06
55,396,1E-06
65,396,1E-06
70,396,1E-06
75,396,1E-06
0,398,2E-06
15,398,2E-06
25,398,2E-06
35,398,2E-06
45,398,2E-06
55,398,1E-06
65,398,1E-06
70,398,1E-06
75,398,1E-06
0,400,2E-06
15,400,2E-06
25,400,2E-06
35,400,2E-06
45,400,2E-06
55,400,1E-06
65,400,1E-06
70,400,1E-06
75,400,1E-06
0,402,2E-06
15,402,2E-06
25,402,2E-06
35,402,1E-06
45,402,1E-06
55,402,2E-06
65,402,1E-06
70,402,1E-06
75,402,1E-06
0,404,2E-06
15,404,2E-06
25,404,2E-06
35,404,2E-06
45,404,2E-06
55,404,1E-06
65,404,1E-06
70,404,1E-06
75,404,1E-06
0,406,2E-06
15,406,2E-06
25,406,2E-06
35,406,2E-06
45,406,2E-06
55,406,1E-06
65,406,1E-06
70,406,1E-06
75,406,1E-06
0,408,2E-06
15,408,2E-06
25,408,2E-06
35,408,2E-06
45,408,1E-06
55,408,1E-06
65,408,1E-06
70,408,1E-06
75,408,1E-06
0,410,2E-06
15,410,2E-06
25,410,2E-06
35,410,2E-06
45,410,1E-06
55,410,1E-06
65,410,1E-06
70,410,1E-06
75,410,1E-06
0,412,2E-06
15,412,2E-06
25,412,2E-06
35,412,2E-06
45,412,2E-06
55,412,1E-06
65,412,1E-06
70,412,1E-06
75,412,1E-06
0,414,2E-06
15,414,2E-06
25,414,2E-06
35,414,2E-06
45,414,2E-06
55,414,1E-06
65,414,1E-06
70,414,1E-06
75,414,1E-06
0,416,2E-06
15,416,2E-06
25,416,2E-06
35,416,2E-06
45,416,1E-06
55,416,1E-06
65,416,1E-06
70,416,1E-06
75,416,1E-06
0,418,2E-06
15,418,2E-06
25,418,2E-06
35,418,2E-06
45,418,1E-06
55,418,1E-06
65,418,1E-06
70,418,1E-06
75,418,1E-06
0,420,2E-06
15,420,2E-06
25,420,1E-06
35,420,1E-06
45,420,1E-06
55,420,1E-06
65,420,1E-06
70,420,1E-06
75,420,1E-06
0,422,2E-06
15,422,2E-06
25,422,2E-06
35,422,2E-06
45,422,1E-06
55,422,1E-06
65,422,1E-06
70,422,1E-06
75,422,1E-06
0,424,2E-06
15,424,2E-06
25,424,2E-06
35,424,2E-06
45,424,1E-06
55,424,1E-06
65,424,1E-06
70,424,1E-06
75,424,1E-06
0,426,2E-06
15,426,2E-06
25,426,2E-06
35,426,2E-06
45,426,1E-06
55,426,1E-06
65,426,1E-06
70,426,1E-06
75,426,1E-06
0,428,2E-06
15,428,2E-06
25,428,2E-06
35,428,1E-06
45,428,1E-06
55,428,1E-06
65,428,1E-06
70,428,1E-06
75,428,1E-06
0,430,2E-06
15,430,1E-06
25,430,1E-06
35,430,1E-06
45,430,1E-06
55,430,1E-06
65,430,1E-06
70,430,1E-06
75,430,1E-06
0,432,2E-06
15,432,2E-06
25,432,1E-06
35,432,1E-06
45,432,1E-06
55,432,1E-06
65,432,1E-06
70,432,1E-06
75,432,1E-06
0,434,1E-06
15,434,1E-06
25,434,1E-06
35,434,1E-06
45,434,1E-06
55,434,1E-06
65,434,1E-06
70,434,1E-06
75,434,1E-06
0,436,1E-06
15,436,1E-06
25,436,1E-06
35,436,1E-06
45,436,1E-06
55,436,1E-06
65,436,1E-06
70,436,1E-06
75,436,1E-06
0,438,1E-06
15,438,1E-06
25,438,1E-06
35,438,1E-06
45,438,1E-06
55,438,1E-06
65,438,1E-06
70,438,1E-06
75,438,1E-06
0,440,1E-06
15,440,1E-06
25,440,1E-06
35,440,1E-06
45,440,1E-06
55,440,1E-06
65,440,1E-06
70,440,1E-06
75,440,1E-06
0,442,1E-06
15,442,1E-06
25,442,1E-06
35,442,1E-06
45,442,1E-06
55,442,1E-06
65,442,1E-06
70,442,1E-06
75,442,1E-06
0,444,2E-06
15,444,2E-06
25,444,2E-06
35,444,2E-06
45,444,2E-06
55,444,2E-06
65,444,1E-06
70,444,1E-06
75,444,1E-06
0,446,3E-06
15,446,3E-06
25,446,3E-06
35,446,3E-06
45,446,3E-06
55,446,3E-06
65,446,2E-06
70,446,2E-06
75,446,2E-06
0,448,3E-06
15,448,3E-06
25,448,3E-06
35,448,3E-06
45,448,3E-06
55,448,3E-06
65,448,2E-06
70,448,2E-06
75,448,3E-06
0,450,3E-06
15,450,3E-06
25,450,3E-06
35,450,3E-06
45,450,3E-06
55,450,3E-06
65,450,3E-06
70,450,3E-06
75,450,3E-06
0,452,4E-06
15,452,3E-06
25,452,3E-06
35,452,3E-06
45,452,3E-06
55,452,3E-06
65,452,3E-06
70,452,3E-06
75,452,3E-06
0,454,4E-06
15,454,4E-06
25,454,4E-06
35,454,4E-06
45,454,4E-06
55,454,4E-06
65,454,3E-06
70,454,3E-06
75,454,3E-06
0,456,8E-06
15,456,8E-06
25,456,7E-06
35,456,6E-06
45,456,5E-06
55,456,5E-06
65,456,4E-06
70,456,4E-06
75,456,4E-06
0,458,2.1E-05
15,458,2E-05
25,458,1.7E-05
35,458,1.4E-05
45,458,1.2E-05
55,458,9E-06
65,458,7E-06
70,458,6E-06
75,458,5E-06
0,460,6.1E-05
15,460,5.9E-05
25,460,5.1E-05
35,460,4.3E-05
45,460,3.6E-05
55,460,2.8E-05
65,460,2.1E-05
70,460,1.8E-05
75,460,1.3E-05
0,462,0.000167
15,462,0.000162
25,462,0.000145
35,462,0.000125
45,462,0.000107
55,462,8.7E-05
65,462,6.7E-05
70,462,5.6E-05
75,462,4.1E-05
0,464,0.000398
15,464,0.000391
25,464,0.000357
35,464,0.000319
45,464,0.000285
55,464,0.000239
65,464,0.000194
70,464,0.000163
75,464,0.000119
0,466,0.000819
15,466,0.000812
25,466,0.000757
35,466,0.000694
45,466,0.00064
55,466,0.000558
65,466,0.000468
70,466,0.000401
75,466,0.000296
0,468,0.001458
15,468,0.001453
25,468,0.001378
35,468,0.00129
45,468,0.001221
55,468,0.001097
65,468,0.000946
70,468,0.00082
75,468,0.000614
0,470,0.002296
15,470,0.002298
25,470,0.002207
35,470,0.002101
45,470,0.002029
55,470,0.001865
65,470,0.001646
70,470,0.001439
75,470,0.001088
0,472,0.003261
15,472,0.003274
25,472,0.003175
35,472,0.003062
45,472,0.003002
55,472,0.002807
65,472,0.002523
70,472,0.002221
75,472,0.001692
0,474,0.004264
15,474,0.004288
25,474,0.004191
35,474,0.00408
45,474,0.004047
55,474,0.003833
65,474,0.003489
70,474,0.003087
75,474,0.002368
0,476,0.005206
15,476,0.005242
25,476,0.00515
35,476,0.005051
45,476,0.005051
55,476,0.004826
65,476,0.004433
70,476,0.003937
75,476,0.003035
0,478,0.006013
15,478,0.006056
25,478,0.005973
35,478,0.005885
45,478,0.005916
55,478,0.00569
65,478,0.005255
70,478,0.004679
75,478,0.003622
0,480,0.00667
15,480,0.00672
25,480,0.006643
35,480,0.006565
45,480,0.00662
55,480,0.006388
65,480,0.005916
70,480,0.005274
75,480,0.004095
0,482,0.007183
15,482,0.007236
25,482,0.007161
35,482,0.007089
45,482,0.007159
55,482,0.00692
65,482,0.006411
70,482,0.005717
75,482,0.004447
0,484,0.007578
15,484,0.007633
25,484,0.007562
35,484,0.007495
45,484,0.007578
55,484,0.007333
65,484,0.006798
70,484,0.006066
75,484,0.004727
0,486,0.007877
15,486,0.007935
25,486,0.007871
35,486,0.007811
45,486,0.007908
55,486,0.007668
65,486,0.007119
70,486,0.00636
75,486,0.004967
0,488,0.008096
15,488,0.008157
25,488,0.008099
35,488,0.008049
45,488,0.008162
55,488,0.007933
65,488,0.007381
70,488,0.006603
75,488,0.005169
0,490,0.00826
15,490,0.008324
25,490,0.008274
35,490,0.008234
45,490,0.008365
55,490,0.00815
65,490,0.007605
70,490,0.006813
75,490,0.005347
0,492,0.00838
15,492,0.00845
25,492,0.008407
35,492,0.00838
45,492,0.008532
55,492,0.008335
65,492,0.007802
70,492,0.007005
75,492,0.005513
0,494,0.008472
15,494,0.008547
25,494,0.008514
35,494,0.008501
45,494,0.008674
55,494,0.008499
65,494,0.007984
70,494,0.007183
75,494,0.005669
0,496,0.008543
15,496,0.008622
25,496,0.0086
35,496,0.008601
45,496,0.008797
55,496,0.008646
65,496,0.008153
70,496,0.007351
75,496,0.005817
0,498,0.008598
15,498,0.008684
25,498,0.00867
35,498,0.008685
45,498,0.008901
55,498,0.008776
65,498,0.008303
70,498,0.007502
75,498,0.005951
0,500,0.008647
15,500,0.008736
25,500,0.008731
35,500,0.008759
45,500,0.008993
55,500,0.00889
65,500,0.008435
70,500,0.007634
75,500,0.006069
0,502,0.008691
15,502,0.008783
25,502,0.008786
35,502,0.008825
45,502,0.009075
55,502,0.00899
65,502,0.008549
70,502,0.007749
75,502,0.00617
0,504,0.008733
15,504,0.008829
25,504,0.008838
35,504,0.008887
45,504,0.009148
55,504,0.009077
65,504,0.008646
70,504,0.007844
75,504,0.006253
0,506,0.008775
15,506,0.008874
25,506,0.008886
35,506,0.008943
45,506,0.009211
55,506,0.009148
65,506,0.008724
70,506,0.00792
75,506,0.006318
0,508,0.008813
15,508,0.008914
25,508,0.008928
35,508,0.008991
45,508,0.009263
55,508,0.009207
65,508,0.008784
70,508,0.007977
75,508,0.006365
0,510,0.008848
15,510,0.00895
25,510,0.008964
35,510,0.009031
45,510,0.009305
55,510,0.009252
65,510,0.008829
70,510,0.008016
75,510,0.006397
0,512,0.008877
15,512,0.008978
25,512,0.008994
35,512,0.009064
45,512,0.009337
55,512,0.009284
65,512,0.008858
70,512,0.008042
75,512,0.006417
0,514,0.008901
15,514,0.009002
25,514,0.009018
35,514,0.009088
45,514,0.00936
55,514,0.009305
65,514,0.008876
70,514,0.008055
75,514,0.006426
0,516,0.00892
15,516,0.009021
25,516,0.009036
35,516,0.009103
45,516,0.009374
55,516,0.009316
65,516,0.008882
70,516,0.008057
75,516,0.006426
0,518,0.008935
15,518,0.009034
25,518,0.009047
35,518,0.009113
45,518,0.009381
55,518,0.009319
65,518,0.008879
70,518,0.008051
75,518,0.006419
0,520,0.008946
15,520,0.009044
25,520,0.009056
35,520,0.009121
45,520,0.009385
55,520,0.009318
65,520,0.008868
70,520,0.008039
75,520,0.006408
0,522,0.008955
15,522,0.009053
25,522,0.009064
35,522,0.009125
45,522,0.009385
55,522,0.009312
65,522,0.008856
70,522,0.008024
75,522,0.006394
0,524,0.008963
15,524,0.009059
25,524,0.009068
35,524,0.009126
45,524,0.009383
55,524,0.009303
65,524,0.00884
70,524,0.008006
75,524,0.006378
0,526,0.008969
15,526,0.009064
25,526,0.009071
35,526,0.009127
45,526,0.009377
55,526,0.009293
65,526,0.008822
70,526,0.007986
75,526,0.00636
0,528,0.008974
15,528,0.009068
25,528,0.009074
35,528,0.009127
45,528,0.009371
55,528,0.009282
65,528,0.008803
70,528,0.007965
75,528,0.006342
0,530,0.008979
15,530,0.009071
25,530,0.009076
35,530,0.009125
45,530,0.009365
55,530,0.00927
65,530,0.008785
70,530,0.007944
75,530,0.006325
0,532,0.008984
15,532,0.009074
25,532,0.009078
35,532,0.009124
45,532,0.009361
55,532,0.009259
65,532,0.008767
70,532,0.007925
75,532,0.006308
0,534,0.008988
15,534,0.009077
25,534,0.00908
35,534,0.009125
45,534,0.009355
55,534,0.009249
65,534,0.008749
70,534,0.007907
75,534,0.006291
0,536,0.008992
15,536,0.00908
25,536,0.009081
35,536,0.009124
45,536,0.009351
55,536,0.009239
65,536,0.008733
70,536,0.00789
75,536,0.006275
0,538,0.008996
15,538,0.009084
25,538,0.009083
35,538,0.009123
45,538,0.009345
55,538,0.009229
65,538,0.008717
70,538,0.007872
75,538,0.006261
0,540,0.008999
15,540,0.009086
25,540,0.009085
35,540,0.009123
45,540,0.009339
55,540,0.009221
65,540,0.008702
70,540,0.007857
75,540,0.006248
0,542,0.009004
15,542,0.009089
25,542,0.009086
35,542,0.009122
45,542,0.009336
55,542,0.009212
65,542,0.008689
70,542,0.007842
75,542,0.006236
0,544,0.009006
15,544,0.009091
25,544,0.009088
35,544,0.009122
45,544,0.009333
55,544,0.009205
65,544,0.008677
70,544,0.007828
75,544,0.006224
0,546,0.009009
15,546,0.009092
25,546,0.009088
35,546,0.009123
45,546,0.00933
55,546,0.009198
65,546,0.008665
70,546,0.007816
75,546,0.006214
0,548,0.009011
15,548,0.009095
25,548,0.009089
35,548,0.009124
45,548,0.009326
55,548,0.009192
65,548,0.008655
70,548,0.007805
75,548,0.006204
0,550,0.009014
15,550,0.009097
25,550,0.009092
35,550,0.009123
45,550,0.009323
55,550,0.009186
65,550,0.008645
70,550,0.007795
75,550,0.006196
0,552,0.009017
15,552,0.009099
25,552,0.009093
35,552,0.009123
45,552,0.009322
55,552,0.009182
65,552,0.008637
70,552,0.007786
75,552,0.006189
0,554,0.00902
15,554,0.009102
25,554,0.009094
35,554,0.009125
45,554,0.009319
55,554,0.009178
65,554,0.00863
70,554,0.007778
75,554,0.006182
0,556,0.009022
15,556,0.009102
25,556,0.009096
35,556,0.009124
45,556,0.009318
55,556,0.009174
65,556,0.008622
70,556,0.007769
75,556,0.006177
0,558,0.009025
15,558,0.009103
25,558,0.009098
35,558,0.009125
45,558,0.009317
55,558,0.009169
65,558,0.008616
70,558,0.007762
75,558,0.006171
0,560,0.009024
15,560,0.009102
25,560,0.009096
35,560,0.009124
45,560,0.009312
55,560,0.009164
65,560,0.008608
70,560,0.007755
75,560,0.006165
0,562,0.009021
15,562,0.0091
25,562,0.009093
35,562,0.009122
45,562,0.009308
55,562,0.009158
65,562,0.008601
70,562,0.007747
75,562,0.006159
0,564,0.009024
15,564,0.009102
25,564,0.009096
35,564,0.009122
45,564,0.009308
55,564,0.00916
65,564,0.0086
70,564,0.007747
75,564,0.006161
0,566,0.009025
15,566,0.009102
25,566,0.009098
35,566,0.009123
45,566,0.009307
55,566,0.00916
65,566,0.008595
70,566,0.007743
75,566,0.006158
0,568,0.009026
15,568,0.009104
25,568,0.009098
35,568,0.009124
45,568,0.009308
55,568,0.009157
65,568,0.008592
70,568,0.007738
75,568,0.006155
0,570,0.009027
15,570,0.009105
25,570,0.009099
35,570,0.009124
45,570,0.009307
55,570,0.009155
65,570,0.008589
70,570,0.007734
75,570,0.006153
0,572,0.009028
15,572,0.009107
25,572,0.0091
35,572,0.009126
45,572,0.009306
55,572,0.009153
65,572,0.008585
70,572,0.007731
75,572,0.00615
0,574,0.009028
15,574,0.009107
25,574,0.0091
35,574,0.009127
45,574,0.009305
55,574,0.009153
65,574,0.008583
70,574,0.007728
75,574,0.006148
0,576,0.009028
15,576,0.009107
25,576,0.0091
35,576,0.009126
45,576,0.009305
55,576,0.009152
65,576,0.008581
70,576,0.007726
75,576,0.006146
0,578,0.009029
15,578,0.009107
25,578,0.0091
35,578,0.009127
45,578,0.009304
55,578,0.009151
65,578,0.008578
70,578,0.007725
75,578,0.006145
0,580,0.00903
15,580,0.009107
25,580,0.0091
35,580,0.009127
45,580,0.009304
55,580,0.00915
65,580,0.008576
70,580,0.007722
75,580,0.006145
0,582,0.009029
15,582,0.009109
25,582,0.009101
35,582,0.009129
45,582,0.009303
55,582,0.00915
65,582,0.008575
70,582,0.007719
75,582,0.006144
0,584,0.00903
15,584,0.009108
25,584,0.0091
35,584,0.009129
45,584,0.009303
55,584,0.00915
65,584,0.008574
70,584,0.007719
75,584,0.006144
0,586,0.00903
15,586,0.009108
25,586,0.0091
35,586,0.009129
45,586,0.009304
55,586,0.009149
65,586,0.008572
70,586,0.007718
75,586,0.006143
0,588,0.009029
15,588,0.009106
25,588,0.009101
35,588,0.009129
45,588,0.009304
55,588,0.009149
65,588,0.008572
70,588,0.007716
75,588,0.006143
0,590,0.009029
15,590,0.009107
25,590,0.009102
35,590,0.009129
45,590,0.009302
55,590,0.00915
65,590,0.008571
70,590,0.007715
75,590,0.006144
0,592,0.009029
15,592,0.009107
25,592,0.009102
35,592,0.00913
45,592,0.009302
55,592,0.00915
65,592,0.008571
70,592,0.007716
75,592,0.006144
0,594,0.009029
15,594,0.009106
25,594,0.009101
35,594,0.009131
45,594,0.009303
55,594,0.009151
65,594,0.00857
70,594,0.007716
75,594,0.006145
0,596,0.00903
15,596,0.009105
25,596,0.009101
35,596,0.009131
45,596,0.009302
55,596,0.009151
65,596,0.00857
70,596,0.007716
75,596,0.006146
0,598,0.009029
15,598,0.009105
25,598,0.009102
35,598,0.009132
45,598,0.009302
55,598,0.009151
65,598,0.008571
70,598,0.007715
75,598,0.006147
0,600,0.009029
15,600,0.009104
25,600,0.009103
35,600,0.009132
45,600,0.009303
55,600,0.009152
65,600,0.008571
70,600,0.007716
75,600,0.006148
0,602,0.009028
15,602,0.009103
25,602,0.009103
35,602,0.009133
45,602,0.009304
55,602,0.009153
65,602,0.00857
70,602,0.007717
75,602,0.006149
0,604,0.009026
15,604,0.009103
25,604,0.009101
35,604,0.009133
45,604,0.009304
55,604,0.009153
65,604,0.008571
70,604,0.007717
75,604,0.00615
0,606,0.009025
15,606,0.009103
25,606,0.0091
35,606,0.009132
45,606,0.009304
55,606,0.009154
65,606,0.008572
70,606,0.007718
75,606,0.006152
0,608,0.009023
15,608,0.009102
25,608,0.009101
35,608,0.009132
45,608,0.009304
55,608,0.009156
65,608,0.008573
70,608,0.00772
75,608,0.006153
0,610,0.009024
15,610,0.009102
25,610,0.0091
35,610,0.009133
45,610,0.009305
55,610,0.009156
65,610,0.008574
70,610,0.007721
75,610,0.006155
0,612,0.009023
15,612,0.009101
25,612,0.0091
35,612,0.009134
45,612,0.009305
55,612,0.009156
65,612,0.008575
70,612,0.007722
75,612,0.006157
0,614,0.009022
15,614,0.009099
25,614,0.0091
35,614,0.009135
45,614,0.009304
55,614,0.009157
65,614,0.008576
70,614,0.007723
75,614,0.006159
0,616,0.009021
15,616,0.009097
25,616,0.009099
35,616,0.009135
45,616,0.009304
55,616,0.009158
65,616,0.008577
70,616,0.007724
75,616,0.00616
0,618,0.00902
15,618,0.009097
25,618,0.009098
35,618,0.009134
45,618,0.009305
55,618,0.009161
65,618,0.008578
70,618,0.007725
75,618,0.006162
0,620,0.00902
15,620,0.009096
25,620,0.009096
35,620,0.009134
45,620,0.009305
55,620,0.009162
65,620,0.008579
70,620,0.007726
75,620,0.006164
0,622,0.009018
15,622,0.009095
25,622,0.009097
35,622,0.009135
45,622,0.009304
55,622,0.009162
65,622,0.008581
70,622,0.007728
75,622,0.006166
0,624,0.009017
15,624,0.009094
25,624,0.009097
35,624,0.009135
45,624,0.009305
55,624,0.009162
65,624,0.008582
70,624,0.00773
75,624,0.006168
0,626,0.009015
15,626,0.009092
25,626,0.009096
35,626,0.009135
45,626,0.009305
55,626,0.009163
65,626,0.008584
70,626,0.00773
75,626,0.00617
0,628,0.009013
15,628,0.00909
25,628,0.009095
35,628,0.009134
45,628,0.009305
55,628,0.009165
65,628,0.008585
70,628,0.007732
75,628,0.006173
0,630,0.009012
15,630,0.009089
25,630,0.009095
35,630,0.009135
45,630,0.009306
55,630,0.009166
65,630,0.008586
70,630,0.007735
75,630,0.006175
0,632,0.009013
15,632,0.00909
25,632,0.009095
35,632,0.009135
45,632,0.009306
55,632,0.009169
65,632,0.008588
70,632,0.007737
75,632,0.006177
0,634,0.009012
15,634,0.009089
25,634,0.009094
35,634,0.009134
45,634,0.009307
55,634,0.00917
65,634,0.00859
70,634,0.007738
75,634,0.006179
0,636,0.009009
15,636,0.009087
25,636,0.009093
35,636,0.009134
45,636,0.009307
55,636,0.009171
65,636,0.008592
70,636,0.007741
75,636,0.006181
0,638,0.009008
15,638,0.009086
25,638,0.009092
35,638,0.009134
45,638,0.009308
55,638,0.009172
65,638,0.008594
70,638,0.007744
75,638,0.006184
0,640,0.009007
15,640,0.009085
25,640,0.009092
35,640,0.009135
45,640,0.009307
55,640,0.009174
65,640,0.008595
70,640,0.007745
75,640,0.006186
0,642,0.009005
15,642,0.009083
25,642,0.009091
35,642,0.009136
45,642,0.009308
55,642,0.009175
65,642,0.008596
70,642,0.007746
75,642,0.006189
0,644,0.009005
15,644,0.009083
25,644,0.009091
35,644,0.009136
45,644,0.009308
55,644,0.009178
65,644,0.008598
70,644,0.007749
75,644,0.006192
0,646,0.009004
15,646,0.009081
25,646,0.009091
35,646,0.009136
45,646,0.009309
55,646,0.00918
65,646,0.008602
70,646,0.007751
75,646,0.006195
0,648,0.009002
15,648,0.00908
25,648,0.009091
35,648,0.009137
45,648,0.009311
55,648,0.00918
65,648,0.008605
70,648,0.007754
75,648,0.006198
0,650,0.009001
15,650,0.009078
25,650,0.009089
35,650,0.009136
45,650,0.009311
55,650,0.009183
65,650,0.008607
70,650,0.007757
75,650,0.0062
0,652,0.008999
15,652,0.009077
25,652,0.009088
35,652,0.009136
45,652,0.00931
55,652,0.009186
65,652,0.008609
70,652,0.007759
75,652,0.006203
0,654,0.008998
15,654,0.009076
25,654,0.009087
35,654,0.009136
45,654,0.00931
55,654,0.009187
65,654,0.00861
70,654,0.007761
75,654,0.006206
0,656,0.008996
15,656,0.009076
25,656,0.009087
35,656,0.009137
45,656,0.009312
55,656,0.009188
65,656,0.008613
70,656,0.007763
75,656,0.006209
0,658,0.008995
15,658,0.009074
25,658,0.009087
35,658,0.009138
45,658,0.009314
55,658,0.009188
65,658,0.008615
70,658,0.007766
75,658,0.006212
0,660,0.008994
15,660,0.009072
25,660,0.009086
35,660,0.009138
45,660,0.009313
55,660,0.009189
65,660,0.008617
70,660,0.007769
75,660,0.006215
0,662,0.008991
15,662,0.009072
25,662,0.009084
35,662,0.009138
45,662,0.009313
55,662,0.009193
65,662,0.008621
70,662,0.007771
75,662,0.006217
0,664,0.008991
15,664,0.00907
25,664,0.009084
35,664,0.009138
45,664,0.009314
55,664,0.009195
65,664,0.008623
70,664,0.007774
75,664,0.00622
0,666,0.00899
15,666,0.009069
25,666,0.009084
35,666,0.009138
45,666,0.009315
55,666,0.009197
65,666,0.008624
70,666,0.007778
75,666,0.006224
0,668,0.008989
15,668,0.009068
25,668,0.009083
35,668,0.009139
45,668,0.009316
55,668,0.0092
65,668,0.008627
70,668,0.007781
75,668,0.006226
0,670,0.008986
15,670,0.009066
25,670,0.009083
35,670,0.009138
45,670,0.009317
55,670,0.009201
65,670,0.008629
70,670,0.007784
75,670,0.006229
0,672,0.008984
15,672,0.009064
25,672,0.009083
35,672,0.009138
45,672,0.009317
55,672,0.009204
65,672,0.008633
70,672,0.007787
75,672,0.006234
0,674,0.008984
15,674,0.009064
25,674,0.009082
35,674,0.009138
45,674,0.009318
55,674,0.009206
65,674,0.008636
70,674,0.007789
75,674,0.006237
0,676,0.008983
15,676,0.009063
25,676,0.009082
35,676,0.009139
45,676,0.009319
55,676,0.009207
65,676,0.008638
70,676,0.007791
75,676,0.006239
0,678,0.008981
15,678,0.009061
25,678,0.00908
35,678,0.00914
45,678,0.009319
55,678,0.009207
65,678,0.008641
70,678,0.007795
75,678,0.006242
0,680,0.008978
15,680,0.009058
25,680,0.009077
35,680,0.00914
45,680,0.00932
55,680,0.00921
65,680,0.008644
70,680,0.007798
75,680,0.006244
0,682,0.008976
15,682,0.009057
25,682,0.009076
35,682,0.009139
45,682,0.009321
55,682,0.009212
65,682,0.008646
70,682,0.007799
75,682,0.006246
0,684,0.008975
15,684,0.009056
25,684,0.009076
35,684,0.009138
45,684,0.00932
55,684,0.009213
65,684,0.008649
70,684,0.0078
75,684,0.00625
0,686,0.008974
15,686,0.009054
25,686,0.009077
35,686,0.009136
45,686,0.009318
55,686,0.009215
65,686,0.00865
70,686,0.007803
75,686,0.006253
0,688,0.008972
15,688,0.009053
25,688,0.009076
35,688,0.009138
45,688,0.009317
55,688,0.009216
65,688,0.00865
70,688,0.007806
75,688,0.006256
0,690,0.00897
15,690,0.009051
25,690,0.009073
35,690,0.009138
45,690,0.009318
55,690,0.009218
65,690,0.008655
70,690,0.007809
75,690,0.006262
0,692,0.008969
15,692,0.00905
25,692,0.009073
35,692,0.009138
45,692,0.00932
55,692,0.00922
65,692,0.008658
70,692,0.007813
75,692,0.006266
0,694,0.008967
15,694,0.009048
25,694,0.009072
35,694,0.009137
45,694,0.009321
55,694,0.009222
65,694,0.008661
70,694,0.007817
75,694,0.006269
0,696,0.008966
15,696,0.009045
25,696,0.009071
35,696,0.009137
45,696,0.00932
55,696,0.009224
65,696,0.008663
70,696,0.00782
75,696,0.006271
0,698,0.008964
15,698,0.009045
25,698,0.009071
35,698,0.009137
45,698,0.009321
55,698,0.009227
65,698,0.008665
70,698,0.007823
75,698,0.006274
0,700,0.008963
15,700,0.009044
25,700,0.009069
35,700,0.009138
45,700,0.009322
55,700,0.009228
65,700,0.008667
70,700,0.007825
75,700,0.006277
0,702,0.00896
15,702,0.009043
25,702,0.009066
35,702,0.009138
45,702,0.009321
55,702,0.009228
65,702,0.008669
70,702,0.007828
75,702,0.006279
0,704,0.008959
15,704,0.009041
25,704,0.009066
35,704,0.009139
45,704,0.009321
55,704,0.00923
65,704,0.008673
70,704,0.00783
75,704,0.006282
0,706,0.008957
15,706,0.009038
25,706,0.009065
35,706,0.009138
45,706,0.009322
55,706,0.009231
65,706,0.008675
70,706,0.007833
75,706,0.006285
0,708,0.008954
15,708,0.009037
25,708,0.009064
35,708,0.009138
45,708,0.009323
55,708,0.009232
65,708,0.008676
70,708,0.007836
75,708,0.006288
0,710,0.008953
15,710,0.009037
25,710,0.009063
35,710,0.009135
45,710,0.009323
55,710,0.009235
65,710,0.008678
70,710,0.007839
75,710,0.006291
0,712,0.008953
15,712,0.009035
25,712,0.009062
35,712,0.009137
45,712,0.009323
55,712,0.009236
65,712,0.008681
70,712,0.007841
75,712,0.006294
0,714,0.008951
15,714,0.009031
25,714,0.009062
35,714,0.009136
45,714,0.009323
55,714,0.009239
65,714,0.008684
70,714,0.007842
75,714,0.006297
0,716,0.008947
15,716,0.00903
25,716,0.00906
35,716,0.009135
45,716,0.009323
55,716,0.009239
65,716,0.008686
70,716,0.007845
75,716,0.006298
0,718,0.008946
15,718,0.009029
25,718,0.009058
35,718,0.009135
45,718,0.009322
55,718,0.00924
65,718,0.008688
70,718,0.007847
75,718,0.006301
0,720,0.008944
15,720,0.009026
25,720,0.009058
35,720,0.009135
45,720,0.009322
55,720,0.009242
65,720,0.008692
70,720,0.00785
75,720,0.006303
0,722,0.008942
15,722,0.009025
25,722,0.009056
35,722,0.009136
45,722,0.009322
55,722,0.009243
65,722,0.008693
70,722,0.007852
75,722,0.006305
0,724,0.008939
15,724,0.009024
25,724,0.009054
35,724,0.009135
45,724,0.009323
55,724,0.009244
65,724,0.008692
70,724,0.007853
75,724,0.006308
0,726,0.008937
15,726,0.00902
25,726,0.009054
35,726,0.009133
45,726,0.009323
55,726,0.009246
65,726,0.008695
70,726,0.007855
75,726,0.006311
0,728,0.008934
15,728,0.009018
25,728,0.009052
35,728,0.00913
45,728,0.009323
55,728,0.009247
65,728,0.008697
70,728,0.007857
75,728,0.006313
0,730,0.008933
15,730,0.009016
25,730,0.00905
35,730,0.00913
45,730,0.009324
55,730,0.009246
65,730,0.008699
70,730,0.007859
75,730,0.006314
0,732,0.00893
15,732,0.009015
25,732,0.009048
35,732,0.009131
45,732,0.009322
55,732,0.009248
65,732,0.0087
70,732,0.007863
75,732,0.006317
0,734,0.008928
15,734,0.009014
25,734,0.009046
35,734,0.00913
45,734,0.009322
55,734,0.009249
65,734,0.008701
70,734,0.007866
75,734,0.006319
0,736,0.008926
15,736,0.009011
25,736,0.009046
35,736,0.009129
45,736,0.009323
55,736,0.009249
65,736,0.008704
70,736,0.007865
75,736,0.006322
0,738,0.008924
15,738,0.009008
25,738,0.009044
35,738,0.00913
45,738,0.009322
55,738,0.00925
65,738,0.008706
70,738,0.007867
75,738,0.006324
0,740,0.008922
15,740,0.009007
25,740,0.009042
35,740,0.00913
45,740,0.00932
55,740,0.00925
65,740,0.008708
70,740,0.007869
75,740,0.006327
0,742,0.00892
15,742,0.009003
25,742,0.00904
35,742,0.009127
45,742,0.009319
55,742,0.009252
65,742,0.008708
70,742,0.007871
75,742,0.006328
0,744,0.008919
15,744,0.009003
25,744,0.009039
35,744,0.009124
45,744,0.009319
55,744,0.009253
65,744,0.00871
70,744,0.007873
75,744,0.00633
0,746,0.008916
15,746,0.008999
25,746,0.009039
35,746,0.009126
45,746,0.009318
55,746,0.009253
65,746,0.008712
70,746,0.007875
75,746,0.006332
0,748,0.008914
15,748,0.008997
25,748,0.009038
35,748,0.009125
45,748,0.009319
55,748,0.009254
65,748,0.008713
70,748,0.007876
75,748,0.006333
0,750,0.008912
15,750,0.008995
25,750,0.009035
35,750,0.009123
45,750,0.009317
55,750,0.009255
65,750,0.008714
70,750,0.007879
75,750,0.006335
0,752,0.008909
15,752,0.008994
25,752,0.009033
35,752,0.009122
45,752,0.009318
55,752,0.009254
65,752,0.008715
70,752,0.00788
75,752,0.006337
0,754,0.008908
15,754,0.008991
25,754,0.009031
35,754,0.009121
45,754,0.009318
55,754,0.009255
65,754,0.008715
70,754,0.007883
75,754,0.00634
0,756,0.008905
15,756,0.008989
25,756,0.009028
35,756,0.00912
45,756,0.009313
55,756,0.009255
65,756,0.008717
70,756,0.007883
75,756,0.006342
0,758,0.008902
15,758,0.008985
25,758,0.009028
35,758,0.009121
45,758,0.009314
55,758,0.009257
65,758,0.008721
70,758,0.007884
75,758,0.006344
0,760,0.008896
15,760,0.008983
25,760,0.009025
35,760,0.009119
45,760,0.009312
55,760,0.009256
65,760,0.00872
70,760,0.007886
75,760,0.006345
0,762,0.008894
15,762,0.008982
25,762,0.009026
35,762,0.009119
45,762,0.009312
55,762,0.009258
65,762,0.008723
70,762,0.007887
75,762,0.006347
0,764,0.008892
15,764,0.008978
25,764,0.009023
35,764,0.009116
45,764,0.009312
55,764,0.009256
65,764,0.008721
70,764,0.007888
75,764,0.006347
0,766,0.008892
15,766,0.008977
25,766,0.009021
35,766,0.009115
45,766,0.00931
55,766,0.009257
65,766,0.008721
70,766,0.007889
75,766,0.006349
0,768,0.008888
15,768,0.008975
25,768,0.009018
35,768,0.009114
45,768,0.009309
55,768,0.009257
65,768,0.008724
70,768,0.007891
75,768,0.006351
0,770,0.008886
15,770,0.008972
25,770,0.009015
35,770,0.009114
45,770,0.009311
55,770,0.009259
65,770,0.008725
70,770,0.007892
75,770,0.006354
0,772,0.008883
15,772,0.008969
25,772,0.009013
35,772,0.009111
45,772,0.009311
55,772,0.009261
65,772,0.008727
70,772,0.007895
75,772,0.006356
0,774,0.008882
15,774,0.008965
25,774,0.009012
35,774,0.009109
45,774,0.009309
55,774,0.00926
65,774,0.008729
70,774,0.007897
75,774,0.006358
0,776,0.008879
15,776,0.008965
25,776,0.009011
35,776,0.009112
45,776,0.009309
55,776,0.009261
65,776,0.008728
70,776,0.007896
75,776,0.00636
0,778,0.008876
15,778,0.008964
25,778,0.009012
35,778,0.009109
45,778,0.009306
55,778,0.009259
65,778,0.008729
70,778,0.007897
75,778,0.00636
0,780,0.008877
15,780,0.008958
25,780,0.009009
35,780,0.009106
45,780,0.009304
55,780,0.009262
65,780,0.008731
70,780,0.007899
75,780,0.00636
0,782,0.008872
15,782,0.008958
25,782,0.009008
35,782,0.009106
45,782,0.009304
55,782,0.00926
65,782,0.008732
70,782,0.007901
75,782,0.006364
0,784,0.008869
15,784,0.008958
25,784,0.009005
35,784,0.009105
45,784,0.009305
55,784,0.00926
65,784,0.008733
70,784,0.007901
75,784,0.006365
0,786,0.008867
15,786,0.008955
25,786,0.009002
35,786,0.009103
45,786,0.009304
55,786,0.009262
65,786,0.008731
70,786,0.007904
75,786,0.006365
0,788,0.008865
15,788,0.008952
25,788,0.008998
35,788,0.009101
45,788,0.009304
55,788,0.009262
65,788,0.008734
70,788,0.007902
75,788,0.006367
0,790,0.008863
15,790,0.00895
25,790,0.008999
35,790,0.0091
45,790,0.009302
55,790,0.009259
65,790,0.008735
70,790,0.007905
75,790,0.006369
0,792,0.008861
15,792,0.00895
25,792,0.008998
35,792,0.0091
45,792,0.009302
55,792,0.009258
65,792,0.008736
70,792,0.007907
75,792,0.00637
0,794,0.008858
15,794,0.008947
25,794,0.008995
35,794,0.009096
45,794,0.0093
55,794,0.00926
65,794,0.008739
70,794,0.007907
75,794,0.006374
0,796,0.008858
15,796,0.008943
25,796,0.008994
35,796,0.009096
45,796,0.0093
55,796,0.009261
65,796,0.008738
70,796,0.007911
75,796,0.006374
0,798,0.008854
15,798,0.008943
25,798,0.00899
35,798,0.009096
45,798,0.009297
55,798,0.009261
65,798,0.00874
70,798,0.007911
75,798,0.006374
0,800,0.008854
15,800,0.00894
25,800,0.008994
35,800,0.009095
45,800,0.009298
55,800,0.009263
65,800,0.008741
70,800,0.007913
75,800,0.006377
0,802,0.008851
15,802,0.008937
25,802,0.008992
35,802,0.009095
45,802,0.009298
55,802,0.009266
65,802,0.008742
70,802,0.007914
75,802,0.006379
0,804,0.008846
15,804,0.008936
25,804,0.008987
35,804,0.009092
45,804,0.009297
55,804,0.009264
65,804,0.008744
70,804,0.007916
75,804,0.006379
0,806,0.008846
15,806,0.008934
25,806,0.008985
35,806,0.009091
45,806,0.009296
55,806,0.009263
65,806,0.008743
70,806,0.007918
75,806,0.006383
0,808,0.008845
15,808,0.008931
25,808,0.008983
35,808,0.00909
45,808,0.009297
55,808,0.009264
65,808,0.008743
70,808,0.007918
75,808,0.006387
0,810,0.00884
15,810,0.008925
25,810,0.00898
35,810,0.009083
45,810,0.00929
55,810,0.009262
65,810,0.008743
70,810,0.007917
75,810,0.006385
0,812,0.008834
15,812,0.008919
25,812,0.008976
35,812,0.009081
45,812,0.009288
55,812,0.009263
65,812,0.008746
70,812,0.007927
75,812,0.006398
0,814,0.008831
15,814,0.008919
25,814,0.008972
35,814,0.009079
45,814,0.009287
55,814,0.00926
65,814,0.008748
70,814,0.007927
75,814,0.006402
0,816,0.008833
15,816,0.00892
25,816,0.008969
35,816,0.009081
45,816,0.009287
55,816,0.00926
65,816,0.008753
70,816,0.007932
75,816,0.006407
0,818,0.008829
15,818,0.008917
25,818,0.008971
35,818,0.009078
45,818,0.009285
55,818,0.009266
65,818,0.008753
70,818,0.007933
75,818,0.00641
0,820,0.008827
15,820,0.008913
25,820,0.008966
35,820,0.009075
45,820,0.009288
55,820,0.009265
65,820,0.008759
70,820,0.007937
75,820,0.006411
0,822,0.008826
15,822,0.008912
25,822,0.008968
35,822,0.009077
45,822,0.009289
55,822,0.009269
65,822,0.008762
70,822,0.00794
75,822,0.006416
0,824,0.008822
15,824,0.008911
25,824,0.008968
35,824,0.00908
45,824,0.009286
55,824,0.00927
65,824,0.008762
70,824,0.007948
75,824,0.006419
0,826,0.008821
15,826,0.008908
25,826,0.008968
35,826,0.009079
45,826,0.00929
55,826,0.009271
65,826,0.008768
70,826,0.007952
75,826,0.006423
0,828,0.008822
15,828,0.008909
25,828,0.008966
35,828,0.009083
45,828,0.009288
55,828,0.009275
65,828,0.008775
70,828,0.007954
75,828,0.006428
0,830,0.008817
15,830,0.008905
25,830,0.008962
35,830,0.009082
45,830,0.009293
55,830,0.009281
65,830,0.008782
70,830,0.007959
75,830,0.006434
0,832,0.008814
15,832,0.008904
25,832,0.008967
35,832,0.009081
45,832,0.009291
55,832,0.009289
65,832,0.008784
70,832,0.007966
75,832,0.00644
0,834,0.008815
15,834,0.008906
25,834,0.008968
35,834,0.009087
45,834,0.009295
55,834,0.009291
65,834,0.008794
70,834,0.007975
75,834,0.006448
0,836,0.008809
15,836,0.008903
25,836,0.008961
35,836,0.009086
45,836,0.009299
55,836,0.009297
65,836,0.008796
70,836,0.007979
75,836,0.006453
0,838,0.008812
15,838,0.008903
25,838,0.008964
35,838,0.009087
45,838,0.009308
55,838,0.009302
65,838,0.008807
70,838,0.007989
75,838,0.006459
0,840,0.008808
15,840,0.008904
25,840,0.008963
35,840,0.009089
45,840,0.009306
55,840,0.0093
65,840,0.008812
70,840,0.007997
75,840,0.006465
0,842,0.008808
15,842,0.008903
25,842,0.008968
35,842,0.009091
45,842,0.009313
55,842,0.00931
65,842,0.008828
70,842,0.008003
75,842,0.006472
0,844,0.008811
15,844,0.008897
25,844,0.008966
35,844,0.009091
45,844,0.009312
55,844,0.00932
65,844,0.008829
70,844,0.008015
75,844,0.006479
0,846,0.008805
15,846,0.008899
25,846,0.008967
35,846,0.009095
45,846,0.009318
55,846,0.009327
65,846,0.008834
70,846,0.008013
75,846,0.006485
0,848,0.008797
15,848,0.008894
25,848,0.008967
35,848,0.009094
45,848,0.009314
55,848,0.009328
65,848,0.008841
70,848,0.008029
75,848,0.006489
0,850,0.008794
15,850,0.008896
25,850,0.008966
35,850,0.009092
45,850,0.009322
55,850,0.009333
65,850,0.00885
70,850,0.00803
75,850,0.006499
0,852,0.008794
15,852,0.008896
25,852,0.008968
35,852,0.009097
45,852,0.009325
55,852,0.009338
65,852,0.008844
70,852,0.008039
75,852,0.006506
0,854,0.008793
15,854,0.008894
25,854,0.008963
35,854,0.009102
45,854,0.009318
55,854,0.009333
65,854,0.008862
70,854,0.008039
75,854,0.006512
0,856,0.008796
15,856,0.008893
25,856,0.008956
35,856,0.009098
45,856,0.009327
55,856,0.009351
65,856,0.008855
70,856,0.008053
75,856,0.006523
0,858,0.0088
15,858,0.008889
25,858,0.008965
35,858,0.009104
45,858,0.009332
55,858,0.009348
65,858,0.008868
70,858,0.008055
75,858,0.006526
0,860,0.008795
15,860,0.008895
25,860,0.008962
35,860,0.009098
45,860,0.009325
55,860,0.00935
65,860,0.008881
70,860,0.008049
75,860,0.006532
0,862,0.008796
15,862,0.008896
25,862,0.008971
35,862,0.009095
45,862,0.009327
55,862,0.009357
65,862,0.008879
70,862,0.008058
75,862,0.006533
0,864,0.00879
15,864,0.008882
25,864,0.008957
35,864,0.009095
45,864,0.009328
55,864,0.00936
65,864,0.008873
70,864,0.008063
75,864,0.006532
0,866,0.008782
15,866,0.008881
25,866,0.008961
35,866,0.009086
45,866,0.009329
55,866,0.00935
65,866,0.00889
70,866,0.008061
75,866,0.006544
0,868,0.00878
15,868,0.008892
25,868,0.008963
35,868,0.009092
45,868,0.009335
55,868,0.009343
65,868,0.008897
70,868,0.008087
75,868,0.006548
0,870,0.008788
15,870,0.008887
25,870,0.008953
35,870,0.00909
45,870,0.009342
55,870,0.009356
65,870,0.008883
70,870,0.008073
75,870,0.006537
0,872,0.008783
15,872,0.008892
25,872,0.00895
35,872,0.009084
45,872,0.009349
55,872,0.009368
65,872,0.008876
70,872,0.008074
75,872,0.006532
0,874,0.008776
15,874,0.008871
25,874,0.008945
35,874,0.009082
45,874,0.009329
55,874,0.009342
65,874,0.008893
70,874,0.008075
75,874,0.006535
0,876,0.008775
15,876,0.008865
25,876,0.008974
35,876,0.009085
45,876,0.009308
55,876,0.009363
65,876,0.008892
70,876,0.008086
75,876,0.006533
0,878,0.008764
15,878,0.008874
25,878,0.00894
35,878,0.009078
45,878,0.009309
55,878,0.009332
65,878,0.008857
70,878,0.008071
75,878,0.00654
0,880,0.00879
15,880,0.008891
25,880,0.008935
35,880,0.009072
45,880,0.009325
55,880,0.009311
65,880,0.008874
70,880,0.008068
75,880,0.00654
0,882,0.008795
15,882,0.008886
25,882,0.008942
35,882,0.009082
45,882,0.009327
55,882,0.009315
65,882,0.008861
70,882,0.008045
75,882,0.006558
0,884,0.008763
15,884,0.008891
25,884,0.008942
35,884,0.00906
45,884,0.009338
55,884,0.009323
65,884,0.008849
70,884,0.008079
75,884,0.006558
0,886,0.008771
15,886,0.008816
25,886,0.008926
35,886,0.009085
45,886,0.009297
55,886,0.009335
65,886,0.008856
70,886,0.008065
75,886,0.006573
0,888,0.00876
15,888,0.008846
25,888,0.008929
35,888,0.009068
45,888,0.009268
55,888,0.009315
65,888,0.0089
70,888,0.008051
75,888,0.006552
0,890,0.008782
15,890,0.008832
25,890,0.008928
35,890,0.009068
45,890,0.009283
55,890,0.009312
65,890,0.008902
70,890,0.008047
75,890,0.006528
0,892,0.008793
15,892,0.008843
25,892,0.008912
35,892,0.009055
45,892,0.009274
55,892,0.009307
65,892,0.008853
70,892,0.008028
75,892,0.006545
0,894,0.008809
15,894,0.008855
25,894,0.008915
35,894,0.009052
45,894,0.009288
55,894,0.009324
65,894,0.008851
70,894,0.008017
75,894,0.00651
0,896,0.008743
15,896,0.008892
25,896,0.008921
35,896,0.009073
45,896,0.009285
55,896,0.009312
65,896,0.008857
70,896,0.008013
75,896,0.006498
0,898,0.008722
15,898,0.008844
25,898,0.008949
35,898,0.009043
45,898,0.009281
55,898,0.009284
65,898,0.008829
70,898,0.008016
75,898,0.00652
0,900,0.008742
15,900,0.008899
25,900,0.008896
35,900,0.008991
45,900,0.009302
55,900,0.009268
65,900,0.008784
70,900,0.007996
75,900,0.00651
