0,250,0
0,252,0
0,254,0
0,256,0
0,258,0
0,260,0
0,262,0
0,264,0
0,266,0
0,268,0
0,270,0
0,272,0
0,274,0
0,276,0
0,278,0
0,280,0
0,282,0
0,284,0
0,286,0
0,288,0
0,290,0
0,292,0
0,294,0
0,296,0
0,298,0
0,300,0
0,302,0
0,304,0
0,306,0
0,308,0
0,310,0
0,312,0
0,314,0
0,316,0
0,318,0
0,320,0.0096
0,322,0.0097
0,324,0.0091
0,326,0.0084
0,328,0.0074
0,330,0.0066
0,332,0.0055
0,334,0.0056
0,336,0.0045
0,338,0.004
0,340,0.0047
0,342,0.0052
0,344,0.0052
0,346,0.0054
0,348,0.009
0,350,0.0143
0,352,0.0285
0,354,0.0518
0,356,0.0863
0,358,0.1301
0,360,0.1786
0,362,0.2358
0,364,0.3015
0,366,0.363
0,368,0.4214
0,370,0.4896
0,372,0.546
0,374,0.5824
0,376,0.6163
0,378,0.6769
0,380,0.7214
0,382,0.7408
0,384,0.7484
0,386,0.7753
0,388,0.8144
0,390,0.845
0,392,0.8501
0,394,0.842
0,396,0.8458
0,398,0.867
0,400,0.8897
0,402,0.8984
0,404,0.8857
0,406,0.8714
0,408,0.8657
0,410,0.8742
0,412,0.8881
0,414,0.9011
0,416,0.9049
0,418,0.9028
0,420,0.9044
0,422,0.9131
0,424,0.9206
0,426,0.9262
0,428,0.9286
0,430,0.9262
0,432,0.9236
0,434,0.9232
0,436,0.9221
0,438,0.9198
0,440,0.9119
0,442,0.903
0,444,0.8795
0,446,0.8074
0,448,0.6565
0,450,0.4533
0,452,0.2704
0,454,0.1512
0,456,0.0852
0,458,0.0507
0,460,0.0314
0,462,0.0192
0,464,0.0104
0,466,0.0045
0,468,0.0006
0,470,0
0,472,0
0,474,0
0,476,0
0,478,0
0,480,0
0,482,0
0,484,0.0018
0,486,0.004
0,488,0.0056
0,490,0.0071
0,492,0.0092
0,494,0.0111
0,496,0.0131
0,498,0.0146
0,500,0.0152
0,502,0.0148
0,504,0.013
0,506,0.0096
0,508,0.0051
0,510,0.0011
0,512,0
0,514,0
0,516,0
0,518,0
0,520,0
0,522,0
0,524,0
0,526,0
0,528,0
0,530,0
0,532,0
0,534,0
0,536,0
0,538,0.0006
0,540,0.0017
0,542,0.0027
0,544,0.0038
0,546,0.0039
0,548,0.0028
0,550,0.0022
0,552,0.0016
0,554,0.001
0,556,0.0006
0,558,0.0006
0,560,0.0011
0,562,0.0018
0,564,0.002
0,566,0.0019
0,568,0.002
0,570,0.0022
0,572,0.0027
0,574,0.0036
0,576,0.0051
0,578,0.0072
0,580,0.0086
0,582,0.0084
0,584,0.0064
0,586,0.0045
0,588,0.0031
0,590,0.0021
0,592,0.0014
0,594,0.0012
0,596,0.001
0,598,0.001
0,600,0.0009
0,602,0.0007
0,604,0.0005
0,606,0.0006
0,608,0.0007
0,610,0.0006
0,612,0.0007
0,614,0.0007
0,616,0.0005
0,618,0.0005
0,620,0.0008
0,622,0.0009
0,624,0.0009
0,626,0.001
0,628,0.0013
0,630,0.0019
0,632,0.0029
0,634,0.0042
0,636,0.0064
0,638,0.0108
0,640,0.0167
0,642,0.0191
0,644,0.0154
0,646,0.0098
0,648,0.0061
0,650,0.0041
0,652,0.0031
0,654,0.0022
0,656,0.0016
0,658,0.0015
0,660,0.0013
0,662,0.0013
0,664,0.0013
0,666,0.0009
0,668,0.0006
0,670,0.0008
0,672,0.001
0,674,0.0008
0,676,0.0006
0,678,0.001
0,680,0.0013
0,682,0.0013
0,684,0.0013
0,686,0.0014
0,688,0.0018
0,690,0.0024
0,692,0.0028
0,694,0.0033
0,696,0.0042
0,698,0.0052
0,700,0.0068
0,702,0.0088
0,704,0.0116
0,706,0.0152
0,708,0.0187
0,710,0.0206
0,712,0.0203
0,714,0.0181
0,716,0.0147
0,718,0.0121
0,720,0.0099
0,722,0.0082
0,724,0.0066
0,726,0.0057
0,728,0.0051
0,730,0.0042
0,732,0.004
0,734,0.004
0,736,0.0036
0,738,0.0033
0,740,0.0032
0,742,0.0031
0,744,0.0031
0,746,0.0032
0,748,0.0033
0,750,0.0033
0,752,0.0037
0,754,0.0037
0,756,0.004
0,758,0.0042
0,760,0.005
0,762,0.0053
0,764,0.006
0,766,0.0066
0,768,0.0072
0,770,0.0085
0,772,0.0098
0,774,0.0116
0,776,0.0134
0,778,0.016
0,780,0.0191
0,782,0.0235
0,784,0.0288
0,786,0.0356
0,788,0.0451
0,790,0.0584
0,792,0.0763
0,794,0.1005
0,796,0.1333
0,798,0.1793
0,800,0.2375
0,802,0.3065
0,804,0.3755
0,806,0.4268
0,808,0.4469
0,810,0.4391
0,812,0.4107
0,814,0.3761
0,816,0.3415
0,818,0.3114
0,820,0.2884
0,822,0.2711
0,824,0.2587
0,826,0.2504
0,828,0.2463
0,830,0.2452
0,832,0.2481
0,834,0.2538
0,836,0.2649
0,838,0.2777
0,840,0.2965
0,842,0.3201
0,844,0.3499
0,846,0.3845
0,848,0.4257
0,850,0.4773
0,852,0.5365
0,854,0.6027
0,856,0.6724
0,858,0.7424
0,860,0.8111
0,862,0.856
0,864,0.8763
0,866,0.8945
0,868,0.8847
0,870,0.8635
0,872,0.8213
0,874,0.7896
0,876,0.7416
0,878,0.676
0,880,0.6518
0,882,0.6058
0,884,0.5645
0,886,0.5464
0,888,0.5059
0,890,0.476
0,892,0.4594
0,894,0.4554
0,896,0.4352
0,898,0.4183
0,900,0.4497
15,250,0
15,252,0
15,254,0
15,256,0
15,258,0
15,260,0
15,262,0
15,264,0
15,266,0
15,268,0
15,270,0
15,272,0
15,274,0
15,276,0
15,278,0
15,280,0
15,282,0
15,284,0
15,286,0
15,288,0
15,290,0
15,292,0
15,294,0
15,296,0
15,298,0
15,300,0
15,302,0
15,304,0
15,306,0
15,308,0
15,310,0
15,312,0
15,314,0
15,316,0
15,318,0.0057
15,320,0.0039
15,322,0.0037
15,324,0.0034
15,326,0.0029
15,328,0.0026
15,330,0.0023
15,332,0.0023
15,334,0.0018
15,336,0.0017
15,338,0.0018
15,340,0.002
15,342,0.0021
15,344,0.0029
15,346,0.0054
15,348,0.0105
15,350,0.0199
15,352,0.0362
15,354,0.0599
15,356,0.092
15,358,0.1308
15,360,0.1691
15,362,0.211
15,364,0.2701
15,366,0.3325
15,368,0.3731
15,370,0.4086
15,372,0.4646
15,374,0.5411
15,376,0.6103
15,378,0.6641
15,380,0.7047
15,382,0.736
15,384,0.7551
15,386,0.7708
15,388,0.7903
15,390,0.8134
15,392,0.8298
15,394,0.8337
15,396,0.8304
15,398,0.8285
15,400,0.8329
15,402,0.8415
15,404,0.8468
15,406,0.8465
15,408,0.8445
15,410,0.8486
15,412,0.8591
15,414,0.8709
15,416,0.8821
15,418,0.8858
15,420,0.886
15,422,0.8833
15,424,0.8811
15,426,0.8754
15,428,0.8653
15,430,0.8501
15,432,0.826
15,434,0.7861
15,436,0.7119
15,438,0.5832
15,440,0.4075
15,442,0.2431
15,444,0.133
15,446,0.0726
15,448,0.0422
15,450,0.0264
15,452,0.018
15,454,0.0133
15,456,0.0102
15,458,0.0079
15,460,0.0061
15,462,0.0042
15,464,0.0024
15,466,0.0008
15,468,0
15,470,0
15,472,0
15,474,0
15,476,0
15,478,0
15,480,0
15,482,0.0014
15,484,0.0037
15,486,0.006
15,488,0.0082
15,490,0.0097
15,492,0.0098
15,494,0.009
15,496,0.0084
15,498,0.0078
15,500,0.0069
15,502,0.0057
15,504,0.0042
15,506,0.0027
15,508,0.0014
15,510,0.0003
15,512,0
15,514,0
15,516,0
15,518,0
15,520,0
15,522,0.0006
15,524,0.0017
15,526,0.0032
15,528,0.0043
15,530,0.0048
15,532,0.0044
15,534,0.0034
15,536,0.0026
15,538,0.0019
15,540,0.0016
15,542,0.0014
15,544,0.0013
15,546,0.0013
15,548,0.0013
15,550,0.0015
15,552,0.0017
15,554,0.0021
15,556,0.0028
15,558,0.0039
15,560,0.0055
15,562,0.0078
15,564,0.0098
15,566,0.0104
15,568,0.0091
15,570,0.0069
15,572,0.0047
15,574,0.0034
15,576,0.0025
15,578,0.0019
15,580,0.0016
15,582,0.0014
15,584,0.0012
15,586,0.001
15,588,0.001
15,590,0.001
15,592,0.0011
15,594,0.0012
15,596,0.0012
15,598,0.0013
15,600,0.0013
15,602,0.0016
15,604,0.002
15,606,0.0026
15,608,0.0035
15,610,0.005
15,612,0.0078
15,614,0.0122
15,616,0.0172
15,618,0.0196
15,620,0.0174
15,622,0.0128
15,624,0.0092
15,626,0.0071
15,628,0.0055
15,630,0.0041
15,632,0.0031
15,634,0.0025
15,636,0.002
15,638,0.0018
15,640,0.0015
15,642,0.0013
15,644,0.0013
15,646,0.0013
15,648,0.0012
15,650,0.0013
15,652,0.0014
15,654,0.0015
15,656,0.0015
15,658,0.0016
15,660,0.0017
15,662,0.0021
15,664,0.0024
15,666,0.0028
15,668,0.0033
15,670,0.0042
15,672,0.0054
15,674,0.0068
15,676,0.0087
15,678,0.0115
15,680,0.0146
15,682,0.0175
15,684,0.0194
15,686,0.0197
15,688,0.0185
15,690,0.0166
15,692,0.0144
15,694,0.0123
15,696,0.0103
15,698,0.0087
15,700,0.0074
15,702,0.0064
15,704,0.0057
15,706,0.0052
15,708,0.0049
15,710,0.0046
15,712,0.0044
15,714,0.0042
15,716,0.0041
15,718,0.004
15,720,0.0042
15,722,0.0044
15,724,0.0044
15,726,0.0047
15,728,0.005
15,730,0.0052
15,732,0.0058
15,734,0.0063
15,736,0.0067
15,738,0.0074
15,740,0.0086
15,742,0.0099
15,744,0.0112
15,746,0.0129
15,748,0.0152
15,750,0.0181
15,752,0.0219
15,754,0.0267
15,756,0.033
15,758,0.0414
15,760,0.0532
15,762,0.0689
15,764,0.0905
15,766,0.1196
15,768,0.1582
15,770,0.2072
15,772,0.264
15,774,0.3196
15,776,0.3645
15,778,0.3897
15,780,0.3929
15,782,0.3802
15,784,0.3607
15,786,0.339
15,788,0.3174
15,790,0.2975
15,792,0.2785
15,794,0.2641
15,796,0.2545
15,798,0.2494
15,800,0.2482
15,802,0.2505
15,804,0.2566
15,806,0.2674
15,808,0.2822
15,810,0.3017
15,812,0.3212
15,814,0.3483
15,816,0.3822
15,818,0.4232
15,820,0.4703
15,822,0.5241
15,824,0.5812
15,826,0.6401
15,828,0.6965
15,830,0.7453
15,832,0.7822
15,834,0.7999
15,836,0.8067
15,838,0.7958
15,840,0.7699
15,842,0.7383
15,844,0.7016
15,846,0.6613
15,848,0.6193
15,850,0.5776
15,852,0.541
15,854,0.5081
15,856,0.4809
15,858,0.4562
15,860,0.4413
15,862,0.4201
15,864,0.4054
15,866,0.3944
15,868,0.3866
15,870,0.3857
15,872,0.3839
15,874,0.3861
15,876,0.3846
15,878,0.3936
15,880,0.4051
15,882,0.4176
15,884,0.4209
15,886,0.4438
15,888,0.454
15,890,0.488
15,892,0.5089
15,894,0.5192
15,896,0.5654
15,898,0.5992
15,900,0.623
25,250,0
25,252,0
25,254,0
25,256,0
25,258,0
25,260,0
25,262,0
25,264,0
25,266,0
25,268,0
25,270,0
25,272,0
25,274,0
25,276,0
25,278,0
25,280,0
25,282,0
25,284,0
25,286,0
25,288,0
25,290,0
25,292,0
25,294,0
25,296,0
25,298,0
25,300,0
25,302,0
25,304,0
25,306,0
25,308,0
25,310,0
25,312,0
25,314,0
25,316,0
25,318,0.0002
25,320,0.0014
25,322,0.0014
25,324,0.0013
25,326,0.0012
25,328,0.0009
25,330,0.0008
25,332,0.0007
25,334,0.0007
25,336,0.0007
25,338,0.0007
25,340,0.0008
25,342,0.0013
25,344,0.0027
25,346,0.0055
25,348,0.0112
25,350,0.0215
25,352,0.0376
25,354,0.06
25,356,0.0862
25,358,0.1142
25,360,0.1517
25,362,0.203
25,364,0.2505
25,366,0.2847
25,368,0.3279
25,370,0.3994
25,372,0.4881
25,374,0.5661
25,376,0.6186
25,378,0.6615
25,380,0.6986
25,382,0.7261
25,384,0.7523
25,386,0.7781
25,388,0.7974
25,390,0.8061
25,392,0.808
25,394,0.8126
25,396,0.8185
25,398,0.8244
25,400,0.8274
25,402,0.8235
25,404,0.8231
25,406,0.8322
25,408,0.8476
25,410,0.8649
25,412,0.8768
25,414,0.8803
25,416,0.8771
25,418,0.8713
25,420,0.8645
25,422,0.8505
25,424,0.8294
25,426,0.8012
25,428,0.7649
25,430,0.7181
25,432,0.6464
25,434,0.5193
25,436,0.3492
25,438,0.2016
25,440,0.1088
25,442,0.0592
25,444,0.0339
25,446,0.0209
25,448,0.0139
25,450,0.0099
25,452,0.0077
25,454,0.0062
25,456,0.0052
25,458,0.0044
25,460,0.0036
25,462,0.0028
25,464,0.0021
25,466,0.0016
25,468,0.0012
25,470,0.0012
25,472,0.0014
25,474,0.0019
25,476,0.0026
25,478,0.0036
25,480,0.005
25,482,0.0069
25,484,0.0079
25,486,0.0071
25,488,0.0057
25,490,0.0046
25,492,0.0042
25,494,0.0039
25,496,0.0039
25,498,0.0039
25,500,0.0037
25,502,0.0033
25,504,0.0027
25,506,0.0022
25,508,0.0018
25,510,0.0016
25,512,0.0017
25,514,0.0022
25,516,0.003
25,518,0.0043
25,520,0.0056
25,522,0.0063
25,524,0.0063
25,526,0.0053
25,528,0.0042
25,530,0.0032
25,532,0.0026
25,534,0.0022
25,536,0.002
25,538,0.0019
25,540,0.0019
25,542,0.0021
25,544,0.0024
25,546,0.0028
25,548,0.0035
25,550,0.0046
25,552,0.0061
25,554,0.0082
25,556,0.0108
25,558,0.0125
25,560,0.0123
25,562,0.0102
25,564,0.0075
25,566,0.0054
25,568,0.004
25,570,0.0031
25,572,0.0025
25,574,0.0021
25,576,0.0019
25,578,0.0017
25,580,0.0017
25,582,0.0016
25,584,0.0017
25,586,0.0018
25,588,0.002
25,590,0.0023
25,592,0.0027
25,594,0.0033
25,596,0.0044
25,598,0.0062
25,600,0.0091
25,602,0.0133
25,604,0.0184
25,606,0.0224
25,608,0.0227
25,610,0.0184
25,612,0.0127
25,614,0.0086
25,616,0.0063
25,618,0.0052
25,620,0.0045
25,622,0.0038
25,624,0.0031
25,626,0.0025
25,628,0.0021
25,630,0.0019
25,632,0.0017
25,634,0.0016
25,636,0.0016
25,638,0.0016
25,640,0.0016
25,642,0.0017
25,644,0.0019
25,646,0.002
25,648,0.0022
25,650,0.0025
25,652,0.0028
25,654,0.0033
25,656,0.0041
25,658,0.005
25,660,0.0063
25,662,0.008
25,664,0.0103
25,666,0.0131
25,668,0.0162
25,670,0.0191
25,672,0.0209
25,674,0.0212
25,676,0.0198
25,678,0.0176
25,680,0.0152
25,682,0.0132
25,684,0.0115
25,686,0.01
25,688,0.0087
25,690,0.0076
25,692,0.0068
25,694,0.0062
25,696,0.0057
25,698,0.0054
25,700,0.0052
25,702,0.005
25,704,0.0049
25,706,0.005
25,708,0.005
25,710,0.0051
25,712,0.0054
25,714,0.0056
25,716,0.0059
25,718,0.0064
25,720,0.007
25,722,0.0076
25,724,0.0084
25,726,0.0093
25,728,0.0105
25,730,0.0121
25,732,0.014
25,734,0.0164
25,736,0.0195
25,738,0.0235
25,740,0.0287
25,742,0.0356
25,744,0.0448
25,746,0.0572
25,748,0.0739
25,750,0.0964
25,752,0.1267
25,754,0.1656
25,756,0.2131
25,758,0.2668
25,760,0.3213
25,762,0.3673
25,764,0.3942
25,766,0.3991
25,768,0.3867
25,770,0.3652
25,772,0.3424
25,774,0.3231
25,776,0.3085
25,778,0.2962
25,780,0.286
25,782,0.2775
25,784,0.2716
25,786,0.2691
25,788,0.2708
25,790,0.2769
25,792,0.2874
25,794,0.3032
25,796,0.3235
25,798,0.3492
25,800,0.3806
25,802,0.4176
25,804,0.4605
25,806,0.5085
25,808,0.5599
25,810,0.6143
25,812,0.6621
25,814,0.7095
25,816,0.7496
25,818,0.7763
25,820,0.7891
25,822,0.7875
25,824,0.7708
25,826,0.7457
25,828,0.715
25,830,0.6811
25,832,0.6476
25,834,0.6155
25,836,0.583
25,838,0.5511
25,840,0.523
25,842,0.4963
25,844,0.472
25,846,0.452
25,848,0.4368
25,850,0.4252
25,852,0.4167
25,854,0.4116
25,856,0.4075
25,858,0.4075
25,860,0.4134
25,862,0.413
25,864,0.4234
25,866,0.4328
25,868,0.4442
25,870,0.4566
25,872,0.4752
25,874,0.4945
25,876,0.5154
25,878,0.5315
25,880,0.5623
25,882,0.591
25,884,0.6205
25,886,0.6447
25,888,0.6757
25,890,0.7111
25,892,0.7342
25,894,0.7633
25,896,0.7976
25,898,0.8329
25,900,0.856
35,250,0
35,252,0
35,254,0
35,256,0
35,258,0
35,260,0
35,262,0
35,264,0
35,266,0
35,268,0
35,270,0
35,272,0
35,274,0
35,276,0
35,278,0
35,280,0
35,282,0
35,284,0
35,286,0
35,288,0
35,290,0
35,292,0
35,294,0
35,296,0
35,298,0
35,300,0
35,302,0
35,304,0
35,306,0
35,308,0
35,310,0
35,312,0
35,314,0
35,316,0
35,318,0
35,320,0.0006
35,322,0.0006
35,324,0.0006
35,326,0.0005
35,328,0.0005
35,330,0.0004
35,332,0.0004
35,334,0.0004
35,336,0.0004
35,338,0.0005
35,340,0.0008
35,342,0.0015
35,344,0.0027
35,346,0.0046
35,348,0.0078
35,350,0.0128
35,352,0.0206
35,354,0.031
35,356,0.0444
35,358,0.0669
35,360,0.1085
35,362,0.1725
35,364,0.2471
35,366,0.3203
35,368,0.39
35,370,0.4555
35,372,0.5122
35,374,0.5579
35,376,0.5938
35,378,0.6206
35,380,0.6424
35,382,0.6565
35,384,0.667
35,386,0.6793
35,388,0.6968
35,390,0.7181
35,392,0.7363
35,394,0.7445
35,396,0.7365
35,398,0.7159
35,400,0.6944
35,402,0.6825
35,404,0.6762
35,406,0.6668
35,408,0.6511
35,410,0.6334
35,412,0.6173
35,414,0.5925
35,416,0.5267
35,418,0.3997
35,420,0.2524
35,422,0.1415
35,424,0.0773
35,426,0.0441
35,428,0.0271
35,430,0.0179
35,432,0.0127
35,434,0.0095
35,436,0.0076
35,438,0.0064
35,440,0.0057
35,442,0.0053
35,444,0.0055
35,446,0.0061
35,448,0.007
35,450,0.0083
35,452,0.0104
35,454,0.013
35,456,0.0155
35,458,0.0167
35,460,0.0158
35,462,0.0129
35,464,0.0096
35,466,0.0069
35,468,0.0052
35,470,0.004
35,472,0.0034
35,474,0.003
35,476,0.0029
35,478,0.0028
35,480,0.0031
35,482,0.0037
35,484,0.0048
35,486,0.0061
35,488,0.0079
35,490,0.0102
35,492,0.0127
35,494,0.0149
35,496,0.0158
35,498,0.0151
35,500,0.0134
35,502,0.0114
35,504,0.0097
35,506,0.0085
35,508,0.0077
35,510,0.0072
35,512,0.0072
35,514,0.0077
35,516,0.0087
35,518,0.0104
35,520,0.0131
35,522,0.0172
35,524,0.0231
35,526,0.0306
35,528,0.0384
35,530,0.0444
35,532,0.0458
35,534,0.0417
35,536,0.0348
35,538,0.0283
35,540,0.0236
35,542,0.0206
35,544,0.0191
35,546,0.0188
35,548,0.0198
35,550,0.0221
35,552,0.0261
35,554,0.0317
35,556,0.0388
35,558,0.0468
35,560,0.0551
35,562,0.0618
35,564,0.0628
35,566,0.0556
35,568,0.0427
35,570,0.0299
35,572,0.0207
35,574,0.0149
35,576,0.0113
35,578,0.0089
35,580,0.0074
35,582,0.0064
35,584,0.0057
35,586,0.0052
35,588,0.0049
35,590,0.0047
35,592,0.0048
35,594,0.0049
35,596,0.0051
35,598,0.0053
35,600,0.0056
35,602,0.0061
35,604,0.0069
35,606,0.008
35,608,0.0094
35,610,0.0113
35,612,0.0137
35,614,0.0167
35,616,0.0203
35,618,0.0242
35,620,0.0282
35,622,0.0319
35,624,0.0343
35,626,0.0348
35,628,0.0332
35,630,0.0298
35,632,0.0259
35,634,0.0221
35,636,0.0189
35,638,0.0165
35,640,0.0145
35,642,0.0131
35,644,0.0121
35,646,0.0115
35,648,0.0111
35,650,0.0109
35,652,0.0108
35,654,0.0107
35,656,0.0106
35,658,0.0107
35,660,0.0109
35,662,0.0114
35,664,0.012
35,666,0.0129
35,668,0.014
35,670,0.0155
35,672,0.0173
35,674,0.0197
35,676,0.0226
35,678,0.0263
35,680,0.0312
35,682,0.0375
35,684,0.0457
35,686,0.0565
35,688,0.0705
35,690,0.0884
35,692,0.1116
35,694,0.1409
35,696,0.1766
35,698,0.219
35,700,0.2678
35,702,0.3209
35,704,0.373
35,706,0.4166
35,708,0.4452
35,710,0.4548
35,712,0.4468
35,714,0.4272
35,716,0.4027
35,718,0.3794
35,720,0.36
35,722,0.3453
35,724,0.3359
35,726,0.3319
35,728,0.3333
35,730,0.3399
35,732,0.3518
35,734,0.3695
35,736,0.3928
35,738,0.4221
35,740,0.456
35,742,0.4923
35,744,0.5297
35,746,0.5679
35,748,0.6072
35,750,0.6487
35,752,0.6898
35,754,0.7269
35,756,0.7555
35,758,0.7705
35,760,0.7692
35,762,0.7539
35,764,0.7326
35,766,0.7084
35,768,0.6804
35,770,0.6501
35,772,0.6196
35,774,0.591
35,776,0.5652
35,778,0.5425
35,780,0.5248
35,782,0.5107
35,784,0.5007
35,786,0.4958
35,788,0.4952
35,790,0.4989
35,792,0.5051
35,794,0.5132
35,796,0.5216
35,798,0.5287
35,800,0.5335
35,802,0.5371
35,804,0.5406
35,806,0.5466
35,808,0.5556
35,810,0.5675
35,812,0.5791
35,814,0.595
35,816,0.6153
35,818,0.6383
35,820,0.6609
35,822,0.6828
35,824,0.706
35,826,0.7304
35,828,0.7536
35,830,0.7745
35,832,0.7935
35,834,0.8092
35,836,0.825
35,838,0.8379
35,840,0.8482
35,842,0.8561
35,844,0.8603
35,846,0.8617
35,848,0.8598
35,850,0.8573
35,852,0.8567
35,854,0.8565
35,856,0.855
35,858,0.8532
35,860,0.8496
35,862,0.8458
35,864,0.8427
35,866,0.8425
35,868,0.8437
35,870,0.8371
35,872,0.8375
35,874,0.8349
35,876,0.8362
35,878,0.8353
35,880,0.8364
35,882,0.8374
35,884,0.834
35,886,0.8413
35,888,0.8437
35,890,0.8541
35,892,0.852
35,894,0.86
35,896,0.8641
35,898,0.8753
35,900,0.8772
45,250,0
45,252,0
45,254,0
45,256,0
45,258,0
45,260,0
45,262,0
45,264,0
45,266,0
45,268,0
45,270,0
45,272,0
45,274,0
45,276,0
45,278,0
45,280,0
45,282,0
45,284,0
45,286,0
45,288,0
45,290,0
45,292,0
45,294,0
45,296,0
45,298,0
45,300,0
45,302,0
45,304,0
45,306,0
45,308,0
45,310,0
45,312,0
45,314,0
45,316,0
45,318,0.0003
45,320,0.0004
45,322,0.0004
45,324,0.0003
45,326,0.0003
45,328,0.0003
45,330,0.0002
45,332,0.0002
45,334,0.0002
45,336,0.0002
45,338,0.0003
45,340,0.0005
45,342,0.0008
45,344,0.0014
45,346,0.0027
45,348,0.005
45,350,0.0094
45,352,0.0185
45,354,0.036
45,356,0.0645
45,358,0.1033
45,360,0.1503
45,362,0.203
45,364,0.2563
45,366,0.3074
45,368,0.3549
45,370,0.3975
45,372,0.431
45,374,0.4482
45,376,0.4508
45,378,0.4587
45,380,0.4847
45,382,0.5139
45,384,0.5379
45,386,0.5542
45,388,0.5694
45,390,0.5872
45,392,0.6013
45,394,0.6025
45,396,0.5899
45,398,0.5732
45,400,0.5562
45,402,0.5235
45,404,0.4472
45,406,0.3243
45,408,0.2015
45,410,0.1177
45,412,0.0701
45,414,0.0443
45,416,0.0302
45,418,0.0223
45,420,0.0179
45,422,0.0154
45,424,0.0141
45,426,0.0139
45,428,0.0146
45,430,0.0162
45,432,0.0188
45,434,0.0221
45,436,0.0254
45,438,0.0275
45,440,0.027
45,442,0.0238
45,444,0.0194
45,446,0.0154
45,448,0.0126
45,450,0.0108
45,452,0.0098
45,454,0.0095
45,456,0.0096
45,458,0.0102
45,460,0.0114
45,462,0.0132
45,464,0.0159
45,466,0.0194
45,468,0.0236
45,470,0.0279
45,472,0.0312
45,474,0.0324
45,476,0.0311
45,478,0.0279
45,480,0.0241
45,482,0.021
45,484,0.019
45,486,0.0183
45,488,0.0187
45,490,0.0204
45,492,0.0236
45,494,0.029
45,496,0.0375
45,498,0.0505
45,500,0.069
45,502,0.0937
45,504,0.1238
45,506,0.1553
45,508,0.1814
45,510,0.1962
45,512,0.198
45,514,0.1921
45,516,0.186
45,518,0.1848
45,520,0.189
45,522,0.197
45,524,0.2066
45,526,0.214
45,528,0.214
45,530,0.2023
45,532,0.1776
45,534,0.1431
45,536,0.1062
45,538,0.0756
45,540,0.054
45,542,0.0399
45,544,0.0307
45,546,0.0247
45,548,0.0207
45,550,0.0181
45,552,0.0163
45,554,0.0151
45,556,0.0145
45,558,0.0143
45,560,0.0145
45,562,0.0152
45,564,0.0162
45,566,0.0178
45,568,0.0199
45,570,0.0228
45,572,0.0264
45,574,0.0309
45,576,0.036
45,578,0.0417
45,580,0.0478
45,582,0.0536
45,584,0.0584
45,586,0.0614
45,588,0.0619
45,590,0.0598
45,592,0.0553
45,594,0.0495
45,596,0.0434
45,598,0.0379
45,600,0.0333
45,602,0.0297
45,604,0.0269
45,606,0.0249
45,608,0.0234
45,610,0.0225
45,612,0.022
45,614,0.0219
45,616,0.0222
45,618,0.0229
45,620,0.0239
45,622,0.0255
45,624,0.0275
45,626,0.0302
45,628,0.0335
45,630,0.0377
45,632,0.043
45,634,0.0499
45,636,0.0588
45,638,0.0701
45,640,0.0845
45,642,0.1027
45,644,0.1255
45,646,0.1531
45,648,0.1864
45,650,0.2255
45,652,0.2702
45,654,0.3192
45,656,0.3696
45,658,0.418
45,660,0.4607
45,662,0.493
45,664,0.5122
45,666,0.5175
45,668,0.5106
45,670,0.4958
45,672,0.4777
45,674,0.46
45,676,0.4454
45,678,0.4352
45,680,0.4305
45,682,0.4309
45,684,0.4363
45,686,0.4468
45,688,0.4617
45,690,0.4805
45,692,0.5036
45,694,0.5301
45,696,0.5592
45,698,0.5904
45,700,0.6224
45,702,0.6535
45,704,0.6825
45,706,0.7078
45,708,0.7283
45,710,0.7428
45,712,0.7504
45,714,0.7497
45,716,0.74
45,718,0.7221
45,720,0.6992
45,722,0.6745
45,724,0.6494
45,726,0.6259
45,728,0.6043
45,730,0.585
45,732,0.5683
45,734,0.5545
45,736,0.5435
45,738,0.5355
45,740,0.5307
45,742,0.5287
45,744,0.5295
45,746,0.5332
45,748,0.5393
45,750,0.5481
45,752,0.56
45,754,0.5753
45,756,0.594
45,758,0.6163
45,760,0.6418
45,762,0.6701
45,764,0.7003
45,766,0.7298
45,768,0.7545
45,770,0.7738
45,772,0.7874
45,774,0.7962
45,776,0.8036
45,778,0.8111
45,780,0.8181
45,782,0.8247
45,784,0.8299
45,786,0.835
45,788,0.8387
45,790,0.8408
45,792,0.8421
45,794,0.8406
45,796,0.8388
45,798,0.8365
45,800,0.8334
45,802,0.8299
45,804,0.8274
45,806,0.8251
45,808,0.8234
45,810,0.822
45,812,0.8219
45,814,0.8224
45,816,0.8235
45,818,0.8254
45,820,0.8286
45,822,0.8332
45,824,0.8395
45,826,0.8466
45,828,0.8542
45,830,0.8626
45,832,0.8714
45,834,0.8791
45,836,0.8864
45,838,0.8927
45,840,0.8997
45,842,0.9035
45,844,0.9058
45,846,0.9075
45,848,0.9074
45,850,0.907
45,852,0.9061
45,854,0.9054
45,856,0.9047
45,858,0.9049
45,860,0.9018
45,862,0.8997
45,864,0.8972
45,866,0.8967
45,868,0.8927
45,870,0.8902
45,872,0.8857
45,874,0.882
45,876,0.878
45,878,0.8739
45,880,0.8687
45,882,0.8664
45,884,0.862
45,886,0.8566
45,888,0.8552
45,890,0.8501
45,892,0.8484
45,894,0.8458
45,896,0.8356
45,898,0.8359
45,900,0.8372
55,250,0
55,252,0
55,254,0
55,256,0
55,258,0
55,260,0
55,262,0
55,264,0
55,266,0
55,268,0
55,270,0
55,272,0
55,274,0
55,276,0
55,278,0
55,280,0
55,282,0
55,284,0
55,286,0
55,288,0
55,290,0
55,292,0
55,294,0
55,296,0
55,298,0
55,300,0
55,302,0
55,304,0
55,306,0
55,308,0
55,310,0
55,312,0
55,314,0
55,316,0
55,318,0
55,320,0.0002
55,322,0.0002
55,324,0.0002
55,326,0.0002
55,328,0.0002
55,330,0.0002
55,332,0.0001
55,334,0.0001
55,336,0.0002
55,338,0.0002
55,340,0.0004
55,342,0.0009
55,344,0.0021
55,346,0.0047
55,348,0.0097
55,350,0.0181
55,352,0.0308
55,354,0.0481
55,356,0.0688
55,358,0.0913
55,360,0.1161
55,362,0.1459
55,364,0.183
55,366,0.2266
55,368,0.2704
55,370,0.3117
55,372,0.3535
55,374,0.3966
55,376,0.4328
55,378,0.4523
55,380,0.4585
55,382,0.4577
55,384,0.4526
55,386,0.4245
55,388,0.359
55,390,0.2703
55,392,0.1892
55,394,0.1322
55,396,0.0977
55,398,0.0783
55,400,0.0685
55,402,0.065
55,404,0.0663
55,406,0.0715
55,408,0.079
55,410,0.0861
55,412,0.0892
55,414,0.0862
55,416,0.0774
55,418,0.0659
55,420,0.0554
55,422,0.0476
55,424,0.043
55,426,0.0411
55,428,0.0421
55,430,0.0456
55,432,0.0521
55,434,0.0621
55,436,0.0754
55,438,0.0906
55,440,0.1054
55,442,0.1172
55,444,0.1238
55,446,0.126
55,448,0.1254
55,450,0.1241
55,452,0.1254
55,454,0.1319
55,456,0.1456
55,458,0.1686
55,460,0.2028
55,462,0.2507
55,464,0.3137
55,466,0.3897
55,468,0.4718
55,470,0.5528
55,472,0.6249
55,474,0.681
55,476,0.7156
55,478,0.7274
55,480,0.7177
55,482,0.6908
55,484,0.6582
55,486,0.6213
55,488,0.5717
55,490,0.5081
55,492,0.4342
55,494,0.3576
55,496,0.2886
55,498,0.2336
55,500,0.1929
55,502,0.1637
55,504,0.143
55,506,0.1291
55,508,0.1205
55,510,0.1162
55,512,0.1155
55,514,0.1179
55,516,0.1235
55,518,0.1319
55,520,0.1429
55,522,0.1561
55,524,0.1704
55,526,0.1843
55,528,0.1962
55,530,0.2046
55,532,0.2085
55,534,0.2071
55,536,0.2005
55,538,0.1894
55,540,0.1752
55,542,0.1595
55,544,0.144
55,546,0.13
55,548,0.1185
55,550,0.1096
55,552,0.1031
55,554,0.0989
55,556,0.0967
55,558,0.0964
55,560,0.098
55,562,0.1014
55,564,0.1069
55,566,0.1146
55,568,0.1247
55,570,0.1378
55,572,0.1542
55,574,0.1745
55,576,0.199
55,578,0.228
55,580,0.2617
55,582,0.2995
55,584,0.3412
55,586,0.3851
55,588,0.4299
55,590,0.4738
55,592,0.5147
55,594,0.5509
55,596,0.5804
55,598,0.6018
55,600,0.6155
55,602,0.6217
55,604,0.6215
55,606,0.6166
55,608,0.6093
55,610,0.6018
55,612,0.5956
55,614,0.5921
55,616,0.5917
55,618,0.5944
55,620,0.6005
55,622,0.6096
55,624,0.6212
55,626,0.6347
55,628,0.6495
55,630,0.6648
55,632,0.6796
55,634,0.6936
55,636,0.7059
55,638,0.7157
55,640,0.7229
55,642,0.7271
55,644,0.7282
55,646,0.7264
55,648,0.7219
55,650,0.7152
55,652,0.707
55,654,0.6978
55,656,0.6883
55,658,0.6791
55,660,0.6704
55,662,0.6627
55,664,0.6564
55,666,0.6518
55,668,0.6495
55,670,0.6493
55,672,0.6509
55,674,0.6538
55,676,0.6574
55,678,0.6613
55,680,0.6655
55,682,0.6703
55,684,0.6765
55,686,0.6839
55,688,0.6923
55,690,0.7012
55,692,0.7104
55,694,0.7197
55,696,0.7292
55,698,0.7383
55,700,0.7472
55,702,0.7555
55,704,0.7632
55,706,0.7699
55,708,0.776
55,710,0.7815
55,712,0.7865
55,714,0.7917
55,716,0.7967
55,718,0.8028
55,720,0.8118
55,722,0.8241
55,724,0.8386
55,726,0.8523
55,728,0.862
55,730,0.8651
55,732,0.8616
55,734,0.8524
55,736,0.8406
55,738,0.8304
55,740,0.8232
55,742,0.8181
55,744,0.8152
55,746,0.814
55,748,0.8141
55,750,0.8152
55,752,0.8171
55,754,0.819
55,756,0.8206
55,758,0.8229
55,760,0.8252
55,762,0.828
55,764,0.8315
55,766,0.8354
55,768,0.8403
55,770,0.846
55,772,0.852
55,774,0.8594
55,776,0.8675
55,778,0.8755
55,780,0.8836
55,782,0.8917
55,784,0.8985
55,786,0.9044
55,788,0.9084
55,790,0.9099
55,792,0.9086
55,794,0.9051
55,796,0.9004
55,798,0.8957
55,800,0.8895
55,802,0.883
55,804,0.8778
55,806,0.8735
55,808,0.8699
55,810,0.8672
55,812,0.8669
55,814,0.8665
55,816,0.8673
55,818,0.8679
55,820,0.8682
55,822,0.8692
55,824,0.871
55,826,0.8736
55,828,0.8761
55,830,0.8772
55,832,0.8793
55,834,0.8824
55,836,0.887
55,838,0.8914
55,840,0.8957
55,842,0.8986
55,844,0.8997
55,846,0.9017
55,848,0.9049
55,850,0.9069
55,852,0.9083
55,854,0.9094
55,856,0.9095
55,858,0.9094
55,860,0.9098
55,862,0.9076
55,864,0.9057
55,866,0.9057
55,868,0.9067
55,870,0.9051
55,872,0.9033
55,874,0.9031
55,876,0.9027
55,878,0.9
55,880,0.9032
55,882,0.9037
55,884,0.9009
55,886,0.9053
55,888,0.8986
55,890,0.9047
55,892,0.9038
55,894,0.9001
55,896,0.9055
55,898,0.9077
55,900,0.9027
65,250,0
65,252,0
65,254,0
65,256,0
65,258,0
65,260,0
65,262,0
65,264,0
65,266,0
65,268,0
65,270,0
65,272,0
65,274,0
65,276,0
65,278,0
65,280,0
65,282,0
65,284,0
65,286,0
65,288,0
65,290,0
65,292,0
65,294,0
65,296,0
65,298,0
65,300,0
65,302,0
65,304,0
65,306,0
65,308,0
65,310,0
65,312,0
65,314,0
65,316,0
65,318,0
65,320,0.0002
65,322,0.0002
65,324,0.0002
65,326,0.0002
65,328,0.0002
65,330,0.0002
65,332,0.0001
65,334,0.0001
65,336,0.0002
65,338,0.0003
65,340,0.0007
65,342,0.0015
65,344,0.003
65,346,0.0058
65,348,0.0106
65,350,0.0183
65,352,0.03
65,354,0.047
65,356,0.0701
65,358,0.0995
65,360,0.1349
65,362,0.1738
65,364,0.2123
65,366,0.2482
65,368,0.2824
65,370,0.3141
65,372,0.3357
65,374,0.338
65,376,0.3188
65,378,0.2906
65,380,0.2639
65,382,0.2496
65,384,0.2481
65,386,0.2579
65,388,0.2734
65,390,0.2849
65,392,0.2842
65,394,0.2687
65,396,0.2441
65,398,0.2201
65,400,0.2045
65,402,0.1999
65,404,0.2074
65,406,0.2276
65,408,0.2593
65,410,0.2987
65,412,0.3407
65,414,0.3787
65,416,0.4071
65,418,0.4241
65,420,0.4337
65,422,0.4425
65,424,0.4572
65,426,0.4814
65,428,0.5152
65,430,0.5547
65,432,0.5951
65,434,0.6315
65,436,0.6588
65,438,0.6754
65,440,0.6816
65,442,0.6808
65,444,0.6775
65,446,0.6831
65,448,0.697
65,450,0.7113
65,452,0.7226
65,454,0.7264
65,456,0.7191
65,458,0.6996
65,460,0.67
65,462,0.634
65,464,0.5969
65,466,0.5635
65,468,0.5376
65,470,0.5206
65,472,0.5124
65,474,0.5123
65,476,0.5185
65,478,0.5277
65,480,0.5348
65,482,0.5363
65,484,0.539
65,486,0.5451
65,488,0.5492
65,490,0.5498
65,492,0.5465
65,494,0.5395
65,496,0.5294
65,498,0.5175
65,500,0.5061
65,502,0.4966
65,504,0.4904
65,506,0.4886
65,508,0.4918
65,510,0.4999
65,512,0.5125
65,514,0.5294
65,516,0.55
65,518,0.573
65,520,0.5976
65,522,0.6231
65,524,0.6486
65,526,0.6729
65,528,0.695
65,530,0.714
65,532,0.7298
65,534,0.7417
65,536,0.75
65,538,0.7543
65,540,0.7555
65,542,0.7541
65,544,0.7508
65,546,0.7462
65,548,0.7411
65,550,0.7366
65,552,0.7328
65,554,0.7298
65,556,0.7277
65,558,0.7269
65,560,0.7269
65,562,0.7278
65,564,0.7294
65,566,0.7311
65,568,0.7327
65,570,0.7342
65,572,0.7355
65,574,0.7365
65,576,0.7371
65,578,0.7374
65,580,0.7373
65,582,0.7369
65,584,0.7362
65,586,0.7355
65,588,0.7347
65,590,0.734
65,592,0.7334
65,594,0.733
65,596,0.733
65,598,0.7331
65,600,0.7334
65,602,0.7339
65,604,0.7346
65,606,0.7355
65,608,0.7368
65,610,0.7383
65,612,0.7399
65,614,0.7414
65,616,0.7428
65,618,0.7442
65,620,0.7456
65,622,0.7469
65,624,0.748
65,626,0.7492
65,628,0.7503
65,630,0.7514
65,632,0.7528
65,634,0.7541
65,636,0.7555
65,638,0.7576
65,640,0.7596
65,642,0.7612
65,644,0.7623
65,646,0.7629
65,648,0.7628
65,650,0.7628
65,652,0.7631
65,654,0.7637
65,656,0.7645
65,658,0.7653
65,660,0.766
65,662,0.7668
65,664,0.7677
65,666,0.7686
65,668,0.7697
65,670,0.7709
65,672,0.7721
65,674,0.7735
65,676,0.775
65,678,0.7765
65,680,0.7784
65,682,0.7805
65,684,0.7828
65,686,0.7861
65,688,0.7914
65,690,0.8022
65,692,0.8191
65,694,0.8369
65,696,0.8491
65,698,0.8534
65,700,0.85
65,702,0.8397
65,704,0.8274
65,706,0.8185
65,708,0.8138
65,710,0.8116
65,712,0.8109
65,714,0.811
65,716,0.8112
65,718,0.8124
65,720,0.8144
65,722,0.8164
65,724,0.8189
65,726,0.8217
65,728,0.8252
65,730,0.8295
65,732,0.8352
65,734,0.842
65,736,0.8502
65,738,0.8609
65,740,0.8738
65,742,0.888
65,744,0.9018
65,746,0.9128
65,748,0.9196
65,750,0.922
65,752,0.9197
65,754,0.9141
65,756,0.9067
65,758,0.8985
65,760,0.8905
65,762,0.8838
65,764,0.8787
65,766,0.8749
65,768,0.872
65,770,0.8705
65,772,0.8699
65,774,0.8705
65,776,0.8716
65,778,0.8731
65,780,0.8753
65,782,0.8778
65,784,0.8807
65,786,0.8841
65,788,0.8877
65,790,0.8919
65,792,0.8968
65,794,0.9015
65,796,0.9065
65,798,0.9106
65,800,0.9137
65,802,0.9162
65,804,0.9177
65,806,0.9177
65,808,0.9164
65,810,0.9142
65,812,0.9134
65,814,0.9116
65,816,0.9094
65,818,0.9071
65,820,0.9047
65,822,0.9023
65,824,0.9003
65,826,0.8985
65,828,0.8973
65,830,0.8963
65,832,0.8968
65,834,0.897
65,836,0.8968
65,838,0.8962
65,840,0.8959
65,842,0.8958
65,844,0.8959
65,846,0.8956
65,848,0.8951
65,850,0.8961
65,852,0.8968
65,854,0.8987
65,856,0.8999
65,858,0.9008
65,860,0.9016
65,862,0.9041
65,864,0.9056
65,866,0.9078
65,868,0.9079
65,870,0.909
65,872,0.9122
65,874,0.9139
65,876,0.9166
65,878,0.9188
65,880,0.9216
65,882,0.9208
65,884,0.9248
65,886,0.9227
65,888,0.9273
65,890,0.9269
65,892,0.9272
65,894,0.9356
65,896,0.9379
65,898,0.9322
65,900,0.9341
70,250,0
70,252,0
70,254,0
70,256,0
70,258,0
70,260,0
70,262,0
70,264,0
70,266,0
70,268,0
70,270,0
70,272,0
70,274,0
70,276,0
70,278,0
70,280,0
70,282,0
70,284,0
70,286,0
70,288,0
70,290,0
70,292,0
70,294,0
70,296,0
70,298,0
70,300,0
70,302,0
70,304,0
70,306,0
70,308,0
70,310,0
70,312,0
70,314,0
70,316,0
70,318,0.0001
70,320,0.0002
70,322,0.0002
70,324,0.0002
70,326,0.0002
70,328,0.0002
70,330,0.0001
70,332,0.0001
70,334,0.0002
70,336,0.0002
70,338,0.0004
70,340,0.0007
70,342,0.0015
70,344,0.0031
70,346,0.0062
70,348,0.0114
70,350,0.0198
70,352,0.0326
70,354,0.051
70,356,0.0753
70,358,0.1046
70,360,0.1378
70,362,0.1745
70,364,0.2149
70,366,0.2554
70,368,0.2892
70,370,0.3123
70,372,0.3243
70,374,0.3293
70,376,0.3345
70,378,0.3462
70,380,0.3675
70,382,0.3879
70,384,0.3975
70,386,0.3891
70,388,0.3669
70,390,0.3437
70,392,0.3308
70,394,0.3342
70,396,0.3557
70,398,0.3921
70,400,0.4369
70,402,0.4809
70,404,0.5162
70,406,0.5384
70,408,0.5492
70,410,0.5564
70,412,0.5668
70,414,0.5846
70,416,0.6092
70,418,0.6354
70,420,0.6575
70,422,0.6708
70,424,0.6746
70,426,0.6699
70,428,0.6613
70,430,0.6538
70,432,0.6506
70,434,0.6531
70,436,0.6598
70,438,0.6676
70,440,0.6728
70,442,0.6726
70,444,0.6657
70,446,0.6606
70,448,0.6582
70,450,0.6559
70,452,0.6573
70,454,0.6649
70,456,0.6795
70,458,0.7003
70,460,0.7249
70,462,0.7504
70,464,0.7732
70,466,0.7899
70,468,0.7971
70,470,0.7938
70,472,0.7802
70,474,0.7574
70,476,0.7282
70,478,0.6957
70,480,0.6608
70,482,0.6251
70,484,0.601
70,486,0.5934
70,488,0.5969
70,490,0.6099
70,492,0.6311
70,494,0.6591
70,496,0.6913
70,498,0.7247
70,500,0.7565
70,502,0.7849
70,504,0.809
70,506,0.8274
70,508,0.8399
70,510,0.847
70,512,0.8495
70,514,0.8482
70,516,0.844
70,518,0.8379
70,520,0.8308
70,522,0.8231
70,524,0.8154
70,526,0.8076
70,528,0.8002
70,530,0.793
70,532,0.786
70,534,0.7793
70,536,0.7727
70,538,0.7661
70,540,0.76
70,542,0.7543
70,544,0.749
70,546,0.7438
70,548,0.7394
70,550,0.7356
70,552,0.7324
70,554,0.7299
70,556,0.7281
70,558,0.727
70,560,0.7265
70,562,0.7265
70,564,0.7269
70,566,0.7275
70,568,0.7281
70,570,0.7285
70,572,0.7288
70,574,0.7288
70,576,0.7283
70,578,0.7277
70,580,0.7268
70,582,0.7255
70,584,0.7241
70,586,0.7226
70,588,0.7211
70,590,0.7196
70,592,0.7183
70,594,0.7172
70,596,0.7165
70,598,0.716
70,600,0.716
70,602,0.7164
70,604,0.7171
70,606,0.7182
70,608,0.7196
70,610,0.7213
70,612,0.7232
70,614,0.7252
70,616,0.7272
70,618,0.7292
70,620,0.731
70,622,0.7326
70,624,0.7342
70,626,0.7361
70,628,0.7378
70,630,0.7388
70,632,0.7389
70,634,0.7382
70,636,0.7371
70,638,0.736
70,640,0.7351
70,642,0.7342
70,644,0.7333
70,646,0.7325
70,648,0.7321
70,650,0.7317
70,652,0.7315
70,654,0.7316
70,656,0.732
70,658,0.7327
70,660,0.7336
70,662,0.7349
70,664,0.7366
70,666,0.7385
70,668,0.7408
70,670,0.7436
70,672,0.7464
70,674,0.75
70,676,0.755
70,678,0.7628
70,680,0.7772
70,682,0.7979
70,684,0.8152
70,686,0.8217
70,688,0.8173
70,690,0.8064
70,692,0.795
70,694,0.7875
70,696,0.7839
70,698,0.7823
70,700,0.7818
70,702,0.7816
70,704,0.7818
70,706,0.7822
70,708,0.7828
70,710,0.7834
70,712,0.7847
70,714,0.7864
70,716,0.789
70,718,0.7929
70,720,0.7984
70,722,0.806
70,724,0.8168
70,726,0.8311
70,728,0.8479
70,730,0.8642
70,732,0.8765
70,734,0.8825
70,736,0.8817
70,738,0.8757
70,740,0.8667
70,742,0.857
70,744,0.8487
70,746,0.842
70,748,0.8377
70,750,0.8353
70,752,0.8341
70,754,0.8341
70,756,0.835
70,758,0.8367
70,760,0.839
70,762,0.8415
70,764,0.845
70,766,0.8485
70,768,0.8528
70,770,0.8578
70,772,0.8633
70,774,0.8691
70,776,0.8752
70,778,0.8811
70,780,0.8864
70,782,0.8907
70,784,0.8939
70,786,0.895
70,788,0.8945
70,790,0.8926
70,792,0.8894
70,794,0.8851
70,796,0.8805
70,798,0.875
70,800,0.8702
70,802,0.8652
70,804,0.8613
70,806,0.8578
70,808,0.8552
70,810,0.853
70,812,0.8519
70,814,0.8504
70,816,0.8493
70,818,0.8484
70,820,0.8481
70,822,0.8485
70,824,0.8489
70,826,0.8499
70,828,0.852
70,830,0.8535
70,832,0.8555
70,834,0.8585
70,836,0.8612
70,838,0.8639
70,840,0.8665
70,842,0.8691
70,844,0.8716
70,846,0.8748
70,848,0.8778
70,850,0.8809
70,852,0.885
70,854,0.8886
70,856,0.8917
70,858,0.8955
70,860,0.9005
70,862,0.9034
70,864,0.9099
70,866,0.9132
70,868,0.9149
70,870,0.9196
70,872,0.9216
70,874,0.9241
70,876,0.9237
70,878,0.9242
70,880,0.9228
70,882,0.9287
70,884,0.9211
70,886,0.9228
70,888,0.9196
70,890,0.9238
70,892,0.9182
70,894,0.9168
70,896,0.9155
70,898,0.9172
70,900,0.914
75,250,0
75,252,0
75,254,0
75,256,0
75,258,0
75,260,0
75,262,0
75,264,0
75,266,0
75,268,0
75,270,0
75,272,0
75,274,0
75,276,0
75,278,0
75,280,0
75,282,0
75,284,0
75,286,0
75,288,0
75,290,0
75,292,0
75,294,0
75,296,0
75,298,0
75,300,0
75,302,0
75,304,0
75,306,0
75,308,0
75,310,0
75,312,0
75,314,0
75,316,0
75,318,0.0002
75,320,0.0003
75,322,0.0003
75,324,0.0003
75,326,0.0003
75,328,0.0002
75,330,0.0002
75,332,0.0002
75,334,0.0002
75,336,0.0003
75,338,0.0005
75,340,0.0008
75,342,0.0016
75,344,0.0031
75,346,0.0061
75,348,0.0111
75,350,0.0193
75,352,0.0312
75,354,0.048
75,356,0.0703
75,358,0.0985
75,360,0.1315
75,362,0.1683
75,364,0.2081
75,366,0.2477
75,368,0.28
75,370,0.3033
75,372,0.3244
75,374,0.3504
75,376,0.38
75,378,0.4022
75,380,0.4099
75,382,0.4041
75,384,0.4018
75,386,0.4144
75,388,0.4429
75,390,0.4807
75,392,0.5152
75,394,0.5363
75,396,0.5417
75,398,0.5387
75,400,0.5371
75,402,0.5434
75,404,0.5583
75,406,0.577
75,408,0.5927
75,410,0.6001
75,412,0.5983
75,414,0.5901
75,416,0.581
75,418,0.5762
75,420,0.5781
75,422,0.5863
75,424,0.599
75,426,0.6126
75,428,0.6233
75,430,0.6293
75,432,0.6296
75,434,0.6257
75,436,0.6191
75,438,0.6121
75,440,0.606
75,442,0.6011
75,444,0.5973
75,446,0.6014
75,448,0.6112
75,450,0.6212
75,452,0.6319
75,454,0.6441
75,456,0.6583
75,458,0.6742
75,460,0.6919
75,462,0.7106
75,464,0.7292
75,466,0.7447
75,468,0.7539
75,470,0.7546
75,472,0.7453
75,474,0.7262
75,476,0.6987
75,478,0.665
75,480,0.6261
75,482,0.5846
75,484,0.5522
75,486,0.5341
75,488,0.526
75,490,0.5274
75,492,0.5381
75,494,0.5576
75,496,0.5852
75,498,0.6182
75,500,0.6547
75,502,0.6918
75,504,0.7271
75,506,0.7573
75,508,0.7796
75,510,0.7923
75,512,0.795
75,514,0.7882
75,516,0.7736
75,518,0.7542
75,520,0.7322
75,522,0.7101
75,524,0.689
75,526,0.6709
75,528,0.6567
75,530,0.6464
75,532,0.6403
75,534,0.6379
75,536,0.639
75,538,0.6428
75,540,0.6484
75,542,0.655
75,544,0.6615
75,546,0.6669
75,548,0.6701
75,550,0.6709
75,552,0.6687
75,554,0.6637
75,556,0.6561
75,558,0.6464
75,560,0.6356
75,562,0.6242
75,564,0.6129
75,566,0.602
75,568,0.5923
75,570,0.5842
75,572,0.578
75,574,0.5738
75,576,0.5719
75,578,0.5722
75,580,0.5745
75,582,0.5789
75,584,0.5849
75,586,0.5923
75,588,0.6007
75,590,0.6097
75,592,0.619
75,594,0.6279
75,596,0.6361
75,598,0.6431
75,600,0.6487
75,602,0.6525
75,604,0.6547
75,606,0.6551
75,608,0.6539
75,610,0.6515
75,612,0.6482
75,614,0.6438
75,616,0.6395
75,618,0.6351
75,620,0.6299
75,622,0.6245
75,624,0.6195
75,626,0.6156
75,628,0.6129
75,630,0.6112
75,632,0.6104
75,634,0.6108
75,636,0.6125
75,638,0.615
75,640,0.6184
75,642,0.6225
75,644,0.6273
75,646,0.6327
75,648,0.6383
75,650,0.6438
75,652,0.6494
75,654,0.6546
75,656,0.6594
75,658,0.6636
75,660,0.6671
75,662,0.6698
75,664,0.6721
75,666,0.6741
75,668,0.6775
75,670,0.6867
75,672,0.7034
75,674,0.7152
75,676,0.7109
75,678,0.694
75,680,0.6763
75,682,0.6645
75,684,0.6573
75,686,0.6524
75,688,0.6487
75,690,0.646
75,692,0.6439
75,694,0.6424
75,696,0.6419
75,698,0.642
75,700,0.6431
75,702,0.6456
75,704,0.6494
75,706,0.6548
75,708,0.6627
75,710,0.6739
75,712,0.6895
75,714,0.7103
75,716,0.7337
75,718,0.7538
75,720,0.7652
75,722,0.7665
75,724,0.7607
75,726,0.7525
75,728,0.7454
75,730,0.7413
75,732,0.7398
75,734,0.74
75,736,0.7414
75,738,0.7433
75,740,0.7456
75,742,0.748
75,744,0.7501
75,746,0.7525
75,748,0.7545
75,750,0.7569
75,752,0.7591
75,754,0.7618
75,756,0.7647
75,758,0.7677
75,760,0.7713
75,762,0.7754
75,764,0.7792
75,766,0.7822
75,768,0.7844
75,770,0.7849
75,772,0.7833
75,774,0.7796
75,776,0.7744
75,778,0.7684
75,780,0.762
75,782,0.7561
75,784,0.7507
75,786,0.7464
75,788,0.7426
75,790,0.7395
75,792,0.7375
75,794,0.7362
75,796,0.7353
75,798,0.7349
75,800,0.7352
75,802,0.7364
75,804,0.7372
75,806,0.7386
75,808,0.7405
75,810,0.7429
75,812,0.745
75,814,0.7471
75,816,0.7491
75,818,0.7513
75,820,0.7539
75,822,0.7561
75,824,0.7595
75,826,0.7625
75,828,0.7662
75,830,0.7698
75,832,0.7738
75,834,0.7774
75,836,0.7813
75,838,0.7851
75,840,0.7882
75,842,0.7913
75,844,0.7951
75,846,0.7988
75,848,0.8018
75,850,0.8055
75,852,0.8076
75,854,0.8103
75,856,0.8106
75,858,0.8094
75,860,0.8089
75,862,0.806
75,864,0.8047
75,866,0.8025
75,868,0.7992
75,870,0.7967
75,872,0.7931
75,874,0.7894
75,876,0.7836
75,878,0.7797
75,880,0.7764
75,882,0.7729
75,884,0.7715
75,886,0.769
75,888,0.7659
75,890,0.7668
75,892,0.7661
75,894,0.7606
75,896,0.7615
75,898,0.7632
75,900,0.7628
