0,250,0
15,250,0
25,250,0
35,250,0
45,250,0
55,250,0
65,250,0
70,250,0
75,250,0
0,252,0
15,252,0
25,252,0
35,252,0
45,252,0
55,252,0
65,252,0
70,252,0
75,252,0
0,254,0
15,254,0
25,254,0
35,254,0
45,254,0
55,254,0
65,254,0
70,254,0
75,254,0
0,256,0
15,256,0
25,256,0
35,256,0
45,256,0
55,256,0
65,256,0
70,256,0
75,256,0
0,258,0
15,258,0
25,258,0
35,258,0
45,258,0
55,258,0
65,258,0
70,258,0
75,258,0
0,260,0
15,260,0
25,260,0
35,260,0
45,260,0
55,260,0
65,260,0
70,260,0
75,260,0
0,262,0
15,262,0
25,262,0
35,262,0
45,262,0
55,262,0
65,262,0
70,262,0
75,262,0
0,264,0
15,264,0
25,264,0
35,264,0
45,264,0
55,264,0
65,264,0
70,264,0
75,264,0
0,266,0
15,266,0
25,266,0
35,266,0
45,266,0
55,266,0
65,266,0
70,266,0
75,266,0
0,268,0
15,268,0
25,268,0
35,268,0
45,268,0
55,268,0
65,268,0
70,268,0
75,268,0
0,270,0
15,270,0
25,270,0
35,270,0
45,270,0
55,270,0
65,270,0
70,270,0
75,270,0
0,272,0
15,272,0
25,272,0
35,272,0
45,272,0
55,272,0
65,272,0
70,272,0
75,272,0
0,274,0
15,274,0
25,274,0
35,274,0
45,274,0
55,274,0
65,274,0
70,274,0
75,274,0
0,276,0
15,276,0
25,276,0
35,276,0
45,276,0
55,276,0
65,276,0
70,276,0
75,276,0
0,278,0
15,278,0
25,278,0
35,278,0
45,278,0
55,278,0
65,278,0
70,278,0
75,278,0
0,280,0
15,280,0
25,280,0
35,280,0
45,280,0
55,280,0
65,280,0
70,280,0
75,280,0
0,282,0
15,282,0
25,282,0
35,282,0
45,282,0
55,282,0
65,282,0
70,282,0
75,282,0
0,284,0
15,284,0
25,284,0
35,284,0
45,284,0
55,284,0
65,284,0
70,284,0
75,284,0
0,286,0
15,286,0
25,286,0
35,286,0
45,286,0
55,286,0
65,286,0
70,286,0
75,286,0
0,288,0
15,288,0
25,288,0
35,288,0
45,288,0
55,288,0
65,288,0
70,288,0
75,288,0
0,290,0
15,290,0
25,290,0
35,290,0
45,290,0
55,290,0
65,290,0
70,290,0
75,290,0
0,292,0
15,292,0
25,292,0
35,292,0
45,292,0
55,292,0
65,292,0
70,292,0
75,292,0
0,294,0
15,294,0
25,294,0
35,294,0
45,294,0
55,294,0
65,294,0
70,294,0
75,294,0
0,296,0
15,296,0
25,296,0
35,296,0
45,296,0
55,296,0
65,296,0
70,296,0
75,296,0
0,298,0
15,298,0
25,298,0
35,298,0
45,298,0
55,298,0
65,298,0
70,298,0
75,298,0
0,300,0
15,300,0
25,300,0
35,300,0
45,300,0
55,300,0
65,300,0
70,300,0
75,300,0
0,302,0
15,302,0
25,302,0
35,302,0
45,302,0
55,302,0
65,302,0
70,302,0
75,302,0
0,304,0
15,304,0
25,304,0
35,304,0
45,304,0
55,304,0
65,304,0
70,304,0
75,304,0
0,306,0
15,306,0
25,306,0
35,306,0
45,306,0
55,306,0
65,306,0
70,306,0
75,306,0
0,308,0
15,308,0
25,308,0
35,308,0
45,308,0
55,308,0
65,308,0
70,308,0
75,308,0
0,310,0
15,310,0
25,310,0
35,310,0
45,310,0
55,310,0
65,310,0
70,310,0
75,310,0
0,312,0
15,312,0
25,312,0
35,312,0
45,312,0
55,312,0
65,312,0
70,312,0
75,312,0
0,314,0
15,314,0
25,314,0
35,314,0
45,314,0
55,314,0
65,314,0
70,314,0
75,314,0
0,316,0
15,316,0
25,316,0
35,316,0
45,316,0
55,316,0
65,316,0
70,316,0
75,316,0
0,318,0
15,318,0
25,318,0
35,318,0
45,318,0
55,318,0
65,318,0
70,318,0
75,318,0
0,320,2E-06
15,320,2E-06
25,320,2E-06
35,320,2E-06
45,320,2E-06
55,320,2E-06
65,320,2E-06
70,320,2E-06
75,320,2E-06
0,322,2E-06
15,322,2E-06
25,322,2E-06
35,322,2E-06
45,322,2E-06
55,322,2E-06
65,322,2E-06
70,322,2E-06
75,322,2E-06
0,324,2E-06
15,324,2E-06
25,324,2E-06
35,324,2E-06
45,324,2E-06
55,324,2E-06
65,324,2E-06
70,324,2E-06
75,324,2E-06
0,326,2E-06
15,326,1E-06
25,326,2E-06
35,326,1E-06
45,326,2E-06
55,326,1E-06
65,326,2E-06
70,326,2E-06
75,326,2E-06
0,328,1E-06
15,328,1E-06
25,328,1E-06
35,328,2E-06
45,328,1E-06
55,328,1E-06
65,328,1E-06
70,328,1E-06
75,328,1E-06
0,330,1E-06
15,330,1E-06
25,330,1E-06
35,330,1E-06
45,330,1E-06
55,330,1E-06
65,330,1E-06
70,330,1E-06
75,330,1E-06
0,332,1E-06
15,332,1E-06
25,332,1E-06
35,332,1E-06
45,332,1E-06
55,332,1E-06
65,332,1E-06
70,332,1E-06
75,332,1E-06
0,334,1E-06
15,334,1E-06
25,334,1E-06
35,334,1E-06
45,334,1E-06
55,334,1E-06
65,334,1E-06
70,334,1E-06
75,334,1E-06
0,336,1E-06
15,336,1E-06
25,336,1E-06
35,336,2E-06
45,336,2E-06
55,336,2E-06
65,336,2E-06
70,336,1E-06
75,336,1E-06
0,338,1E-06
15,338,2E-06
25,338,2E-06
35,338,2E-06
45,338,3E-06
55,338,3E-06
65,338,2E-06
70,338,2E-06
75,338,2E-06
0,340,2E-06
15,340,3E-06
25,340,3E-06
35,340,4E-06
45,340,6E-06
55,340,5E-06
65,340,3E-06
70,340,3E-06
75,340,2E-06
0,342,5E-06
15,342,5E-06
25,342,7E-06
35,342,1E-05
45,342,1.3E-05
55,342,1E-05
65,342,6E-06
70,342,5E-06
75,342,4E-06
0,344,1E-05
15,344,1.2E-05
25,344,1.7E-05
35,344,2.5E-05
45,344,2.7E-05
55,344,1.7E-05
65,344,1.1E-05
70,344,1E-05
75,344,9E-06
0,346,2.4E-05
15,346,3.1E-05
25,346,4.3E-05
35,346,5.8E-05
45,346,5.1E-05
55,346,2.9E-05
65,346,2.2E-05
70,346,1.9E-05
75,346,1.7E-05
0,348,5.9E-05
15,348,7.6E-05
25,348,0.0001
35,348,0.000121
45,348,8.4E-05
55,348,5.3E-05
65,348,4.2E-05
70,348,3.8E-05
75,348,3.5E-05
0,350,0.000139
15,350,0.00017
25,350,0.000206
35,350,0.000221
45,350,0.000126
55,350,9.6E-05
65,350,7.7E-05
70,350,7.6E-05
75,350,7.7E-05
0,352,0.000293
15,352,0.000337
25,352,0.000378
35,352,0.000354
45,352,0.000197
55,352,0.000165
65,352,0.000144
70,352,0.000159
75,352,0.000165
0,354,0.000543
15,354,0.000593
25,354,0.000627
35,354,0.000493
45,354,0.000326
55,354,0.000263
65,354,0.000286
70,354,0.000325
75,354,0.000323
0,356,0.000897
15,356,0.000939
25,356,0.000942
35,356,0.000648
45,356,0.000522
55,356,0.000419
65,356,0.000555
70,356,0.000585
75,356,0.000555
0,358,0.001341
15,358,0.001378
25,358,0.001252
35,358,0.000894
45,358,0.000748
55,358,0.000717
65,358,0.000946
70,358,0.000934
75,358,0.000879
0,360,0.001869
15,360,0.001848
25,360,0.001533
35,360,0.001291
45,360,0.001024
55,360,0.001238
65,360,0.001413
70,360,0.001384
75,360,0.001285
0,362,0.002435
15,362,0.002256
25,362,0.00191
35,362,0.001779
45,362,0.001475
55,362,0.001926
65,362,0.001975
70,362,0.001907
75,362,0.001733
0,364,0.002935
15,364,0.002674
25,364,0.002478
35,364,0.002247
45,364,0.002211
55,364,0.00262
65,364,0.00261
70,364,0.002453
75,364,0.002203
0,366,0.003424
15,366,0.003247
25,366,0.003141
35,366,0.002748
45,366,0.003153
55,366,0.003299
65,366,0.003241
70,366,0.003004
75,366,0.002635
0,368,0.004026
15,368,0.003928
25,368,0.003749
35,368,0.003434
45,368,0.00402
55,368,0.004008
65,368,0.003844
70,368,0.003483
75,368,0.002887
0,370,0.004678
15,370,0.004555
25,370,0.004322
35,370,0.004291
45,370,0.0047
55,370,0.004679
65,370,0.004387
70,370,0.003742
75,370,0.002952
0,372,0.00525
15,372,0.005122
25,372,0.004971
35,372,0.005162
45,372,0.005295
55,372,0.005258
65,372,0.004762
70,372,0.003808
75,372,0.003006
0,374,0.005772
15,374,0.005706
25,374,0.005671
35,374,0.005894
45,374,0.005868
55,374,0.005771
65,374,0.004894
70,374,0.003873
75,374,0.003112
0,376,0.006309
15,376,0.006304
25,376,0.006316
35,376,0.006444
45,376,0.00639
55,376,0.006229
65,376,0.004918
70,376,0.004051
75,376,0.003224
0,378,0.006824
15,378,0.006829
25,378,0.006835
35,378,0.006873
45,378,0.00682
55,378,0.006558
65,378,0.005051
70,378,0.004254
75,378,0.003425
0,380,0.007266
15,380,0.007265
25,380,0.007271
35,380,0.007256
45,380,0.007202
55,380,0.006712
65,380,0.00537
70,380,0.004438
75,380,0.003694
0,382,0.007585
15,382,0.007581
25,382,0.007598
35,382,0.007565
45,382,0.007495
55,382,0.006725
65,382,0.005677
70,382,0.004576
75,382,0.00389
0,384,0.007849
15,384,0.007843
25,384,0.007864
35,384,0.00784
45,384,0.007725
55,384,0.00677
65,384,0.005817
70,384,0.004689
75,384,0.004107
0,386,0.008068
15,386,0.008062
25,386,0.008081
35,386,0.008077
45,386,0.00786
55,386,0.006966
65,386,0.005757
70,386,0.004849
75,386,0.004446
0,388,0.008232
15,388,0.008247
25,388,0.008254
35,388,0.008272
45,388,0.007902
55,388,0.007302
65,388,0.005679
70,388,0.005139
75,388,0.004849
0,390,0.00837
15,390,0.008406
25,390,0.008398
35,390,0.008418
45,390,0.007918
55,390,0.007642
65,390,0.00575
70,390,0.005499
75,390,0.005109
0,392,0.008502
15,392,0.008528
25,392,0.008532
35,392,0.008523
45,392,0.007988
55,392,0.007812
65,392,0.005977
70,392,0.005745
75,392,0.005147
0,394,0.008625
15,394,0.008617
25,394,0.008655
35,394,0.008595
45,394,0.008152
55,394,0.007707
65,394,0.00623
70,394,0.005785
75,394,0.005136
0,396,0.008708
15,396,0.008695
25,396,0.008761
35,396,0.008645
45,396,0.008371
55,396,0.007436
65,396,0.006351
70,396,0.005762
75,396,0.005247
0,398,0.008759
15,398,0.00878
25,398,0.008824
35,398,0.008684
45,398,0.00857
55,398,0.00721
65,398,0.006331
70,398,0.005852
75,398,0.005325
0,400,0.008809
15,400,0.008867
25,400,0.00886
35,400,0.008729
45,400,0.008682
55,400,0.007117
65,400,0.006327
70,400,0.005939
75,400,0.004901
0,402,0.008875
15,402,0.008931
25,402,0.008887
35,402,0.008791
45,402,0.008711
55,402,0.007074
65,402,0.006435
70,402,0.005534
75,402,0.003829
0,404,0.008948
15,404,0.008958
25,404,0.008923
35,404,0.008874
45,404,0.008658
55,404,0.006991
65,404,0.006397
70,404,0.004346
75,404,0.002635
0,406,0.008998
15,406,0.008966
25,406,0.00897
35,406,0.008967
45,406,0.00853
55,406,0.006908
65,406,0.005632
70,406,0.0029
75,406,0.001765
0,408,0.009009
15,408,0.008987
25,408,0.009013
35,408,0.009036
45,408,0.008326
55,408,0.006924
65,408,0.004077
70,408,0.00182
75,408,0.001233
0,410,0.009008
15,410,0.00903
25,410,0.009042
35,410,0.009072
45,410,0.008023
55,410,0.006997
65,410,0.002521
70,410,0.001176
75,410,0.000913
0,412,0.009029
15,412,0.009073
25,412,0.00906
35,412,0.009084
45,412,0.00766
55,412,0.006687
65,412,0.001478
70,412,0.000802
75,412,0.000705
0,414,0.009069
15,414,0.009093
25,414,0.009081
35,414,0.009097
45,414,0.007373
55,414,0.005434
65,414,0.000894
70,414,0.000578
75,414,0.000558
0,416,0.009104
15,416,0.009077
25,416,0.009111
35,416,0.009113
45,416,0.007278
55,416,0.003524
65,416,0.000576
70,416,0.000437
75,416,0.000452
0,418,0.009103
15,418,0.009054
25,418,0.009137
35,418,0.009112
45,418,0.007208
55,418,0.001942
65,418,0.0004
70,418,0.000348
75,418,0.000377
0,420,0.009062
15,420,0.009051
25,420,0.009153
35,420,0.009039
45,420,0.006582
55,420,0.001044
65,420,0.000298
70,420,0.00029
75,420,0.000328
0,422,0.009015
15,422,0.009074
25,422,0.009159
35,422,0.008807
45,422,0.004998
55,422,0.00059
65,422,0.000235
70,422,0.000255
75,422,0.000301
0,424,0.008998
15,424,0.009109
25,424,0.009165
35,424,0.008384
45,424,0.003016
55,424,0.00036
65,424,0.000197
70,424,0.000237
75,424,0.000293
0,426,0.00902
15,426,0.009132
25,426,0.009172
35,426,0.007886
45,426,0.00156
55,426,0.000238
65,426,0.000175
70,426,0.000233
75,426,0.000302
0,428,0.009061
15,428,0.009142
25,428,0.009161
35,428,0.007276
45,428,0.000796
55,428,0.00017
65,428,0.000165
70,428,0.000244
75,428,0.000324
0,430,0.009094
15,430,0.009151
25,430,0.00909
35,430,0.006142
45,430,0.000436
55,430,0.000131
65,430,0.000166
70,430,0.000268
75,430,0.000348
0,432,0.009113
15,432,0.009156
25,432,0.008878
35,432,0.004308
45,432,0.00026
55,432,0.000108
65,432,0.000177
70,432,0.0003
75,432,0.000349
0,434,0.009128
15,434,0.009133
25,434,0.00837
35,434,0.002442
45,434,0.000167
55,434,9.4E-05
65,434,0.0002
70,434,0.000323
75,434,0.00031
0,436,0.00914
15,436,0.009022
25,436,0.007357
35,436,0.001219
45,436,0.000115
55,436,8.7E-05
65,436,0.000232
70,436,0.000315
75,436,0.000242
0,438,0.00911
15,438,0.008738
25,438,0.005714
35,438,0.000612
45,438,8.6E-05
55,438,8.6E-05
65,438,0.000263
70,438,0.000268
75,438,0.000177
0,440,0.008961
15,440,0.008118
25,440,0.003717
35,440,0.000329
45,440,6.8E-05
55,440,9E-05
65,440,0.000274
70,440,0.000205
75,440,0.000129
0,442,0.008599
15,442,0.006889
25,442,0.002033
35,442,0.000191
45,442,5.7E-05
55,442,0.000101
65,442,0.000251
70,442,0.00015
75,442,9.7E-05
0,444,0.007871
15,444,0.004985
25,444,0.001012
35,444,0.00012
45,444,5.2E-05
55,444,0.000119
65,444,0.000202
70,444,0.000112
75,444,7.8E-05
0,446,0.006575
15,446,0.002968
25,446,0.000507
35,446,8.2E-05
45,446,5.1E-05
55,446,0.000147
65,446,0.000152
70,446,8.8E-05
75,446,6.8E-05
0,448,0.004747
15,448,0.001562
25,448,0.000277
35,448,6.1E-05
45,448,5.2E-05
55,448,0.000178
65,448,0.000115
70,448,7.5E-05
75,448,6.4E-05
0,450,0.002881
15,450,0.000793
25,450,0.000164
35,450,4.8E-05
45,450,5.6E-05
55,450,0.000197
65,450,9E-05
70,450,6.7E-05
75,450,6.3E-05
0,452,0.001533
15,452,0.000415
25,452,0.000105
35,452,4.1E-05
45,452,6.5E-05
55,452,0.000192
65,452,7.5E-05
70,452,6.4E-05
75,452,6.6E-05
0,454,0.000775
15,454,0.00023
25,454,7.2E-05
35,454,3.6E-05
45,454,8E-05
55,454,0.000164
65,454,6.6E-05
70,454,6.5E-05
75,454,7.2E-05
0,456,0.0004
15,456,0.000136
25,456,5.2E-05
35,456,3.3E-05
45,456,0.000101
55,456,0.000127
65,456,6.2E-05
70,456,6.9E-05
75,456,8.3E-05
0,458,0.000222
15,458,8.8E-05
25,458,4E-05
35,458,3.2E-05
45,458,0.000126
55,458,9.6E-05
65,458,6E-05
70,458,7.7E-05
75,458,0.000101
0,460,0.000132
15,460,6E-05
25,460,3.2E-05
35,460,3.2E-05
45,460,0.000147
55,460,7.4E-05
65,460,6.2E-05
70,460,9E-05
75,460,0.000125
0,462,8.3E-05
15,462,4.2E-05
25,462,2.6E-05
35,462,3.3E-05
45,462,0.00015
55,462,6E-05
65,462,6.6E-05
70,462,0.000109
75,462,0.000155
0,464,5.4E-05
15,464,3.1E-05
25,464,2.2E-05
35,464,3.6E-05
45,464,0.000132
55,464,5E-05
65,464,7.4E-05
70,464,0.000135
75,464,0.000186
0,466,3.7E-05
15,466,2.3E-05
25,466,1.9E-05
35,466,4.2E-05
45,466,0.000101
55,466,4.4E-05
65,466,8.7E-05
70,466,0.000167
75,466,0.000206
0,468,2.7E-05
15,468,1.8E-05
25,468,1.8E-05
35,468,5.2E-05
45,468,7.3E-05
55,468,4E-05
65,468,0.000107
70,468,0.000196
75,468,0.000204
0,470,2E-05
15,470,1.5E-05
25,470,1.7E-05
35,470,6.8E-05
45,470,5.4E-05
55,470,3.9E-05
65,470,0.000133
70,470,0.00021
75,470,0.000185
0,472,1.6E-05
15,472,1.3E-05
25,472,1.8E-05
35,472,8.6E-05
45,472,4.1E-05
55,472,4.1E-05
65,472,0.000162
70,472,0.000203
75,472,0.00016
0,474,1.3E-05
15,474,1.2E-05
25,474,2.1E-05
35,474,9.8E-05
45,474,3.3E-05
55,474,4.6E-05
65,474,0.000186
70,474,0.00018
75,474,0.000137
0,476,1.1E-05
15,476,1.2E-05
25,476,2.5E-05
35,476,9.5E-05
45,476,2.8E-05
55,476,5.3E-05
65,476,0.000192
70,476,0.000153
75,476,0.00012
0,478,1E-05
15,478,1.3E-05
25,478,3.2E-05
35,478,7.7E-05
45,478,2.5E-05
55,478,6.4E-05
65,478,0.000178
70,478,0.00013
75,478,0.00011
0,480,1E-05
15,480,1.4E-05
25,480,4.3E-05
35,480,5.6E-05
45,480,2.3E-05
55,480,7.8E-05
65,480,0.000153
70,480,0.000113
75,480,0.000105
0,482,1.1E-05
15,482,1.8E-05
25,482,5.9E-05
35,482,4E-05
45,482,2.5E-05
55,482,9.8E-05
65,482,0.000128
70,482,0.000104
75,482,0.000107
0,484,1.4E-05
15,484,2.4E-05
25,484,7.4E-05
35,484,3E-05
45,484,2.8E-05
55,484,0.000119
65,484,0.000109
70,484,0.000101
75,484,0.000116
0,486,1.7E-05
15,486,3.3E-05
25,486,7.6E-05
35,486,2.4E-05
45,486,3.3E-05
55,486,0.000135
65,486,9.8E-05
70,486,0.000105
75,486,0.000134
0,488,2.1E-05
15,488,4.6E-05
25,488,6.6E-05
35,488,2.1E-05
45,488,4E-05
55,488,0.000139
65,488,9.3E-05
70,488,0.000116
75,488,0.000165
0,490,2.7E-05
15,490,6.2E-05
25,490,5E-05
35,490,2E-05
45,490,5E-05
55,490,0.000131
65,490,9.3E-05
70,490,0.000136
75,490,0.000216
0,492,3.7E-05
15,492,7.4E-05
25,492,3.8E-05
35,492,2E-05
45,492,6.5E-05
55,492,0.000117
65,492,0.0001
70,492,0.00017
75,492,0.0003
0,494,5.1E-05
15,494,7.2E-05
25,494,3E-05
35,494,2.1E-05
45,494,8.5E-05
55,494,0.000102
65,494,0.000113
70,494,0.000226
75,494,0.000435
0,496,6.7E-05
15,496,5.8E-05
25,496,2.5E-05
35,496,2.2E-05
45,496,0.000106
55,496,9E-05
65,496,0.000135
70,496,0.000317
75,496,0.000635
0,498,7.4E-05
15,498,4.3E-05
25,498,2.2E-05
35,498,2.5E-05
45,498,0.000121
55,498,8.3E-05
65,498,0.000169
70,498,0.000455
75,498,0.000872
0,500,6.5E-05
15,500,3.3E-05
25,500,2E-05
35,500,2.8E-05
45,500,0.000125
55,500,8E-05
65,500,0.000222
70,500,0.000646
75,500,0.001069
0,502,4.9E-05
15,502,2.5E-05
25,502,1.9E-05
35,502,3.2E-05
45,502,0.000115
55,502,7.9E-05
65,502,0.000304
70,502,0.000855
75,502,0.00115
0,504,3.4E-05
15,504,2E-05
25,504,1.7E-05
35,504,3.9E-05
45,504,9.8E-05
55,504,8.1E-05
65,504,0.000426
70,504,0.001008
75,504,0.001117
0,506,2.4E-05
15,506,1.6E-05
25,506,1.6E-05
35,506,4.8E-05
45,506,8.1E-05
55,506,8.6E-05
65,506,0.000586
70,506,0.001038
75,506,0.001044
0,508,1.8E-05
15,508,1.3E-05
25,508,1.5E-05
35,508,6.1E-05
45,508,6.8E-05
55,508,9.7E-05
65,508,0.000741
70,508,0.000965
75,508,0.000999
0,510,1.3E-05
15,510,1.1E-05
25,510,1.6E-05
35,510,7.6E-05
45,510,5.8E-05
55,510,0.000116
65,510,0.000825
70,510,0.000864
75,510,0.001017
0,512,1E-05
15,512,1E-05
25,512,1.7E-05
35,512,8.7E-05
45,512,5.3E-05
55,512,0.000148
65,512,0.0008
70,512,0.000789
75,512,0.001125
0,514,9E-06
15,514,9E-06
25,514,2.1E-05
35,514,9E-05
45,514,5E-05
55,514,0.000198
65,514,0.000702
70,514,0.000762
75,514,0.001373
0,516,8E-06
15,516,1E-05
25,516,2.6E-05
35,516,8.2E-05
45,516,5.1E-05
55,516,0.000273
65,516,0.000593
70,516,0.000793
75,516,0.00183
0,518,7E-06
15,518,1.1E-05
25,518,3.5E-05
35,518,6.9E-05
45,518,5.4E-05
55,518,0.000364
65,518,0.000512
70,518,0.000896
75,518,0.002464
0,520,8E-06
15,520,1.3E-05
25,520,4.8E-05
35,520,5.5E-05
45,520,6.1E-05
55,520,0.000443
65,520,0.000465
70,520,0.001101
75,520,0.00294
0,522,8E-06
15,522,1.7E-05
25,522,6.1E-05
35,522,4.4E-05
45,522,7.2E-05
55,522,0.000468
65,522,0.000452
70,522,0.001434
75,522,0.002826
0,524,1E-05
15,524,2.2E-05
25,524,7E-05
35,524,3.7E-05
45,524,9E-05
55,524,0.000428
65,524,0.00047
70,524,0.001839
75,524,0.002176
0,526,1.2E-05
15,526,3E-05
25,526,7E-05
35,526,3.3E-05
45,526,0.00012
55,526,0.000348
65,526,0.000527
70,526,0.002094
75,526,0.00141
0,528,1.6E-05
15,528,4.2E-05
25,528,6.1E-05
35,528,3.1E-05
45,528,0.000164
55,528,0.00027
65,528,0.000635
70,528,0.002005
75,528,0.00086
0,530,2.1E-05
15,530,5.4E-05
25,530,4.9E-05
35,530,3E-05
45,530,0.000218
55,530,0.000212
65,530,0.000811
70,530,0.001626
75,530,0.000544
0,532,2.9E-05
15,532,6.3E-05
25,532,3.9E-05
35,532,3.2E-05
45,532,0.000262
55,532,0.000175
65,532,0.00104
70,532,0.001147
75,532,0.00037
0,534,4E-05
15,534,6.2E-05
25,534,3.1E-05
35,534,3.5E-05
45,534,0.000271
55,534,0.000152
65,534,0.001241
70,534,0.000747
75,534,0.00027
0,536,5.2E-05
15,536,5.3E-05
25,536,2.6E-05
35,536,4.1E-05
45,536,0.000238
55,536,0.00014
65,536,0.001303
70,536,0.000488
75,536,0.00021
0,538,6E-05
15,538,4.2E-05
25,538,2.4E-05
35,538,5E-05
45,538,0.000184
55,538,0.000136
65,538,0.001195
70,538,0.000339
75,538,0.000172
0,540,5.8E-05
15,540,3.3E-05
25,540,2.2E-05
35,540,6.4E-05
45,540,0.000134
55,540,0.00014
65,540,0.000967
70,540,0.000251
75,540,0.000148
0,542,4.8E-05
15,542,2.6E-05
25,542,2.2E-05
35,542,8.6E-05
45,542,9.9E-05
55,542,0.000153
65,542,0.000704
70,542,0.000196
75,542,0.000132
0,544,3.8E-05
15,544,2.2E-05
25,544,2.3E-05
35,544,0.000115
45,544,7.6E-05
55,544,0.000176
65,544,0.000482
70,544,0.000161
75,544,0.000122
0,546,2.9E-05
15,546,2E-05
25,546,2.6E-05
35,546,0.000145
45,546,6.2E-05
55,546,0.000216
65,546,0.000332
70,546,0.000139
75,546,0.000118
0,548,2.4E-05
15,548,1.9E-05
25,548,3E-05
35,548,0.000157
45,548,5.3E-05
55,548,0.000278
65,548,0.000241
70,548,0.000124
75,548,0.000116
0,550,2E-05
15,550,1.9E-05
25,550,3.8E-05
35,550,0.000141
45,550,4.8E-05
55,550,0.000368
65,550,0.000185
70,550,0.000115
75,550,0.000119
0,552,1.8E-05
15,552,1.9E-05
25,552,5.1E-05
35,552,0.000108
45,552,4.5E-05
55,552,0.000471
65,552,0.000149
70,552,0.00011
75,552,0.000126
0,554,1.7E-05
15,554,2.1E-05
25,554,6.9E-05
35,554,7.4E-05
45,554,4.4E-05
55,554,0.000552
65,554,0.000125
70,554,0.000109
75,554,0.000137
0,556,1.7E-05
15,556,2.5E-05
25,556,9.1E-05
35,556,5.1E-05
45,556,4.5E-05
55,556,0.000578
65,556,0.00011
70,556,0.00011
75,556,0.000155
0,558,1.8E-05
15,558,3.1E-05
25,558,0.000111
35,558,3.6E-05
45,558,4.9E-05
55,558,0.000544
65,558,0.0001
70,558,0.000116
75,558,0.00018
0,560,1.9E-05
15,560,4.1E-05
25,560,0.000113
35,560,2.8E-05
45,560,5.4E-05
55,560,0.000464
65,560,9.4E-05
70,560,0.000125
75,560,0.000218
0,562,2.3E-05
15,562,5.8E-05
25,562,9.3E-05
35,562,2.3E-05
45,562,6.4E-05
55,562,0.00036
65,562,9.1E-05
70,562,0.000139
75,562,0.000274
0,564,2.9E-05
15,564,8.1E-05
25,564,6.5E-05
35,564,1.9E-05
45,564,7.8E-05
55,564,0.000262
65,564,9.1E-05
70,564,0.000159
75,564,0.000359
0,566,3.8E-05
15,566,0.0001
25,566,4.3E-05
35,566,1.7E-05
45,566,0.000101
55,566,0.000188
65,566,9.2E-05
70,566,0.000188
75,566,0.000485
0,568,5.3E-05
15,568,9.9E-05
25,568,2.9E-05
35,568,1.5E-05
45,568,0.000138
55,568,0.00014
65,568,9.7E-05
70,568,0.000229
75,568,0.000656
0,570,7.6E-05
15,570,7.7E-05
25,570,2E-05
35,570,1.4E-05
45,570,0.00019
55,570,0.000109
65,570,0.000104
70,570,0.000288
75,570,0.000851
0,572,9.5E-05
15,572,5.1E-05
25,572,1.5E-05
35,572,1.4E-05
45,572,0.00025
55,572,8.9E-05
65,572,0.000115
70,572,0.000372
75,572,0.001006
0,574,9.3E-05
15,574,3.2E-05
25,574,1.2E-05
35,574,1.4E-05
45,574,0.000299
55,574,7.6E-05
65,574,0.000131
70,574,0.000485
75,574,0.001053
0,576,6.9E-05
15,576,2.1E-05
25,576,1E-05
35,576,1.4E-05
45,576,0.000319
55,576,6.7E-05
65,576,0.000153
70,576,0.000618
75,576,0.000982
0,578,4.3E-05
15,578,1.5E-05
25,578,9E-06
35,578,1.5E-05
45,578,0.000306
55,578,6.1E-05
65,578,0.000184
70,578,0.000742
75,578,0.000837
0,580,2.7E-05
15,580,1.1E-05
25,580,8E-06
35,580,1.6E-05
45,580,0.000266
55,580,5.8E-05
65,580,0.000228
70,580,0.00082
75,580,0.000674
0,582,1.8E-05
15,582,9E-06
25,582,7E-06
35,582,1.8E-05
45,582,0.000209
55,582,5.6E-05
65,582,0.000286
70,582,0.00083
75,582,0.000533
0,584,1.3E-05
15,584,7E-06
25,584,7E-06
35,584,2.1E-05
45,584,0.000153
55,584,5.5E-05
65,584,0.000362
70,584,0.000774
75,584,0.000426
0,586,9E-06
15,586,6E-06
25,586,6E-06
35,586,2.6E-05
45,586,0.000111
55,586,5.7E-05
65,586,0.000451
70,586,0.000677
75,586,0.00035
0,588,7E-06
15,588,5E-06
25,588,6E-06
35,588,3.3E-05
45,588,8.3E-05
55,588,5.9E-05
65,588,0.000541
70,588,0.000567
75,588,0.000297
0,590,6E-06
15,590,5E-06
25,590,6E-06
35,590,4.4E-05
45,590,6.5E-05
55,590,6.4E-05
65,590,0.000612
70,590,0.000467
75,590,0.00026
0,592,5E-06
15,592,4E-06
25,592,6E-06
35,592,6.3E-05
45,592,5.4E-05
55,592,7E-05
65,592,0.000646
70,592,0.000387
75,592,0.000235
0,594,4E-06
15,594,4E-06
25,594,7E-06
35,594,9.1E-05
45,594,4.7E-05
55,594,7.8E-05
65,594,0.000636
70,594,0.000327
75,594,0.000218
0,596,4E-06
15,596,4E-06
25,596,7E-06
35,596,0.000129
45,596,4.2E-05
55,596,8.8E-05
65,596,0.00059
70,596,0.000284
75,596,0.000207
0,598,4E-06
15,598,4E-06
25,598,8E-06
35,598,0.000166
45,598,3.9E-05
55,598,0.000102
65,598,0.000522
70,598,0.000253
75,598,0.000201
0,600,3E-06
15,600,4E-06
25,600,9E-06
35,600,0.000187
45,600,3.8E-05
55,600,0.000122
65,600,0.000446
70,600,0.000231
75,600,0.000199
0,602,3E-06
15,602,4E-06
25,602,1.1E-05
35,602,0.000185
45,602,3.8E-05
55,602,0.000149
65,602,0.000378
70,602,0.000216
75,602,0.000202
0,604,3E-06
15,604,4E-06
25,604,1.4E-05
35,604,0.000162
45,604,3.8E-05
55,604,0.000186
65,604,0.000322
70,604,0.000207
75,604,0.000208
0,606,3E-06
15,606,4E-06
25,606,1.7E-05
35,606,0.000127
45,606,3.8E-05
55,606,0.000233
65,606,0.000279
70,606,0.000202
75,606,0.000218
0,608,3E-06
15,608,5E-06
25,608,2.3E-05
35,608,9.3E-05
45,608,3.8E-05
55,608,0.00029
65,608,0.000247
70,608,0.000201
75,608,0.000233
0,610,3E-06
15,610,6E-06
25,610,3.2E-05
35,610,6.7E-05
45,610,3.9E-05
55,610,0.00035
65,610,0.000223
70,610,0.000204
75,610,0.000253
0,612,3E-06
15,612,6E-06
25,612,4.8E-05
35,612,5.2E-05
45,612,4.1E-05
55,612,0.000402
65,612,0.000207
70,612,0.000211
75,612,0.00028
0,614,4E-06
15,614,7E-06
25,614,7.3E-05
35,614,4.4E-05
45,614,4.5E-05
55,614,0.000437
65,614,0.000195
70,614,0.000222
75,614,0.000316
0,616,4E-06
15,616,9E-06
25,616,0.000106
35,616,4E-05
45,616,5.1E-05
55,616,0.000448
65,616,0.000189
70,616,0.000237
75,616,0.000361
0,618,4E-06
15,618,1.1E-05
25,618,0.000134
35,618,3.6E-05
45,618,5.9E-05
55,618,0.000433
65,618,0.000185
70,618,0.000257
75,618,0.000421
0,620,5E-06
15,620,1.5E-05
25,620,0.000144
35,620,3.1E-05
45,620,6.9E-05
55,620,0.000399
65,620,0.000186
70,620,0.000283
75,620,0.000503
0,622,6E-06
15,622,2.1E-05
25,622,0.000132
35,622,2.7E-05
45,622,8.4E-05
55,622,0.000353
65,622,0.000189
70,622,0.000318
75,622,0.000608
0,624,7E-06
15,624,3E-05
25,624,0.000107
35,624,2.4E-05
45,624,0.000103
55,624,0.000304
65,624,0.000196
70,624,0.000365
75,624,0.000742
0,626,9E-06
15,626,4.7E-05
25,626,8.2E-05
35,626,2.2E-05
45,626,0.00013
55,626,0.000261
65,626,0.000206
70,626,0.000423
75,626,0.00092
0,628,1.1E-05
15,628,7.4E-05
25,628,6.4E-05
35,628,2.1E-05
45,628,0.000165
55,628,0.000225
65,628,0.000221
70,628,0.000493
75,628,0.001161
0,630,1.5E-05
15,630,0.000109
25,630,5E-05
35,630,2.1E-05
45,630,0.000209
55,630,0.000198
65,630,0.000243
70,630,0.000583
75,630,0.001485
0,632,2.1E-05
15,632,0.000134
25,632,3.8E-05
35,632,2.1E-05
45,632,0.000256
55,632,0.000177
65,632,0.000268
70,632,0.000703
75,632,0.001912
0,634,3.2E-05
15,634,0.000134
25,634,2.9E-05
35,634,2.2E-05
45,634,0.0003
55,634,0.000162
65,634,0.000298
70,634,0.000864
75,634,0.002445
0,636,5.1E-05
15,636,0.000111
25,636,2.4E-05
35,636,2.4E-05
45,636,0.000331
55,636,0.000151
65,636,0.000332
70,636,0.001076
75,636,0.003065
0,638,8.4E-05
15,638,8.1E-05
25,638,2E-05
35,638,2.6E-05
45,638,0.000344
55,638,0.000145
65,638,0.000377
70,638,0.001355
75,638,0.003715
0,640,0.000125
15,640,5.6E-05
25,640,1.8E-05
35,640,2.8E-05
45,640,0.000337
55,640,0.000142
65,640,0.000437
70,640,0.001717
75,640,0.004315
0,642,0.000143
15,642,3.9E-05
25,642,1.6E-05
35,642,3.2E-05
45,642,0.000312
55,642,0.000142
65,642,0.000516
70,642,0.002174
75,642,0.00478
0,644,0.00012
15,644,2.9E-05
25,644,1.6E-05
35,644,3.7E-05
45,644,0.000277
55,644,0.000145
65,644,0.000619
70,644,0.002722
75,644,0.005057
0,646,8.3E-05
15,646,2.3E-05
25,646,1.5E-05
35,646,4.3E-05
45,646,0.000239
55,646,0.00015
65,646,0.000753
70,646,0.003331
75,646,0.005141
0,648,5.5E-05
15,648,1.9E-05
25,648,1.5E-05
35,648,5.2E-05
45,648,0.000204
55,648,0.000154
65,648,0.00093
70,648,0.003949
75,648,0.005071
0,650,3.8E-05
15,650,1.7E-05
25,650,1.5E-05
35,650,6.5E-05
45,650,0.000175
55,650,0.000158
65,650,0.001162
70,650,0.004509
75,650,0.004902
0,652,2.8E-05
15,652,1.5E-05
25,652,1.5E-05
35,652,8.2E-05
45,652,0.000154
55,652,0.000164
65,652,0.001467
70,652,0.004948
75,652,0.004697
0,654,2.2E-05
15,654,1.4E-05
25,654,1.6E-05
35,654,0.000106
45,654,0.000138
55,654,0.000173
65,654,0.001857
70,654,0.005227
75,654,0.004501
0,656,1.8E-05
15,656,1.3E-05
25,656,1.7E-05
35,656,0.000137
45,656,0.000129
55,656,0.000187
65,656,0.00234
70,656,0.00534
75,656,0.004347
0,658,1.6E-05
15,658,1.2E-05
25,658,1.9E-05
35,658,0.000175
45,658,0.000123
55,658,0.000205
65,658,0.002907
70,658,0.005312
75,658,0.004245
0,660,1.4E-05
15,660,1.2E-05
25,660,2.1E-05
35,660,0.000215
45,660,0.000119
55,660,0.000229
65,660,0.003529
70,660,0.005189
75,660,0.004202
0,662,1.3E-05
15,662,1.2E-05
25,662,2.3E-05
35,662,0.000248
45,662,0.000115
55,662,0.00026
65,662,0.004154
70,662,0.005025
75,662,0.004217
0,664,1.2E-05
15,664,1.2E-05
25,664,2.7E-05
35,664,0.000268
45,664,0.00011
55,664,0.000298
65,664,0.004716
70,664,0.004863
75,664,0.004289
0,666,1.1E-05
15,666,1.3E-05
25,666,3.2E-05
35,666,0.00027
45,666,0.000106
55,666,0.000348
65,666,0.005157
70,666,0.00473
75,666,0.004415
0,668,1.1E-05
15,668,1.4E-05
25,668,3.8E-05
35,668,0.000255
45,668,0.000103
55,668,0.000412
65,668,0.005442
70,668,0.004645
75,668,0.004595
0,670,1.1E-05
15,670,1.5E-05
25,670,4.7E-05
35,670,0.000228
45,670,0.000103
55,670,0.000495
65,670,0.005564
70,670,0.004614
75,670,0.004825
0,672,1.1E-05
15,672,1.6E-05
25,672,5.9E-05
35,672,0.000199
45,672,0.000105
55,672,0.000604
65,672,0.005541
70,672,0.004639
75,672,0.0051
0,674,1.1E-05
15,674,1.8E-05
25,674,7.7E-05
35,674,0.000172
45,674,0.000109
55,674,0.000749
65,674,0.005416
70,674,0.00472
75,674,0.00541
0,676,1.2E-05
15,676,2E-05
25,676,0.000101
35,676,0.000151
45,676,0.000115
55,676,0.000942
65,676,0.005243
70,676,0.004856
75,676,0.005745
0,678,1.2E-05
15,678,2.3E-05
25,678,0.000133
35,678,0.000135
45,678,0.000123
55,678,0.001199
65,678,0.005068
70,678,0.005042
75,678,0.006088
0,680,1.3E-05
15,680,2.8E-05
25,680,0.000171
35,680,0.00012
45,680,0.000133
55,680,0.001539
65,680,0.004921
70,680,0.005277
75,680,0.006419
0,682,1.5E-05
15,682,3.3E-05
25,682,0.000208
35,682,0.000106
45,682,0.000146
55,682,0.001979
65,682,0.004821
70,682,0.005554
75,682,0.006719
0,684,1.7E-05
15,684,4.1E-05
25,684,0.000236
35,684,9.4E-05
45,684,0.000163
55,684,0.002525
65,684,0.004778
70,684,0.005864
75,684,0.006965
0,686,1.9E-05
15,686,5.2E-05
25,686,0.000246
35,686,8.4E-05
45,686,0.000184
55,686,0.003156
65,686,0.004793
70,686,0.006195
75,686,0.007143
0,688,2.2E-05
15,688,6.8E-05
25,688,0.000238
35,688,7.8E-05
45,688,0.00021
55,688,0.003826
65,688,0.004865
70,688,0.006532
75,688,0.007244
0,690,2.6E-05
15,690,9E-05
25,690,0.000217
35,690,7.3E-05
45,690,0.000243
55,690,0.004463
65,690,0.004992
70,690,0.006854
75,690,0.007268
0,692,3.1E-05
15,692,0.000121
25,692,0.000189
35,692,7.1E-05
45,692,0.000285
55,692,0.005007
65,692,0.005171
70,692,0.007146
75,692,0.007223
0,694,3.9E-05
15,694,0.00016
25,694,0.00016
35,694,6.9E-05
45,694,0.00034
55,694,0.005405
65,694,0.005402
70,694,0.007391
75,694,0.007119
0,696,4.9E-05
15,696,0.000202
25,696,0.000134
35,696,6.9E-05
45,696,0.000412
55,696,0.00562
65,696,0.005677
70,696,0.007569
75,696,0.006976
0,698,6.4E-05
15,698,0.000234
25,698,0.000112
35,698,6.9E-05
45,698,0.000508
55,698,0.005655
65,698,0.005988
70,698,0.007673
75,698,0.006812
0,700,8.5E-05
15,700,0.000246
25,700,9.5E-05
35,700,7.1E-05
45,700,0.000636
55,700,0.005539
65,700,0.006325
70,700,0.007703
75,700,0.00665
0,702,0.000116
15,702,0.000233
25,702,8.2E-05
35,702,7.4E-05
45,702,0.000809
55,702,0.005324
65,702,0.006671
70,702,0.007667
75,702,0.006524
0,704,0.000156
15,704,0.000203
25,704,7.3E-05
35,704,7.7E-05
45,704,0.001046
55,704,0.005073
65,704,0.007011
70,704,0.007579
75,704,0.006502
0,706,0.000202
15,706,0.000167
25,706,6.6E-05
35,706,8.2E-05
45,706,0.001366
55,706,0.004837
65,706,0.007324
70,706,0.007474
75,706,0.006506
0,708,0.000238
15,708,0.000136
25,708,6.1E-05
35,708,8.8E-05
45,708,0.001791
55,708,0.004646
65,708,0.007593
70,708,0.007408
75,708,0.006375
0,710,0.000247
15,710,0.000111
25,710,5.7E-05
35,710,9.6E-05
45,710,0.002336
55,710,0.004516
65,710,0.007806
70,710,0.007359
75,710,0.006151
0,712,0.000225
15,712,9.2E-05
25,712,5.5E-05
35,712,0.000106
45,712,0.002987
55,712,0.004452
65,712,0.007962
70,712,0.007208
75,712,0.005978
0,714,0.000188
15,714,7.9E-05
25,714,5.3E-05
35,714,0.000118
45,714,0.003693
55,714,0.004452
65,714,0.008087
70,714,0.006932
75,714,0.005893
0,716,0.000152
15,716,6.9E-05
25,716,5.3E-05
35,716,0.000133
45,716,0.004372
55,716,0.004516
65,716,0.008182
70,716,0.006638
75,716,0.005864
0,718,0.000122
15,718,6.2E-05
25,718,5.3E-05
35,718,0.000152
45,718,0.004939
55,718,0.004642
65,718,0.008167
70,718,0.006408
75,718,0.005869
0,720,0.0001
15,720,5.6E-05
25,720,5.4E-05
35,720,0.000176
45,720,0.005338
55,720,0.004828
65,720,0.007993
70,720,0.006243
75,720,0.005905
0,722,8.3E-05
15,722,5.2E-05
25,722,5.5E-05
35,722,0.000206
45,722,0.005535
55,722,0.005073
65,722,0.007693
70,722,0.006126
75,722,0.005968
0,724,7.1E-05
15,724,4.9E-05
25,724,5.7E-05
35,724,0.000245
45,724,0.005528
55,724,0.005378
65,724,0.007354
70,724,0.006044
75,724,0.006053
0,726,6.3E-05
15,726,4.7E-05
25,726,6E-05
35,726,0.000295
45,726,0.005351
55,726,0.005741
65,726,0.007041
70,726,0.005992
75,726,0.006156
0,728,5.6E-05
15,728,4.6E-05
25,728,6.4E-05
35,728,0.000362
45,728,0.005069
55,728,0.006171
65,728,0.006766
70,728,0.005972
75,728,0.006277
0,730,5.1E-05
15,730,4.6E-05
25,730,6.8E-05
35,730,0.000451
45,730,0.004754
55,730,0.006664
65,730,0.006524
70,730,0.005977
75,730,0.006409
0,732,4.8E-05
15,732,4.5E-05
25,732,7.4E-05
35,732,0.000573
45,732,0.004464
55,732,0.007164
65,732,0.006313
70,732,0.006007
75,732,0.006551
0,734,4.5E-05
15,734,4.6E-05
25,734,8.1E-05
35,734,0.000741
45,734,0.004233
55,734,0.007583
65,734,0.006133
70,734,0.006063
75,734,0.006697
0,736,4.3E-05
15,736,4.7E-05
25,736,9E-05
35,736,0.000974
45,736,0.004075
55,736,0.007879
65,736,0.005985
70,736,0.006141
75,736,0.006845
0,738,4.2E-05
15,738,4.8E-05
25,738,0.000101
35,738,0.0013
45,738,0.003996
55,738,0.008044
65,738,0.005868
70,738,0.006238
75,738,0.006993
0,740,4.2E-05
15,740,5.1E-05
25,740,0.000114
35,740,0.001745
45,740,0.003995
55,740,0.008098
65,740,0.005783
70,740,0.006351
75,740,0.007138
0,742,4.2E-05
15,742,5.4E-05
25,742,0.000131
35,742,0.002332
45,742,0.004079
55,742,0.008071
65,742,0.005729
70,742,0.006484
75,742,0.007279
0,744,4.2E-05
15,744,5.7E-05
25,744,0.000152
35,744,0.003042
45,744,0.004259
55,744,0.007972
65,744,0.005704
70,744,0.006629
75,744,0.007412
0,746,4.3E-05
15,746,6.1E-05
25,746,0.000178
35,746,0.003804
45,746,0.004528
55,746,0.007799
65,746,0.00571
70,746,0.006788
75,746,0.007539
0,748,4.4E-05
15,748,6.7E-05
25,748,0.000212
35,748,0.004511
45,748,0.004848
55,748,0.007563
65,748,0.005744
70,748,0.006962
75,748,0.007664
0,750,4.6E-05
15,750,7.4E-05
25,750,0.000257
35,750,0.005056
45,750,0.005173
55,750,0.007284
65,750,0.005804
70,750,0.007151
75,750,0.007787
0,752,4.8E-05
15,752,8.2E-05
25,752,0.000315
35,752,0.005375
45,752,0.005487
55,752,0.006975
65,752,0.005894
70,752,0.007351
75,752,0.007891
0,754,5.1E-05
15,754,9.2E-05
25,754,0.000393
35,754,0.005442
45,754,0.005794
55,754,0.006659
65,754,0.006013
70,754,0.007564
75,754,0.007954
0,756,5.5E-05
15,756,0.000104
25,756,0.000499
35,756,0.005287
45,756,0.006114
55,756,0.006354
65,756,0.006164
70,756,0.007773
75,756,0.007966
0,758,5.9E-05
15,758,0.000119
25,758,0.000646
35,758,0.004985
45,758,0.006465
55,758,0.006069
65,758,0.006345
70,758,0.007953
75,758,0.00793
0,760,6.5E-05
15,760,0.000138
25,760,0.000852
35,760,0.004635
45,760,0.006827
55,760,0.005815
65,760,0.006558
70,760,0.008083
75,760,0.007872
0,762,7.2E-05
15,762,0.000163
25,762,0.001145
35,762,0.004325
45,762,0.007177
55,762,0.005595
65,762,0.006793
70,762,0.008156
75,762,0.007812
0,764,8E-05
15,764,0.000193
25,764,0.001559
35,764,0.004109
45,764,0.007473
55,764,0.005413
65,764,0.007033
70,764,0.008194
75,764,0.007762
0,766,9E-05
15,766,0.000233
25,766,0.002126
35,766,0.00399
45,766,0.007684
55,766,0.005272
65,766,0.007251
70,766,0.008214
75,766,0.007717
0,768,0.000102
15,768,0.000285
25,768,0.002854
35,768,0.003933
45,768,0.007794
55,768,0.005174
65,768,0.007432
70,768,0.008232
75,768,0.007681
0,770,0.000118
15,770,0.000355
25,770,0.003694
35,770,0.003891
45,770,0.007792
55,770,0.005113
65,770,0.007577
70,770,0.008247
75,770,0.007653
0,772,0.000137
15,772,0.000448
25,772,0.004518
35,772,0.003851
45,772,0.007681
55,772,0.005098
65,772,0.007701
70,772,0.008257
75,772,0.007633
0,774,0.000161
15,774,0.000578
25,774,0.005171
35,774,0.003823
45,774,0.007477
55,774,0.005124
65,774,0.00782
70,774,0.008268
75,774,0.007622
0,776,0.000192
15,776,0.000759
25,776,0.005537
35,776,0.003836
45,776,0.007201
55,776,0.005191
65,776,0.007939
70,776,0.008277
75,776,0.007618
0,778,0.000232
15,778,0.001018
25,778,0.005596
35,778,0.003914
45,778,0.006882
55,778,0.005286
65,778,0.008061
70,778,0.008284
75,778,0.007621
0,780,0.000285
15,780,0.001388
25,780,0.005414
35,780,0.004064
45,780,0.006544
55,780,0.005394
65,780,0.008179
70,780,0.008284
75,780,0.007633
0,782,0.000354
15,782,0.001918
25,782,0.005089
35,782,0.004287
45,782,0.00621
55,782,0.0055
65,782,0.008294
70,782,0.008287
75,782,0.007651
0,784,0.000449
15,784,0.002646
25,784,0.004716
35,784,0.004575
45,784,0.005899
55,784,0.005591
65,784,0.008396
70,784,0.008288
75,784,0.007676
0,786,0.000579
15,786,0.003562
25,786,0.004338
35,786,0.00493
45,786,0.005626
55,786,0.005674
65,786,0.008487
70,786,0.00829
75,786,0.007704
0,788,0.00076
15,788,0.004555
25,788,0.003986
35,788,0.005335
45,788,0.005399
55,788,0.005756
65,788,0.00856
70,788,0.008294
75,788,0.007737
0,790,0.00102
15,790,0.005411
25,790,0.003687
35,790,0.005782
45,790,0.005219
55,790,0.00585
65,790,0.008619
70,790,0.008295
75,790,0.007776
0,792,0.001398
15,792,0.005909
25,792,0.003456
35,792,0.006249
45,792,0.005084
55,792,0.005973
65,792,0.008662
70,792,0.008304
75,792,0.007815
0,794,0.001944
15,794,0.00595
25,794,0.003302
35,794,0.0067
45,794,0.004989
55,794,0.006121
65,794,0.008695
70,794,0.008315
75,794,0.007859
0,796,0.002715
15,796,0.00561
25,796,0.003223
35,796,0.007101
45,796,0.004916
55,796,0.006294
65,796,0.008716
70,796,0.008328
75,796,0.007897
0,798,0.003739
15,798,0.00507
25,798,0.003208
35,798,0.007422
45,798,0.004853
55,798,0.006492
65,798,0.008728
70,798,0.008347
75,798,0.007943
0,800,0.004887
15,800,0.004501
25,800,0.003254
35,800,0.007627
45,800,0.004788
55,800,0.006708
65,800,0.008733
70,800,0.008368
75,800,0.007984
0,802,0.005838
15,802,0.004
25,802,0.003359
35,802,0.007708
45,802,0.004724
55,802,0.006939
65,802,0.008727
70,802,0.008394
75,802,0.008025
0,804,0.006226
15,804,0.003607
25,804,0.003518
35,804,0.007658
45,804,0.004661
55,804,0.007176
65,804,0.00872
70,804,0.008417
75,804,0.008057
0,806,0.006004
15,806,0.003319
25,806,0.003736
35,806,0.007495
45,806,0.004614
55,806,0.007414
65,806,0.00871
70,806,0.008452
75,806,0.008096
0,808,0.005417
15,808,0.003119
25,808,0.004015
35,808,0.00724
45,808,0.004587
55,808,0.007653
65,808,0.0087
70,808,0.008484
75,808,0.008129
0,810,0.004753
15,810,0.002994
25,810,0.004355
35,810,0.006933
45,810,0.004591
55,810,0.00788
65,810,0.008694
70,810,0.008526
75,810,0.008158
0,812,0.004163
15,812,0.002931
25,812,0.004739
35,812,0.006621
45,812,0.004618
55,812,0.008074
65,812,0.008694
70,812,0.008563
75,812,0.008192
0,814,0.003694
15,814,0.002924
25,814,0.005191
35,814,0.006288
45,814,0.004684
55,814,0.008269
65,814,0.008694
70,814,0.008607
75,814,0.008223
0,816,0.003347
15,816,0.002966
25,816,0.005694
35,816,0.005959
45,816,0.004781
55,816,0.008444
65,816,0.0087
70,816,0.008656
75,816,0.008247
0,818,0.003097
15,818,0.003058
25,818,0.006216
35,818,0.005644
45,818,0.004907
55,818,0.008596
65,818,0.008712
70,818,0.008702
75,818,0.008269
0,820,0.002925
15,820,0.003201
25,820,0.00673
35,820,0.005345
45,820,0.005062
55,820,0.008717
65,820,0.008736
70,820,0.008752
75,820,0.008284
0,822,0.002821
15,822,0.003397
25,822,0.007191
35,822,0.005059
45,822,0.005244
55,822,0.008814
65,822,0.008763
70,822,0.0088
75,822,0.008294
0,824,0.002774
15,824,0.003651
25,824,0.007547
35,824,0.004789
45,824,0.005455
55,824,0.008881
65,824,0.008799
70,824,0.008848
75,824,0.00829
0,826,0.002776
15,826,0.003967
25,826,0.007768
35,826,0.004547
45,826,0.005686
55,826,0.008924
65,826,0.008844
70,826,0.008896
75,826,0.008275
0,828,0.002826
15,828,0.004349
25,828,0.00784
35,828,0.004334
45,828,0.00594
55,828,0.008946
65,828,0.008895
70,828,0.008929
75,828,0.008244
0,830,0.00292
15,830,0.004796
25,830,0.007753
35,830,0.004155
45,830,0.00621
55,830,0.008948
65,830,0.008952
70,830,0.008952
75,830,0.008209
0,832,0.003062
15,832,0.00531
25,832,0.007529
35,832,0.004011
45,832,0.006493
55,832,0.008936
65,832,0.009015
70,832,0.008958
75,832,0.008161
0,834,0.003254
15,834,0.005864
25,834,0.007202
35,834,0.003899
45,834,0.006784
55,834,0.008915
65,834,0.009081
70,834,0.008952
75,834,0.008116
0,836,0.003503
15,836,0.006434
25,836,0.0068
35,836,0.003822
45,836,0.007081
55,836,0.008884
65,836,0.009144
70,836,0.008937
75,836,0.008066
0,838,0.003813
15,838,0.006984
25,838,0.006359
35,838,0.003775
45,838,0.00737
55,838,0.008855
65,838,0.009192
70,838,0.008909
75,838,0.008026
0,840,0.004182
15,840,0.007456
25,840,0.005915
35,840,0.003759
45,840,0.007653
55,840,0.008822
65,840,0.009238
70,840,0.008878
75,840,0.007987
0,842,0.00463
15,842,0.007792
25,842,0.005484
35,842,0.003769
45,842,0.00792
55,842,0.008803
65,842,0.009271
70,842,0.008841
75,842,0.007958
0,844,0.005143
15,844,0.007956
25,844,0.005085
35,844,0.003805
45,844,0.00816
55,844,0.008777
65,844,0.009294
70,844,0.008806
75,844,0.007938
0,846,0.005712
15,846,0.007913
25,846,0.004731
35,846,0.003865
45,846,0.008381
55,846,0.008773
65,846,0.009301
70,846,0.008776
75,846,0.007922
0,848,0.006309
15,848,0.007684
25,848,0.004424
35,848,0.003952
45,848,0.008565
55,848,0.008774
65,848,0.009299
70,848,0.008744
75,848,0.007918
0,850,0.006897
15,850,0.007321
25,850,0.004157
35,850,0.004066
45,850,0.008713
55,850,0.008783
65,850,0.009296
70,850,0.008718
75,850,0.007924
0,852,0.007425
15,852,0.006857
25,852,0.003939
35,852,0.004202
45,852,0.008831
55,852,0.008793
65,852,0.009293
70,852,0.008705
75,852,0.007923
0,854,0.007807
15,854,0.006361
25,854,0.003762
35,854,0.00436
45,854,0.008918
55,854,0.008817
65,854,0.009283
70,854,0.008678
75,854,0.007936
0,856,0.007987
15,856,0.005871
25,856,0.003622
35,856,0.004542
45,856,0.008954
55,856,0.008846
65,856,0.009264
70,856,0.008661
75,856,0.007953
0,858,0.007942
15,858,0.005405
25,858,0.003513
35,858,0.00475
45,858,0.008975
55,858,0.008861
65,858,0.009263
70,858,0.008662
75,858,0.007981
0,860,0.007713
15,860,0.004982
25,860,0.003438
35,860,0.004983
45,860,0.008972
55,860,0.0089
65,860,0.009264
70,860,0.008653
75,860,0.008015
0,862,0.007314
15,862,0.004602
25,862,0.003374
35,862,0.005242
45,862,0.008963
55,862,0.008923
65,862,0.009248
70,862,0.008656
75,862,0.008034
0,864,0.006839
15,864,0.004278
25,864,0.003346
35,864,0.005519
45,864,0.008927
55,864,0.008938
65,864,0.009222
70,864,0.008653
75,864,0.008089
0,866,0.006315
15,866,0.004017
25,866,0.003337
35,866,0.00582
45,866,0.00887
55,866,0.008984
65,866,0.009215
70,866,0.008654
75,866,0.008125
0,868,0.0058
15,868,0.0038
25,868,0.003353
35,868,0.006126
45,868,0.008828
55,868,0.00899
65,868,0.009186
70,868,0.008663
75,868,0.008161
0,870,0.005321
15,870,0.00361
25,870,0.003406
35,870,0.00646
45,870,0.008784
55,870,0.009044
65,870,0.009204
70,870,0.008672
75,870,0.008199
0,872,0.004889
15,872,0.00346
25,872,0.003461
35,872,0.006774
45,872,0.008723
55,872,0.009067
65,872,0.009166
70,872,0.008681
75,872,0.008264
0,874,0.00452
15,874,0.003336
25,874,0.003539
35,874,0.007111
45,874,0.008673
55,874,0.009106
65,874,0.009164
70,874,0.00872
75,874,0.008341
0,876,0.004203
15,876,0.003239
25,876,0.003625
35,876,0.00742
45,876,0.008619
55,876,0.009155
65,876,0.009139
70,876,0.008735
75,876,0.008359
0,878,0.003927
15,878,0.003167
25,878,0.00376
35,878,0.007709
45,878,0.008557
55,878,0.009205
65,878,0.009124
70,878,0.008742
75,878,0.008395
0,880,0.003703
15,880,0.003143
25,880,0.003891
35,880,0.008003
45,880,0.00853
55,880,0.009203
65,880,0.009096
70,880,0.008778
75,880,0.008464
0,882,0.003512
15,882,0.003112
25,882,0.0041
35,882,0.008274
45,882,0.008488
55,882,0.009265
65,882,0.009096
70,882,0.008823
75,882,0.008522
0,884,0.003355
15,884,0.003107
25,884,0.004264
35,884,0.00846
45,884,0.00846
55,884,0.009325
65,884,0.009059
70,884,0.008858
75,884,0.00854
0,886,0.003235
15,886,0.003145
25,886,0.004491
35,886,0.008657
45,886,0.008424
55,886,0.009314
65,886,0.009075
70,886,0.00887
75,886,0.00858
0,888,0.003148
15,888,0.003183
25,888,0.004738
35,888,0.008782
45,888,0.008427
55,888,0.009369
65,888,0.009061
70,888,0.008889
75,888,0.008571
0,890,0.003074
15,890,0.003239
25,890,0.005002
35,890,0.00884
45,890,0.008431
55,890,0.009425
65,890,0.009063
70,890,0.008901
75,890,0.008637
0,892,0.003041
15,892,0.003297
25,892,0.005282
35,892,0.00892
45,892,0.008448
55,892,0.009435
65,892,0.009019
70,892,0.008942
75,892,0.008649
0,894,0.002997
15,894,0.00342
25,894,0.005568
35,894,0.008924
45,894,0.008471
55,894,0.009431
65,894,0.009025
70,894,0.008952
75,894,0.008678
0,896,0.002989
15,896,0.003535
25,896,0.005932
35,896,0.008966
45,896,0.008477
55,896,0.009385
65,896,0.009054
70,896,0.00894
75,896,0.008681
0,898,0.003013
15,898,0.003665
25,898,0.006244
35,898,0.008895
45,898,0.008543
55,898,0.00942
65,898,0.008991
70,898,0.008991
75,898,0.008673
0,900,0.003044
15,900,0.003836
25,900,0.006606
35,900,0.008803
45,900,0.008549
55,900,0.009405
65,900,0.009075
70,900,0.009022
75,900,0.008602
