0,250,0
15,250,0
25,250,0
35,250,0
45,250,0
55,250,0
65,250,0
70,250,0
75,250,0
0,252,0
15,252,0
25,252,0
35,252,0
45,252,0
55,252,0
65,252,0
70,252,0
75,252,0
0,254,0
15,254,0
25,254,0
35,254,0
45,254,0
55,254,0
65,254,0
70,254,0
75,254,0
0,256,0
15,256,0
25,256,0
35,256,0
45,256,0
55,256,0
65,256,0
70,256,0
75,256,0
0,258,0
15,258,0
25,258,0
35,258,0
45,258,0
55,258,0
65,258,0
70,258,0
75,258,0
0,260,0
15,260,0
25,260,0
35,260,0
45,260,0
55,260,0
65,260,0
70,260,0
75,260,0
0,262,0
15,262,0
25,262,0
35,262,0
45,262,0
55,262,0
65,262,0
70,262,0
75,262,0
0,264,0
15,264,0
25,264,0
35,264,0
45,264,0
55,264,0
65,264,0
70,264,0
75,264,0
0,266,0
15,266,0
25,266,0
35,266,0
45,266,0
55,266,0
65,266,0
70,266,0
75,266,0
0,268,0
15,268,0
25,268,0
35,268,0
45,268,0
55,268,0
65,268,0
70,268,0
75,268,0
0,270,0
15,270,0
25,270,0
35,270,0
45,270,0
55,270,0
65,270,0
70,270,0
75,270,0
0,272,0
15,272,0
25,272,0
35,272,0
45,272,0
55,272,0
65,272,0
70,272,0
75,272,0
0,274,0
15,274,0
25,274,0
35,274,0
45,274,0
55,274,0
65,274,0
70,274,0
75,274,0
0,276,0
15,276,0
25,276,0
35,276,0
45,276,0
55,276,0
65,276,0
70,276,0
75,276,0
0,278,0
15,278,0
25,278,0
35,278,0
45,278,0
55,278,0
65,278,0
70,278,0
75,278,0
0,280,0
15,280,0
25,280,0
35,280,0
45,280,0
55,280,0
65,280,0
70,280,0
75,280,0
0,282,0
15,282,0
25,282,0
35,282,0
45,282,0
55,282,0
65,282,0
70,282,0
75,282,0
0,284,0
15,284,0
25,284,0
35,284,0
45,284,0
55,284,0
65,284,0
70,284,0
75,284,0
0,286,0
15,286,0
25,286,0
35,286,0
45,286,0
55,286,0
65,286,0
70,286,0
75,286,0
0,288,0
15,288,0
25,288,0
35,288,0
45,288,0
55,288,0
65,288,0
70,288,0
75,288,0
0,290,0
15,290,0
25,290,0
35,290,0
45,290,0
55,290,0
65,290,0
70,290,0
75,290,0.000645
0,292,0
15,292,0
25,292,0
35,292,0
45,292,0
55,292,0
65,292,0
70,292,0
75,292,0.000597
0,294,0
15,294,0
25,294,0
35,294,0
45,294,0
55,294,0
65,294,0
70,294,0
75,294,0.001111
0,296,0
15,296,0
25,296,0
35,296,0
45,296,0
55,296,0
65,296,0.001311
70,296,0.001
75,296,0
0,298,0
15,298,0
25,298,0
35,298,0
45,298,0
55,298,0
65,298,0.000417
70,298,0
75,298,0.000274
0,300,0
15,300,0
25,300,0
35,300,0
45,300,0
55,300,0
65,300,0
70,300,0
75,300,0
0,302,0
15,302,0
25,302,0
35,302,0
45,302,0
55,302,0
65,302,0
70,302,0
75,302,0
0,304,0
15,304,0
25,304,0
35,304,0
45,304,0
55,304,0
65,304,0
70,304,0
75,304,0
0,306,0
15,306,0
25,306,0
35,306,0
45,306,0
55,306,0
65,306,0
70,306,0
75,306,0
0,308,0
15,308,0
25,308,0
35,308,0
45,308,0
55,308,0
65,308,0
70,308,0
75,308,0
0,310,0
15,310,0
25,310,0
35,310,0
45,310,0
55,310,0
65,310,0.000769
70,310,0
75,310,0.000319
0,312,0
15,312,0
25,312,0
35,312,0
45,312,0
55,312,0
65,312,0.001163
70,312,0
75,312,0.000625
0,314,0
15,314,0
25,314,0
35,314,0
45,314,0
55,314,0
65,314,0.00066
70,314,0.00069
75,314,0.001587
0,316,0
15,316,0
25,316,0
35,316,0
45,316,0
55,316,0
65,316,0.002586
70,316,0.001393
75,316,0.001583
0,318,0
15,318,0
25,318,0
35,318,0
45,318,8.3E-05
55,318,0.002148
65,318,0.004506
70,318,0.004142
75,318,0.003934
0,320,0.005344
15,320,0.005133
25,320,0.00561
35,320,0.005405
45,320,0.005174
55,320,0.006291
65,320,0.006852
70,320,0.006492
75,320,0.006718
0,322,0.005885
15,322,0.005079
25,322,0.005565
35,322,0.005336
45,322,0.005346
55,322,0.006691
65,322,0.006623
70,322,0.006306
75,322,0.006499
0,324,0.004434
15,324,0.004326
25,324,0.004321
35,324,0.004608
45,324,0.004545
55,324,0.006152
65,324,0.005799
70,324,0.006037
75,324,0.005723
0,326,0.001397
15,326,0.001692
25,326,0.001625
35,326,0.001886
45,326,0.00217
55,326,0.006379
65,326,0.003186
70,326,0.004171
75,326,0.003035
0,328,0.000241
15,328,0.000748
25,328,0.000266
35,328,0.000947
45,328,0.001585
55,328,0.005502
65,328,0.002297
70,328,0.002366
75,328,0.001799
0,330,8.1E-05
15,330,0.000482
25,330,8.7E-05
35,330,0.001147
45,330,0.001745
55,330,0.005129
65,330,0.002449
70,330,0.001752
75,330,0.001669
0,332,0.000156
15,332,0.000103
25,332,0.000138
35,332,0.001029
45,332,0.001935
55,332,0.005335
65,332,0.002949
70,332,0.001799
75,332,0.002027
0,334,0.000509
15,334,8.8E-05
25,334,0.000466
35,334,0.000446
45,334,0.002048
55,334,0.005861
65,334,0.003687
70,334,0.002315
75,334,0.002824
0,336,0.000133
15,336,0.000108
25,336,0.001389
35,336,0.000327
45,336,0.001724
55,336,0.006336
65,336,0.004504
70,336,0.003239
75,336,0.003968
0,338,4.3E-05
15,338,4.1E-05
25,338,0.001579
35,338,0.00028
45,338,0.000802
55,338,0.006424
65,338,0.005032
70,338,0.004444
75,338,0.005126
0,340,7.3E-05
15,340,1.6E-05
25,340,0.00036
35,340,0.000157
45,340,0.000342
55,340,0.006241
65,340,0.005036
70,340,0.005583
75,340,0.005892
0,342,5.2E-05
15,342,1.3E-05
25,342,9.8E-05
35,342,9.5E-05
45,342,0.000218
55,342,0.006182
65,342,0.004742
70,342,0.006282
75,342,0.006129
0,344,1.5E-05
15,344,2.8E-05
25,344,0.000189
35,344,0.000113
45,344,0.00018
55,344,0.006398
65,344,0.004561
70,344,0.006445
75,344,0.005983
0,346,9E-06
15,346,0.000164
25,346,0.000414
35,346,0.000179
45,346,0.000172
55,346,0.006817
65,346,0.004749
70,346,0.00628
75,346,0.005744
0,348,1.1E-05
15,348,0.000936
25,348,0.000336
35,348,0.000277
45,348,0.000185
55,348,0.007257
65,348,0.005271
70,348,0.006061
75,348,0.005634
0,350,2.5E-05
15,350,0.001604
25,350,6.1E-05
35,350,0.000406
45,350,0.000256
55,350,0.007609
65,350,0.005975
70,350,0.005989
75,350,0.005757
0,352,0.000268
15,352,0.000391
25,352,4E-05
35,352,0.00057
45,352,0.00037
55,352,0.007807
65,352,0.006661
70,352,0.006112
75,352,0.006087
0,354,0.001275
15,354,6.2E-05
25,354,5.3E-05
35,354,0.000664
45,354,0.000508
55,354,0.007886
65,354,0.007185
70,354,0.006421
75,354,0.006494
0,356,0.000627
15,356,6.9E-05
25,356,5.7E-05
35,356,0.000212
45,356,0.0007
55,356,0.007877
65,356,0.007476
70,356,0.006803
75,356,0.006761
0,358,8.6E-05
15,358,0.00032
25,358,2.7E-05
35,358,2.7E-05
45,358,0.000722
55,358,0.007788
65,358,0.007589
70,358,0.007078
75,358,0.006709
0,360,2.6E-05
15,360,0.000279
25,360,1.1E-05
35,360,7E-06
45,360,0.000456
55,360,0.00759
65,360,0.007579
70,360,0.00705
75,360,0.006343
0,362,7.4E-05
15,362,2E-05
25,362,1E-05
35,362,1E-06
45,362,0.000303
55,362,0.007296
65,362,0.00752
70,362,0.006714
75,362,0.005846
0,364,0.000316
15,364,0
25,364,1.8E-05
35,364,0
45,364,0.000316
55,364,0.006959
65,364,0.007459
70,364,0.006216
75,364,0.005455
0,366,2.9E-05
15,366,0
25,366,3.1E-05
35,366,0
45,366,0.000402
55,366,0.00667
65,366,0.007457
70,366,0.00579
75,366,0.005339
0,368,0
15,368,6E-06
25,368,4.2E-05
35,368,0
45,368,0.000522
55,368,0.006494
65,368,0.007535
70,368,0.005616
75,368,0.005519
0,370,0
15,370,1E-05
25,370,9.3E-05
35,370,0
45,370,0.000631
55,370,0.006475
65,370,0.007663
70,370,0.005726
75,370,0.005916
0,372,0
15,372,0
25,372,0.000212
35,372,0
45,372,0.000648
55,372,0.006605
65,372,0.007793
70,372,0.006066
75,372,0.006427
0,374,0
15,374,0
25,374,0.0001
35,374,0
45,374,0.000556
55,374,0.006835
65,374,0.007898
70,374,0.006539
75,374,0.006921
0,376,0
15,376,0
25,376,0
35,376,0
45,376,0.000467
55,376,0.007114
65,376,0.007924
70,376,0.00705
75,376,0.007341
0,378,4E-06
15,378,5E-06
25,378,2E-06
35,378,1.7E-05
45,378,0.00048
55,378,0.007382
65,378,0.007879
70,378,0.007479
75,378,0.00764
0,380,6E-06
15,380,1.7E-05
25,380,6E-06
35,380,5E-05
45,380,0.00055
55,380,0.007598
65,380,0.007678
70,380,0.007733
75,380,0.007728
0,382,6E-06
15,382,1.7E-05
25,382,6E-06
35,382,8.9E-05
45,382,0.000673
55,382,0.007684
65,382,0.007509
70,382,0.007838
75,382,0.007705
0,384,8E-06
15,384,2E-05
25,384,6E-06
35,384,0.000136
45,384,0.000879
55,384,0.007702
65,384,0.007366
70,384,0.007834
75,384,0.00755
0,386,1.2E-05
15,386,0.000105
25,386,6E-06
35,386,0.000174
45,386,0.001192
55,386,0.007709
65,386,0.007283
70,386,0.007731
75,386,0.007291
0,388,1E-05
15,388,7.6E-05
25,388,6E-06
35,388,0.000132
45,388,0.001615
55,388,0.007737
65,388,0.007286
70,388,0.007541
75,388,0.006965
0,390,1.3E-05
15,390,6E-06
25,390,6E-06
35,390,9.9E-05
45,390,0.002144
55,390,0.007777
65,390,0.007376
70,390,0.00727
75,390,0.006612
0,392,0.000105
15,392,6E-06
25,392,6E-06
35,392,0.000107
45,392,0.002704
55,392,0.007823
65,392,0.007515
70,392,0.006951
75,392,0.006304
0,394,2.6E-05
15,394,6E-06
25,394,6E-06
35,394,0.000135
45,394,0.003149
55,394,0.007872
65,394,0.00769
70,394,0.006649
75,394,0.006114
0,396,4E-06
15,396,5E-06
25,396,6E-06
35,396,0.000166
45,396,0.003392
55,396,0.007908
65,396,0.007853
70,396,0.006425
75,396,0.006062
0,398,4E-06
15,398,5E-06
25,398,5E-06
35,398,0.000185
45,398,0.003481
55,398,0.007916
65,398,0.00798
70,398,0.006333
75,398,0.006193
0,400,4E-06
15,400,5E-06
25,400,6E-06
35,400,0.00018
45,400,0.003354
55,400,0.007923
65,400,0.008059
70,400,0.006433
75,400,0.006483
0,402,3E-06
15,402,5E-06
25,402,5E-06
35,402,0.000156
45,402,0.002817
55,402,0.007932
65,402,0.008087
70,402,0.0067
75,402,0.006918
0,404,3E-06
15,404,4E-06
25,404,6E-06
35,404,0.000128
45,404,0.001963
55,404,0.007938
65,404,0.00809
70,404,0.007178
75,404,0.0074
0,406,4E-06
15,406,4E-06
25,406,7E-06
35,406,0.000107
45,406,0.001242
55,406,0.007946
65,406,0.008075
70,406,0.007678
75,406,0.007697
0,408,3E-06
15,408,5E-06
25,408,9E-06
35,408,9.5E-05
45,408,0.00086
55,408,0.007955
65,408,0.008028
70,408,0.007875
75,408,0.007852
0,410,3E-06
15,410,4E-06
25,410,1.7E-05
35,410,9.6E-05
45,410,0.000711
55,410,0.007959
65,410,0.008025
70,410,0.008101
75,410,0.008271
0,412,3E-06
15,412,4E-06
25,412,3.2E-05
35,412,0.000109
45,412,0.0007
55,412,0.007972
65,412,0.008104
70,412,0.008573
75,412,0.008759
0,414,3E-06
15,414,4E-06
25,414,5.1E-05
35,414,0.000144
45,414,0.000805
55,414,0.00797
65,414,0.008295
70,414,0.00903
75,414,0.008999
0,416,3E-06
15,416,4E-06
25,416,6.1E-05
35,416,0.000205
45,416,0.001043
55,416,0.00798
65,416,0.008642
70,416,0.009154
75,416,0.00887
0,418,3E-06
15,418,4E-06
25,418,5.4E-05
35,418,0.000288
45,418,0.001428
55,418,0.007994
65,418,0.008783
70,418,0.00893
75,418,0.008597
0,420,3E-06
15,420,4E-06
25,420,5.4E-05
35,420,0.000376
45,420,0.001974
55,420,0.008007
65,420,0.008644
70,420,0.008653
75,420,0.008383
0,422,3E-06
15,422,4E-06
25,422,6.1E-05
35,422,0.000433
45,422,0.002699
55,422,0.008016
65,422,0.008755
70,422,0.008468
75,422,0.008247
0,424,3E-06
15,424,4E-06
25,424,6.7E-05
35,424,0.00042
45,424,0.00363
55,424,0.008015
65,424,0.009102
70,424,0.008363
75,424,0.008165
0,426,3E-06
15,426,4E-06
25,426,7.3E-05
35,426,0.00038
45,426,0.004705
55,426,0.008041
65,426,0.009442
70,426,0.008318
75,426,0.008132
0,428,3E-06
15,428,4E-06
25,428,7.8E-05
35,428,0.000395
45,428,0.00568
55,428,0.008071
65,428,0.009582
70,428,0.008318
75,428,0.00816
0,430,3E-06
15,430,3E-06
25,430,7.6E-05
35,430,0.000467
45,430,0.006275
55,430,0.008117
65,430,0.009474
70,430,0.008371
75,430,0.008279
0,432,2E-06
15,432,5E-06
25,432,6.4E-05
35,432,0.000563
45,432,0.006504
55,432,0.00819
65,432,0.00923
70,432,0.008502
75,432,0.00852
0,434,3E-06
15,434,9E-06
25,434,4.6E-05
35,434,0.000666
45,434,0.006641
55,434,0.008314
65,434,0.008991
70,434,0.008732
75,434,0.008882
0,436,3E-06
15,436,1.7E-05
25,436,3.3E-05
35,436,0.000735
45,436,0.006872
55,436,0.008476
65,436,0.008822
70,436,0.009063
75,436,0.009224
0,438,3E-06
15,438,2.7E-05
25,438,2.6E-05
35,438,0.00064
45,438,0.007201
55,438,0.008543
65,438,0.008735
70,438,0.009369
75,438,0.009389
0,440,2E-06
15,440,3.3E-05
25,440,2.3E-05
35,440,0.000413
45,440,0.007521
55,440,0.008638
65,440,0.008727
70,440,0.009479
75,440,0.009357
0,442,4E-06
15,442,3.6E-05
25,442,2.5E-05
35,442,0.000249
45,442,0.007737
55,442,0.00891
65,442,0.008779
70,442,0.009402
75,442,0.009266
0,444,1.2E-05
15,444,4.1E-05
25,444,3.9E-05
35,444,0.000183
45,444,0.007828
55,444,0.009321
65,444,0.008906
70,444,0.009303
75,444,0.009208
0,446,2.3E-05
15,446,4.4E-05
25,446,6.5E-05
35,446,0.000166
45,446,0.007905
55,446,0.009638
65,446,0.009143
70,446,0.009306
75,446,0.009219
0,448,3.1E-05
15,448,4.6E-05
25,448,9.8E-05
35,448,0.000175
45,448,0.00801
55,448,0.009646
65,448,0.009458
70,448,0.009369
75,448,0.009249
0,450,3.7E-05
15,450,5.5E-05
25,450,0.000128
35,450,0.000212
45,450,0.008135
55,450,0.009615
65,450,0.00974
70,450,0.009416
75,450,0.009268
0,452,3.9E-05
15,452,6.4E-05
25,452,0.000127
35,452,0.000295
45,452,0.008311
55,452,0.009675
65,452,0.009933
70,452,0.009451
75,452,0.009297
0,454,3.7E-05
15,454,6.1E-05
25,454,8.8E-05
35,454,0.000469
45,454,0.008495
55,454,0.009788
65,454,0.009983
70,454,0.009481
75,454,0.009346
0,456,3.6E-05
15,456,4.3E-05
25,456,5.9E-05
35,456,0.000817
45,456,0.008679
55,456,0.00987
65,456,0.00993
70,456,0.009531
75,456,0.009428
0,458,4E-05
15,458,2.9E-05
25,458,4.6E-05
35,458,0.001433
45,458,0.008825
55,458,0.009932
65,458,0.009866
70,458,0.009595
75,458,0.009526
0,460,4.8E-05
15,460,2.1E-05
25,460,4.1E-05
35,460,0.002347
45,460,0.008967
55,460,0.009962
65,460,0.009831
70,460,0.009673
75,460,0.009612
0,462,4.6E-05
15,462,1.3E-05
25,462,4.2E-05
35,462,0.003558
45,462,0.009094
55,462,0.009962
65,462,0.009822
70,462,0.009747
75,462,0.009683
0,464,2.5E-05
15,464,7E-06
25,464,5.4E-05
35,464,0.005044
45,464,0.009215
55,464,0.009928
65,464,0.009828
70,464,0.009807
75,464,0.009742
0,466,9E-06
15,466,5E-06
25,466,8.7E-05
35,466,0.006487
45,466,0.009371
55,466,0.009864
65,466,0.009824
70,466,0.009854
75,466,0.00977
0,468,1E-06
15,468,7E-06
25,468,0.000147
35,468,0.007273
45,468,0.00946
55,468,0.009787
65,468,0.009796
70,468,0.009891
75,468,0.009774
0,470,0
15,470,2.1E-05
25,470,0.000218
35,470,0.007358
45,470,0.009428
55,470,0.009699
65,470,0.009758
70,470,0.009907
75,470,0.009741
0,472,0
15,472,4.7E-05
25,472,0.000274
35,472,0.007328
45,472,0.009459
55,472,0.009619
65,472,0.009712
70,472,0.009886
75,472,0.009695
0,474,0
15,474,5.7E-05
25,474,0.000251
35,474,0.00747
45,474,0.009575
55,474,0.009554
65,474,0.009671
70,474,0.009838
75,474,0.009649
0,476,0
15,476,2.9E-05
25,476,0.000148
35,476,0.007719
45,476,0.009681
55,476,0.009505
65,476,0.009642
70,476,0.009782
75,476,0.009622
0,478,7E-06
15,478,5E-06
25,478,8.2E-05
35,478,0.007932
45,478,0.009678
55,478,0.009488
65,478,0.009633
70,478,0.009731
75,478,0.009618
0,480,2.8E-05
15,480,0
25,480,5.7E-05
35,480,0.007944
45,480,0.009573
55,480,0.009484
65,480,0.009646
70,480,0.009701
75,480,0.009621
0,482,5.5E-05
15,482,2E-06
25,482,5.7E-05
35,482,0.007756
45,482,0.009476
55,482,0.009509
65,482,0.009696
70,482,0.009682
75,482,0.009611
0,484,3.8E-05
15,484,7E-06
25,484,7.1E-05
35,484,0.007608
45,484,0.00945
55,484,0.009598
65,484,0.009793
70,484,0.009672
75,484,0.009582
0,486,1.8E-05
15,486,1.1E-05
25,486,9.1E-05
35,486,0.007734
45,486,0.009485
55,486,0.009715
65,486,0.009909
70,486,0.009657
75,486,0.009534
0,488,1.4E-05
15,488,1.5E-05
25,488,0.000115
35,488,0.008116
45,488,0.009532
55,488,0.009816
65,488,0.009988
70,488,0.009634
75,488,0.009487
0,490,1.4E-05
15,490,2E-05
25,490,0.000159
35,490,0.00867
45,490,0.009585
55,490,0.009869
65,490,0.010023
70,490,0.009608
75,490,0.009458
0,492,1.6E-05
15,492,3E-05
25,492,0.000265
35,492,0.009085
45,492,0.009634
55,492,0.009866
65,492,0.010021
70,492,0.0096
75,492,0.00946
0,494,1.9E-05
15,494,4.9E-05
25,494,0.000508
35,494,0.009124
45,494,0.009681
55,494,0.009845
65,494,0.010015
70,494,0.009624
75,494,0.009494
0,496,2.1E-05
15,496,9.2E-05
25,496,0.001059
35,496,0.009223
45,496,0.009727
55,496,0.009822
65,496,0.010027
70,496,0.009673
75,496,0.009546
0,498,2.4E-05
15,498,0.000169
25,498,0.002123
35,498,0.009378
45,498,0.009766
55,498,0.009814
65,498,0.010041
70,498,0.009723
75,498,0.009586
0,500,2.5E-05
15,500,0.000223
25,500,0.00377
35,500,0.009494
45,500,0.009788
55,500,0.00982
65,500,0.010054
70,500,0.009757
75,500,0.009618
0,502,2.6E-05
15,502,0.000183
25,502,0.005794
35,502,0.009556
45,502,0.009805
55,502,0.009848
65,502,0.010065
70,502,0.009775
75,502,0.00964
0,504,3.1E-05
15,504,0.00011
25,504,0.007483
35,504,0.009582
45,504,0.00982
55,504,0.009883
65,504,0.010071
70,504,0.009784
75,504,0.00965
0,506,5.2E-05
15,506,7E-05
25,506,0.007997
35,506,0.009617
45,506,0.009828
55,506,0.009902
65,506,0.01007
70,506,0.009786
75,506,0.009657
0,508,0.000117
15,508,5E-05
25,508,0.007826
35,508,0.009666
45,508,0.009833
55,508,0.009916
65,508,0.010071
70,508,0.009785
75,508,0.00966
0,510,0.000198
15,510,4.1E-05
25,510,0.007885
35,510,0.009695
45,510,0.009827
55,510,0.009935
65,510,0.010064
70,510,0.009787
75,510,0.009663
0,512,0.000166
15,512,4E-05
25,512,0.008319
35,512,0.009704
45,512,0.009813
55,512,0.009937
65,512,0.010051
70,512,0.009789
75,512,0.009674
0,514,8.3E-05
15,514,4.6E-05
25,514,0.008915
35,514,0.009695
45,514,0.009796
55,514,0.009941
65,514,0.010045
70,514,0.009777
75,514,0.009676
0,516,4.8E-05
15,516,6.2E-05
25,516,0.009373
35,516,0.009647
45,516,0.009788
55,516,0.009937
65,516,0.010047
70,516,0.009769
75,516,0.009674
0,518,3.5E-05
15,518,9.3E-05
25,518,0.00947
35,518,0.009596
45,518,0.00978
55,518,0.009932
65,518,0.010051
70,518,0.009767
75,518,0.00967
0,520,3.2E-05
15,520,0.000153
25,520,0.009327
35,520,0.009557
45,520,0.009772
55,520,0.00993
65,520,0.010055
70,520,0.009761
75,520,0.00966
0,522,3.3E-05
15,522,0.00028
25,522,0.009202
35,522,0.009541
45,522,0.009779
55,522,0.009933
65,522,0.010058
70,522,0.009748
75,522,0.009642
0,524,4.1E-05
15,524,0.000574
25,524,0.009206
35,524,0.009554
45,524,0.00979
55,524,0.009942
65,524,0.010057
70,524,0.009742
75,524,0.009619
0,526,5.4E-05
15,526,0.00129
25,526,0.009315
35,526,0.00958
45,526,0.0098
55,526,0.009954
65,526,0.010051
70,526,0.009727
75,526,0.009591
0,528,7.9E-05
15,528,0.002848
25,528,0.009459
35,528,0.009615
45,528,0.009809
55,528,0.009968
65,528,0.010044
70,528,0.0097
75,528,0.009556
0,530,0.000124
15,530,0.005332
25,530,0.009551
35,530,0.00964
45,530,0.009826
55,530,0.009979
65,530,0.010023
70,530,0.009671
75,530,0.009515
0,532,0.000213
15,532,0.007687
25,532,0.009573
35,532,0.009652
45,532,0.009836
55,532,0.009982
65,532,0.009988
70,532,0.009628
75,532,0.009472
0,534,0.000407
15,534,0.008581
25,534,0.009556
35,534,0.009638
45,534,0.009828
55,534,0.009973
65,534,0.009955
70,534,0.009583
75,534,0.009435
0,536,0.00088
15,536,0.008351
25,536,0.009511
35,536,0.00962
45,536,0.009813
55,536,0.009954
65,536,0.009915
70,536,0.009541
75,536,0.009398
0,538,0.002076
15,538,0.008095
25,538,0.009464
35,538,0.009608
45,538,0.009785
55,538,0.009937
65,538,0.009882
70,538,0.009504
75,538,0.009366
0,540,0.004624
15,540,0.008244
25,540,0.009437
35,540,0.009612
45,540,0.009757
55,540,0.009922
65,540,0.009853
70,540,0.009464
75,540,0.009339
0,542,0.007802
15,542,0.008712
25,542,0.009457
35,542,0.00963
45,542,0.009748
55,542,0.00991
65,542,0.009836
70,542,0.009435
75,542,0.009319
0,544,0.009126
15,544,0.009204
25,544,0.009501
35,544,0.009658
45,544,0.009743
55,544,0.009902
65,544,0.009828
70,544,0.009422
75,544,0.009303
0,546,0.008463
15,546,0.009488
25,546,0.00955
35,546,0.009693
45,546,0.009738
55,546,0.009896
65,546,0.009823
70,546,0.009417
75,546,0.009285
0,548,0.007916
15,548,0.00951
25,548,0.00958
35,548,0.009726
45,548,0.009748
55,548,0.009897
65,548,0.009832
70,548,0.009415
75,548,0.009256
0,550,0.008016
15,550,0.00937
25,550,0.009606
35,550,0.009739
45,550,0.00975
55,550,0.009901
65,550,0.00984
70,550,0.009413
75,550,0.009213
0,552,0.008535
15,552,0.009243
25,552,0.009608
35,552,0.009731
45,552,0.009763
55,552,0.009903
65,552,0.009843
70,552,0.009397
75,552,0.009158
0,554,0.00912
15,554,0.009204
25,554,0.009599
35,554,0.009722
45,554,0.009785
55,554,0.00991
65,554,0.009838
70,554,0.009367
75,554,0.009082
0,556,0.009477
15,556,0.009266
25,556,0.009583
35,556,0.009709
45,556,0.009794
55,556,0.009914
65,556,0.009827
70,556,0.009317
75,556,0.008991
0,558,0.009515
15,558,0.009399
25,558,0.009574
35,558,0.009693
45,558,0.0098
55,558,0.009909
65,558,0.00982
70,558,0.00925
75,558,0.008891
0,560,0.009359
15,560,0.009528
25,560,0.009571
35,560,0.009687
45,560,0.009804
55,560,0.009887
65,560,0.009806
70,560,0.00917
75,560,0.008791
0,562,0.009196
15,562,0.009578
25,562,0.009558
35,562,0.009692
45,562,0.009808
55,562,0.009877
65,562,0.009785
70,562,0.009077
75,562,0.0087
0,564,0.009144
15,564,0.009543
25,564,0.009553
35,564,0.009695
45,564,0.00981
55,564,0.00987
65,564,0.009773
70,564,0.008979
75,564,0.008625
0,566,0.00919
15,566,0.009452
25,566,0.009575
35,566,0.009691
45,566,0.009809
55,566,0.00986
65,566,0.009764
70,566,0.008893
75,566,0.008576
0,568,0.009315
15,568,0.00936
25,568,0.009595
35,568,0.009688
45,568,0.009805
55,568,0.00986
65,568,0.009757
70,568,0.008826
75,568,0.008553
0,570,0.009446
15,570,0.009301
25,570,0.009615
35,570,0.009695
45,570,0.009815
55,570,0.009861
65,570,0.009758
70,570,0.008779
75,570,0.008559
0,572,0.009518
15,572,0.009291
25,572,0.009635
35,572,0.009695
45,572,0.009831
55,572,0.009858
65,572,0.009764
70,572,0.008755
75,572,0.00859
0,574,0.009493
15,574,0.009333
25,574,0.009652
35,574,0.009686
45,574,0.009839
55,574,0.00987
65,574,0.009775
70,574,0.008761
75,574,0.008654
0,576,0.0094
15,576,0.009419
25,576,0.00966
35,576,0.009681
45,576,0.009844
55,576,0.009882
65,576,0.009782
70,576,0.00879
75,576,0.008738
0,578,0.009295
15,578,0.009516
25,578,0.00965
35,578,0.009676
45,578,0.009847
55,578,0.009887
65,578,0.009793
70,578,0.008838
75,578,0.008837
0,580,0.009209
15,580,0.009596
25,580,0.00963
35,580,0.009684
45,580,0.009843
55,580,0.009883
65,580,0.009794
70,580,0.008905
75,580,0.008941
0,582,0.009179
15,582,0.009633
25,582,0.009623
35,582,0.009698
45,582,0.009835
55,582,0.009875
65,582,0.009783
70,582,0.008986
75,582,0.009044
0,584,0.009216
15,584,0.009619
25,584,0.009636
35,584,0.009708
45,584,0.009831
55,584,0.009867
65,584,0.009765
70,584,0.009073
75,584,0.009137
0,586,0.009296
15,586,0.009589
25,586,0.009652
35,586,0.009715
45,586,0.009819
55,586,0.009843
65,586,0.009742
70,586,0.00916
75,586,0.00922
0,588,0.009398
15,588,0.009551
25,588,0.009664
35,588,0.009722
45,588,0.009806
55,588,0.009825
65,588,0.00972
70,588,0.009241
75,588,0.009293
0,590,0.009485
15,590,0.009516
25,590,0.009686
35,590,0.00973
45,590,0.0098
55,590,0.009807
65,590,0.009698
70,590,0.009317
75,590,0.009353
0,592,0.009538
15,592,0.009505
25,592,0.009698
35,592,0.00975
45,592,0.009802
55,592,0.009792
65,592,0.009676
70,592,0.009382
75,592,0.009403
0,594,0.009551
15,594,0.009518
25,594,0.00971
35,594,0.009768
45,594,0.009812
55,594,0.00979
65,594,0.009655
70,594,0.009433
75,594,0.009446
0,596,0.009534
15,596,0.009546
25,596,0.009719
35,596,0.00977
45,596,0.009812
55,596,0.00979
65,596,0.009636
70,596,0.009478
75,596,0.009485
0,598,0.009498
15,598,0.009581
25,598,0.009723
35,598,0.009765
45,598,0.009807
55,598,0.009789
65,598,0.009623
70,598,0.009522
75,598,0.009518
0,600,0.00946
15,600,0.009627
25,600,0.009716
35,600,0.009767
45,600,0.009806
55,600,0.0098
65,600,0.00962
70,600,0.009565
75,600,0.009548
0,602,0.009447
15,602,0.00965
25,602,0.009701
35,602,0.009773
45,602,0.009814
55,602,0.00981
65,602,0.009622
70,602,0.009596
75,602,0.009576
0,604,0.009464
15,604,0.00964
25,604,0.009682
35,604,0.009774
45,604,0.00983
55,604,0.009818
65,604,0.009626
70,604,0.009618
75,604,0.009599
0,606,0.009498
15,606,0.009624
25,606,0.009676
35,606,0.009764
45,606,0.009841
55,606,0.009827
65,606,0.009633
70,606,0.009644
75,606,0.009616
0,608,0.009542
15,608,0.009596
25,608,0.009679
35,608,0.009769
45,608,0.009841
55,608,0.009836
65,608,0.009643
70,608,0.009663
75,608,0.009627
0,610,0.009589
15,610,0.009546
25,610,0.009677
35,610,0.009763
45,610,0.009833
55,610,0.009852
65,610,0.009659
70,610,0.009675
75,610,0.009627
0,612,0.00962
15,612,0.009511
25,612,0.009676
35,612,0.009751
45,612,0.009828
55,612,0.009855
65,612,0.009672
70,612,0.00968
75,612,0.009615
0,614,0.009616
15,614,0.009506
25,614,0.009689
35,614,0.009762
45,614,0.009822
55,614,0.009843
65,614,0.00968
70,614,0.009675
75,614,0.009593
0,616,0.009584
15,616,0.009522
25,616,0.009707
35,616,0.009766
45,616,0.009805
55,616,0.009838
65,616,0.009685
70,616,0.009663
75,616,0.009563
0,618,0.009554
15,618,0.009561
25,618,0.009714
35,618,0.009755
45,618,0.009794
55,618,0.009837
65,618,0.00969
70,618,0.009638
75,618,0.009519
0,620,0.00951
15,620,0.009606
25,620,0.009724
35,620,0.009762
45,620,0.009796
55,620,0.009834
65,620,0.009692
70,620,0.009605
75,620,0.009467
0,622,0.009451
15,622,0.009643
25,622,0.00974
35,622,0.009765
45,622,0.009797
55,622,0.009822
65,622,0.009693
70,622,0.009566
75,622,0.009408
0,624,0.009415
15,624,0.009673
25,624,0.009746
35,624,0.009771
45,624,0.009797
55,624,0.009814
65,624,0.009695
70,624,0.009515
75,624,0.009341
0,626,0.009416
15,626,0.009705
25,626,0.009745
35,626,0.009781
45,626,0.009801
55,626,0.009813
65,626,0.009699
70,626,0.009457
75,626,0.009276
0,628,0.00944
15,628,0.009722
25,628,0.00974
35,628,0.00978
45,628,0.009806
55,628,0.009817
65,628,0.009704
70,628,0.009401
75,628,0.009212
0,630,0.009472
15,630,0.009717
25,630,0.009728
35,630,0.009771
45,630,0.009803
55,630,0.009824
65,630,0.009711
70,630,0.009346
75,630,0.009148
0,632,0.009509
15,632,0.009697
25,632,0.009717
35,632,0.009766
45,632,0.0098
55,632,0.009825
65,632,0.009723
70,632,0.009294
75,632,0.009085
0,634,0.009551
15,634,0.009673
25,634,0.009718
35,634,0.009776
45,634,0.009804
55,634,0.009828
65,634,0.009733
70,634,0.009245
75,634,0.009022
0,636,0.009593
15,636,0.009649
25,636,0.009726
35,636,0.009782
45,636,0.009808
55,636,0.009833
65,636,0.009744
70,636,0.009195
75,636,0.008962
0,638,0.009619
15,638,0.009633
25,638,0.009729
35,638,0.009777
45,638,0.009809
55,638,0.009837
65,638,0.009759
70,638,0.00915
75,638,0.00891
0,640,0.009629
15,640,0.009626
25,640,0.009723
35,640,0.009781
45,640,0.009813
55,640,0.009844
65,640,0.009772
70,640,0.009105
75,640,0.008864
0,642,0.009633
15,642,0.009628
25,642,0.009732
35,642,0.009783
45,642,0.009816
55,642,0.009848
65,642,0.009775
70,642,0.009065
75,642,0.008824
0,644,0.009636
15,644,0.009643
25,644,0.009753
35,644,0.009778
45,644,0.009807
55,644,0.009849
65,644,0.009775
70,644,0.009033
75,644,0.008792
0,646,0.009622
15,646,0.009659
25,646,0.009771
35,646,0.009775
45,646,0.00981
55,646,0.009855
65,646,0.009768
70,646,0.009007
75,646,0.008776
0,648,0.009595
15,648,0.009681
25,648,0.009779
35,648,0.009781
45,648,0.009817
55,648,0.009854
65,648,0.009752
70,648,0.008987
75,648,0.008769
0,650,0.009573
15,650,0.009712
25,650,0.009776
35,650,0.009775
45,650,0.009816
55,650,0.009845
65,650,0.009735
70,650,0.008974
75,650,0.008773
0,652,0.009563
15,652,0.009733
25,652,0.009767
35,652,0.00976
45,652,0.009815
55,652,0.009844
65,652,0.009715
70,652,0.008971
75,652,0.008789
0,654,0.009557
15,654,0.009742
25,654,0.009756
35,654,0.00976
45,654,0.009811
55,654,0.009839
65,654,0.009694
70,654,0.008976
75,654,0.008814
0,656,0.009566
15,656,0.009741
25,656,0.009761
35,656,0.009759
45,656,0.009801
55,656,0.009826
65,656,0.009668
70,656,0.008987
75,656,0.008847
0,658,0.009602
15,658,0.009731
25,658,0.009765
35,658,0.009754
45,658,0.009796
55,658,0.009823
65,658,0.009641
70,658,0.009009
75,658,0.008888
0,660,0.009631
15,660,0.009717
25,660,0.009756
35,660,0.009756
45,660,0.009797
55,660,0.009832
65,660,0.00962
70,660,0.009038
75,660,0.008936
0,662,0.009645
15,662,0.009688
25,662,0.009747
35,662,0.009759
45,662,0.009798
55,662,0.00984
65,662,0.009602
70,662,0.009071
75,662,0.008987
0,664,0.009662
15,664,0.009664
25,664,0.009753
35,664,0.009762
45,664,0.009803
55,664,0.009829
65,664,0.009586
70,664,0.009109
75,664,0.009037
0,666,0.009672
15,666,0.009652
25,666,0.009749
35,666,0.009763
45,666,0.009814
55,666,0.009821
65,666,0.009571
70,666,0.009147
75,666,0.009087
0,668,0.009659
15,668,0.009638
25,668,0.009737
35,668,0.009748
45,668,0.009815
55,668,0.009837
65,668,0.009561
70,668,0.009185
75,668,0.009138
0,670,0.009641
15,670,0.009624
25,670,0.009737
35,670,0.009736
45,670,0.009813
55,670,0.009843
65,670,0.009565
70,670,0.009222
75,670,0.009182
0,672,0.009634
15,672,0.009634
25,672,0.009742
35,672,0.009742
45,672,0.009813
55,672,0.009843
65,672,0.009566
70,672,0.009257
75,672,0.009225
0,674,0.0096
15,674,0.009652
25,674,0.009756
35,674,0.009751
45,674,0.009817
55,674,0.009848
65,674,0.009575
70,674,0.009296
75,674,0.00927
0,676,0.009568
15,676,0.009669
25,676,0.009773
35,676,0.009747
45,676,0.00982
55,676,0.009854
65,676,0.009595
70,676,0.009335
75,676,0.009304
0,678,0.009561
15,678,0.00969
25,678,0.009785
35,678,0.009751
45,678,0.009816
55,678,0.009858
65,678,0.009609
70,678,0.009365
75,678,0.009341
0,680,0.009548
15,680,0.009715
25,680,0.009796
35,680,0.009764
45,680,0.009808
55,680,0.009861
65,680,0.009626
70,680,0.009396
75,680,0.009386
0,682,0.009539
15,682,0.009725
25,682,0.009797
35,682,0.009754
45,682,0.009811
55,682,0.00987
65,682,0.009648
70,682,0.009427
75,682,0.009424
0,684,0.009553
15,684,0.009725
25,684,0.009786
35,684,0.009746
45,684,0.009818
55,684,0.009871
65,684,0.009669
70,684,0.009455
75,684,0.00946
0,686,0.009576
15,686,0.009727
25,686,0.009787
35,686,0.009763
45,686,0.009824
55,686,0.009863
65,686,0.009691
70,686,0.009479
75,686,0.009495
0,688,0.0096
15,688,0.00972
25,688,0.009785
35,688,0.009762
45,688,0.00982
55,688,0.009861
65,688,0.009718
70,688,0.009508
75,688,0.00953
0,690,0.009622
15,690,0.009709
25,690,0.009769
35,690,0.009744
45,690,0.009824
55,690,0.009839
65,690,0.009742
70,690,0.009536
75,690,0.009556
0,692,0.009636
15,692,0.009699
25,692,0.009757
35,692,0.009736
45,692,0.009837
55,692,0.009812
65,692,0.009761
70,692,0.009564
75,692,0.009577
0,694,0.00965
15,694,0.009689
25,694,0.00975
35,694,0.009748
45,694,0.009841
55,694,0.009802
65,694,0.00978
70,694,0.009597
75,694,0.009593
0,696,0.009656
15,696,0.009671
25,696,0.009741
35,696,0.009758
45,696,0.009844
55,696,0.009805
65,696,0.009792
70,696,0.009623
75,696,0.009599
0,698,0.009659
15,698,0.009658
25,698,0.009735
35,698,0.009762
45,698,0.009834
55,698,0.009813
65,698,0.009803
70,698,0.009641
75,698,0.009601
0,700,0.00966
15,700,0.009661
25,700,0.009729
35,700,0.00977
45,700,0.009812
55,700,0.009811
65,700,0.00982
70,700,0.009659
75,700,0.009594
0,702,0.009661
15,702,0.009664
25,702,0.009736
35,702,0.009772
45,702,0.009814
55,702,0.009799
65,702,0.009832
70,702,0.009665
75,702,0.009576
0,704,0.009645
15,704,0.009687
25,704,0.009756
35,704,0.009789
45,704,0.009829
55,704,0.009801
65,704,0.009837
70,704,0.009662
75,704,0.009554
0,706,0.00962
15,706,0.009705
25,706,0.009767
35,706,0.009793
45,706,0.009826
55,706,0.009803
65,706,0.009837
70,706,0.00965
75,706,0.009526
0,708,0.009606
15,708,0.009701
25,708,0.00977
35,708,0.009779
45,708,0.009832
55,708,0.009803
65,708,0.009832
70,708,0.009629
75,708,0.009492
0,710,0.009594
15,710,0.009705
25,710,0.009774
35,710,0.009782
45,710,0.009837
55,710,0.0098
65,710,0.009823
70,710,0.009604
75,710,0.009453
0,712,0.009583
15,712,0.009721
25,712,0.009785
35,712,0.009787
45,712,0.009835
55,712,0.009799
65,712,0.009812
70,712,0.009578
75,712,0.009413
0,714,0.009584
15,714,0.009738
25,714,0.00979
35,714,0.0098
45,714,0.009818
55,714,0.0098
65,714,0.009804
70,714,0.009547
75,714,0.009371
0,716,0.009608
15,716,0.00975
25,716,0.009795
35,716,0.009801
45,716,0.009813
55,716,0.009795
65,716,0.009806
70,716,0.00951
75,716,0.009331
0,718,0.009608
15,718,0.00975
25,718,0.009803
35,718,0.009803
45,718,0.009819
55,718,0.009794
65,718,0.009802
70,718,0.009472
75,718,0.009293
0,720,0.009616
15,720,0.009744
25,720,0.009791
35,720,0.009785
45,720,0.009819
55,720,0.009794
65,720,0.009795
70,720,0.009435
75,720,0.009256
0,722,0.009645
15,722,0.009733
25,722,0.009782
35,722,0.009772
45,722,0.009819
55,722,0.009795
65,722,0.009788
70,722,0.009397
75,722,0.009223
0,724,0.009661
15,724,0.009724
25,724,0.00979
35,724,0.009777
45,724,0.009817
55,724,0.009797
65,724,0.009783
70,724,0.009367
75,724,0.009198
0,726,0.009679
15,726,0.00972
25,726,0.009778
35,726,0.009771
45,726,0.009813
55,726,0.009791
65,726,0.00978
70,726,0.009336
75,726,0.009183
0,728,0.009692
15,728,0.009693
25,728,0.009762
35,728,0.009755
45,728,0.009826
55,728,0.009792
65,728,0.009782
70,728,0.009313
75,728,0.009171
0,730,0.009687
15,730,0.009677
25,730,0.009744
35,730,0.009762
45,730,0.009834
55,730,0.009784
65,730,0.009792
70,730,0.009296
75,730,0.009159
0,732,0.009683
15,732,0.009673
25,732,0.009752
35,732,0.009765
45,732,0.00984
55,732,0.009774
65,732,0.009802
70,732,0.009279
75,732,0.009153
0,734,0.009675
15,734,0.009674
25,734,0.009737
35,734,0.009772
45,734,0.009838
55,734,0.009782
65,734,0.009806
70,734,0.009265
75,734,0.009148
0,736,0.009664
15,736,0.009667
25,736,0.009726
35,736,0.009783
45,736,0.009828
55,736,0.009785
65,736,0.009807
70,736,0.009263
75,736,0.009147
0,738,0.009648
15,738,0.009665
25,738,0.009738
35,738,0.00979
45,738,0.009822
55,738,0.009791
65,738,0.009811
70,738,0.009259
75,738,0.009155
0,740,0.009649
15,740,0.009669
25,740,0.009751
35,740,0.009775
45,740,0.009827
55,740,0.009799
65,740,0.009812
70,740,0.009259
75,740,0.009168
0,742,0.00965
15,742,0.009669
25,742,0.009756
35,742,0.009752
45,742,0.009825
55,742,0.0098
65,742,0.009813
70,742,0.009262
75,742,0.009181
0,744,0.00964
15,744,0.009691
25,744,0.009745
35,744,0.00975
45,744,0.009833
55,744,0.009799
65,744,0.009811
70,744,0.009273
75,744,0.009195
0,746,0.009636
15,746,0.009716
25,746,0.009749
35,746,0.009767
45,746,0.009828
55,746,0.009796
65,746,0.009808
70,746,0.009289
75,746,0.009208
0,748,0.009626
15,748,0.009719
25,748,0.009781
35,748,0.009791
45,748,0.009824
55,748,0.009803
65,748,0.009796
70,748,0.00931
75,748,0.009216
0,750,0.009605
15,750,0.009707
25,750,0.009771
35,750,0.009786
45,750,0.009826
55,750,0.009816
65,750,0.00979
70,750,0.009322
75,750,0.009224
0,752,0.009587
15,752,0.009724
25,752,0.00977
35,752,0.009769
45,752,0.009825
55,752,0.009822
65,752,0.009791
70,752,0.009329
75,752,0.009234
0,754,0.009604
15,754,0.009738
25,754,0.009791
35,754,0.009775
45,754,0.009825
55,754,0.00983
65,754,0.009789
70,754,0.009341
75,754,0.009246
0,756,0.009612
15,756,0.009759
25,756,0.009802
35,756,0.009766
45,756,0.009827
55,756,0.009835
65,756,0.009777
70,756,0.009351
75,756,0.009259
0,758,0.009619
15,758,0.009759
25,758,0.009807
35,758,0.009768
45,758,0.009818
55,758,0.009833
65,758,0.009768
70,758,0.009365
75,758,0.009263
0,760,0.009639
15,760,0.009756
25,760,0.009806
35,760,0.009764
45,760,0.009806
55,760,0.009843
65,760,0.009757
70,760,0.009372
75,760,0.009264
0,762,0.009651
15,762,0.009741
25,762,0.009802
35,762,0.009779
45,762,0.009799
55,762,0.009849
65,762,0.009748
70,762,0.009378
75,762,0.009269
0,764,0.009657
15,764,0.009726
25,764,0.009798
35,764,0.009774
45,764,0.009785
55,764,0.009849
65,764,0.009742
70,764,0.009378
75,764,0.009263
0,766,0.00967
15,766,0.009707
25,766,0.009804
35,766,0.009771
45,766,0.009779
55,766,0.009864
65,766,0.009728
70,766,0.009385
75,766,0.009253
0,768,0.009663
15,768,0.009686
25,768,0.009817
35,768,0.009771
45,768,0.009782
55,768,0.009866
65,768,0.009709
70,768,0.009388
75,768,0.009244
0,770,0.009659
15,770,0.009682
25,770,0.009808
35,770,0.009777
45,770,0.009793
55,770,0.009866
65,770,0.009696
70,770,0.00938
75,770,0.009241
0,772,0.009667
15,772,0.009671
25,772,0.009791
35,772,0.00976
45,772,0.009777
55,772,0.009865
65,772,0.009695
70,772,0.009374
75,772,0.009233
0,774,0.009664
15,774,0.009669
25,774,0.009766
35,774,0.009752
45,774,0.009775
55,774,0.009862
65,774,0.009686
70,774,0.009363
75,774,0.009212
0,776,0.009661
15,776,0.009675
25,776,0.009758
35,776,0.009766
45,776,0.009777
55,776,0.009864
65,776,0.009677
70,776,0.009356
75,776,0.009189
0,778,0.009644
15,778,0.009668
25,778,0.009754
35,778,0.009775
45,778,0.009779
55,778,0.009876
65,778,0.009681
70,778,0.009349
75,778,0.00917
0,780,0.009617
15,780,0.009675
25,780,0.009765
35,780,0.009791
45,780,0.009803
55,780,0.009879
65,780,0.009682
70,780,0.00934
75,780,0.009154
0,782,0.009627
15,782,0.009678
25,782,0.009744
35,782,0.009782
45,782,0.009805
55,782,0.009887
65,782,0.00969
70,782,0.00933
75,782,0.009139
0,784,0.009637
15,784,0.009685
25,784,0.009738
35,784,0.009792
45,784,0.009794
55,784,0.0099
65,784,0.009701
70,784,0.009322
75,784,0.009129
0,786,0.009637
15,786,0.009693
25,786,0.009748
35,786,0.00978
45,786,0.009792
55,786,0.009893
65,786,0.009715
70,786,0.00931
75,786,0.009115
0,788,0.009623
15,788,0.009698
25,788,0.009757
35,788,0.009767
45,788,0.009791
55,788,0.009888
65,788,0.009716
70,788,0.00929
75,788,0.009106
0,790,0.009626
15,790,0.009716
25,790,0.009763
35,790,0.009788
45,790,0.00978
55,790,0.009877
65,790,0.009725
70,790,0.009272
75,790,0.009098
0,792,0.009625
15,792,0.009739
25,792,0.009745
35,792,0.009773
45,792,0.00977
55,792,0.00988
65,792,0.009738
70,792,0.009261
75,792,0.009093
0,794,0.009617
15,794,0.009752
25,794,0.009742
35,794,0.009795
45,794,0.00977
55,794,0.009875
65,794,0.009746
70,794,0.009252
75,794,0.009092
0,796,0.009614
15,796,0.00976
25,796,0.009762
35,796,0.009807
45,796,0.009772
55,796,0.009865
65,796,0.009757
70,796,0.009245
75,796,0.009101
0,798,0.009626
15,798,0.009776
25,798,0.009779
35,798,0.009782
45,798,0.009785
55,798,0.009862
65,798,0.009769
70,798,0.009237
75,798,0.009107
0,800,0.009649
15,800,0.009782
25,800,0.009769
35,800,0.009776
45,800,0.009792
55,800,0.009855
65,800,0.009781
70,800,0.009239
75,800,0.009109
0,802,0.009662
15,802,0.009758
25,802,0.009793
35,802,0.009774
45,802,0.009793
55,802,0.009845
65,802,0.009791
70,802,0.009236
75,802,0.009119
0,804,0.009676
15,804,0.009751
25,804,0.009801
35,804,0.009767
45,804,0.009787
55,804,0.009841
65,804,0.009803
70,804,0.00924
75,804,0.009139
0,806,0.009668
15,806,0.009766
25,806,0.009787
35,806,0.009777
45,806,0.009795
55,806,0.00985
65,806,0.009816
70,806,0.009254
75,806,0.009169
0,808,0.009668
15,808,0.009777
25,808,0.009782
35,808,0.009777
45,808,0.009799
55,808,0.009845
65,808,0.009822
70,808,0.009263
75,808,0.009192
0,810,0.009666
15,810,0.009738
25,810,0.009765
35,810,0.00977
45,810,0.009798
55,810,0.009839
65,810,0.009829
70,810,0.009273
75,810,0.00921
0,812,0.009681
15,812,0.009658
25,812,0.009798
35,812,0.009741
45,812,0.009787
55,812,0.009835
65,812,0.009822
70,812,0.009273
75,812,0.009211
0,814,0.009703
15,814,0.009658
25,814,0.009774
35,814,0.009746
45,814,0.009789
55,814,0.009824
65,814,0.009815
70,814,0.009287
75,814,0.009227
0,816,0.009692
15,816,0.009658
25,816,0.009765
35,816,0.009729
45,816,0.009785
55,816,0.009831
65,816,0.009819
70,816,0.009308
75,816,0.00925
0,818,0.009688
15,818,0.00967
25,818,0.009755
35,818,0.00971
45,818,0.009799
55,818,0.009829
65,818,0.009825
70,818,0.009329
75,818,0.009284
0,820,0.009682
15,820,0.009688
25,820,0.009752
35,820,0.009725
45,820,0.009797
55,820,0.009823
65,820,0.009822
70,820,0.009349
75,820,0.00931
0,822,0.009676
15,822,0.009684
25,822,0.009758
35,822,0.009731
45,822,0.009789
55,822,0.009821
65,822,0.009818
70,822,0.009371
75,822,0.009327
0,824,0.009645
15,824,0.00967
25,824,0.009763
35,824,0.009726
45,824,0.009782
55,824,0.009818
65,824,0.009817
70,824,0.009386
75,824,0.009342
0,826,0.009628
15,826,0.009675
25,826,0.009758
35,826,0.009731
45,826,0.009786
55,826,0.009825
65,826,0.009814
70,826,0.009404
75,826,0.009366
0,828,0.009622
15,828,0.009695
25,828,0.009744
35,828,0.009731
45,828,0.009795
55,828,0.009827
65,828,0.009815
70,828,0.009433
75,828,0.009378
0,830,0.009619
15,830,0.009694
25,830,0.009754
35,830,0.009724
45,830,0.009789
55,830,0.009821
65,830,0.009811
70,830,0.009453
75,830,0.009389
0,832,0.00962
15,832,0.009689
25,832,0.009752
35,832,0.009706
45,832,0.009814
55,832,0.009812
65,832,0.009802
70,832,0.009467
75,832,0.009402
0,834,0.009612
15,834,0.009719
25,834,0.009744
35,834,0.009709
45,834,0.00983
55,834,0.009803
65,834,0.009793
70,834,0.009475
75,834,0.009403
0,836,0.009619
15,836,0.009721
25,836,0.00976
35,836,0.00972
45,836,0.009838
55,836,0.009805
65,836,0.00979
70,836,0.009482
75,836,0.009397
0,838,0.009615
15,838,0.009721
25,838,0.009801
35,838,0.00971
45,838,0.009849
55,838,0.009819
65,838,0.009782
70,838,0.009495
75,838,0.009399
0,840,0.009619
15,840,0.009704
25,840,0.009796
35,840,0.009716
45,840,0.009819
55,840,0.009833
65,840,0.009783
70,840,0.009498
75,840,0.009396
0,842,0.009639
15,842,0.009687
25,842,0.009787
35,842,0.00975
45,842,0.009809
55,842,0.009825
65,842,0.009782
70,842,0.009504
75,842,0.009401
0,844,0.009632
15,844,0.009714
25,844,0.009791
35,844,0.009749
45,844,0.009812
55,844,0.009817
65,844,0.009781
70,844,0.009507
75,844,0.00939
0,846,0.009639
15,846,0.009727
25,846,0.00978
35,846,0.009748
45,846,0.009819
55,846,0.009808
65,846,0.009778
70,846,0.009505
75,846,0.009376
0,848,0.00967
15,848,0.009745
25,848,0.009785
35,848,0.009742
45,848,0.00983
55,848,0.0098
65,848,0.009779
70,848,0.009516
75,848,0.009363
0,850,0.00967
15,850,0.009737
25,850,0.009804
35,850,0.009736
45,850,0.009831
55,850,0.009811
65,850,0.009777
70,850,0.009509
75,850,0.009353
0,852,0.009664
15,852,0.009724
25,852,0.009814
35,852,0.009755
45,852,0.009817
55,852,0.009798
65,852,0.00979
70,852,0.009506
75,852,0.009338
0,854,0.009674
15,854,0.009697
25,854,0.009815
35,854,0.009751
45,854,0.009809
55,854,0.009804
65,854,0.009781
70,854,0.009499
75,854,0.009334
0,856,0.009676
15,856,0.009711
25,856,0.009789
35,856,0.009741
45,856,0.009797
55,856,0.00982
65,856,0.009793
70,856,0.009508
75,856,0.009321
0,858,0.009703
15,858,0.009695
25,858,0.009802
35,858,0.009751
45,858,0.009785
55,858,0.009827
65,858,0.009795
70,858,0.009492
75,858,0.009335
0,860,0.009694
15,860,0.009669
25,860,0.009793
35,860,0.009735
45,860,0.009796
55,860,0.009818
65,860,0.009782
70,860,0.009496
75,860,0.009321
0,862,0.009671
15,862,0.009702
25,862,0.009817
35,862,0.009751
45,862,0.009796
55,862,0.009814
65,862,0.0098
70,862,0.009493
75,862,0.009335
0,864,0.009694
15,864,0.009701
25,864,0.009767
35,864,0.009733
45,864,0.009784
55,864,0.009836
65,864,0.00982
70,864,0.009488
75,864,0.009324
0,866,0.009686
15,866,0.009706
25,866,0.00974
35,866,0.009733
45,866,0.009795
55,866,0.009841
65,866,0.009821
70,866,0.009514
75,866,0.009321
0,868,0.009708
15,868,0.009685
25,868,0.009726
35,868,0.00973
45,868,0.009784
55,868,0.009831
65,868,0.009836
70,868,0.009504
75,868,0.00936
0,870,0.009654
15,870,0.009709
25,870,0.009758
35,870,0.009786
45,870,0.00981
55,870,0.009873
65,870,0.009887
70,870,0.009523
75,870,0.009396
0,872,0.009694
15,872,0.009764
25,872,0.009794
35,872,0.009776
45,872,0.009834
55,872,0.009864
65,872,0.009892
70,872,0.009539
75,872,0.009388
0,874,0.009729
15,874,0.009714
25,874,0.009805
35,874,0.009745
45,874,0.009855
55,874,0.009881
65,874,0.009912
70,874,0.009541
75,874,0.009438
0,876,0.009705
15,876,0.009776
25,876,0.009737
35,876,0.009728
45,876,0.009848
55,876,0.00988
65,876,0.00993
70,876,0.009547
75,876,0.009454
0,878,0.009683
15,878,0.009774
25,878,0.009719
35,878,0.009793
45,878,0.009886
55,878,0.009857
65,878,0.009976
70,878,0.009529
75,878,0.009428
0,880,0.009717
15,880,0.009818
25,880,0.009731
35,880,0.009795
45,880,0.009811
55,880,0.009869
65,880,0.00994
70,880,0.009544
75,880,0.009427
0,882,0.009672
15,882,0.009742
25,882,0.00965
35,882,0.00976
45,882,0.009858
55,882,0.009905
65,882,0.009911
70,882,0.009505
75,882,0.009419
0,884,0.0097
15,884,0.009771
25,884,0.009725
35,884,0.00972
45,884,0.009771
55,884,0.009844
65,884,0.009902
70,884,0.009508
75,884,0.009395
0,886,0.009644
15,886,0.009684
25,886,0.009691
35,886,0.00982
45,886,0.00984
55,886,0.009872
65,886,0.009879
70,886,0.009497
75,886,0.009408
0,888,0.009657
15,888,0.009775
25,888,0.009792
35,888,0.009762
45,888,0.009755
55,888,0.009834
65,888,0.009892
70,888,0.009482
75,888,0.009487
0,890,0.009682
15,890,0.009708
25,890,0.009686
35,890,0.009762
45,890,0.009813
55,890,0.009899
65,890,0.009904
70,890,0.009498
75,890,0.009434
0,892,0.009704
15,892,0.009738
25,892,0.009821
35,892,0.00971
45,892,0.009792
55,892,0.009823
65,892,0.009918
70,892,0.009512
75,892,0.00945
0,894,0.009707
15,894,0.009785
25,894,0.009795
35,894,0.009732
45,894,0.009788
55,894,0.009864
65,894,0.010022
70,894,0.009619
75,894,0.009545
0,896,0.009691
15,896,0.009727
25,896,0.009734
35,896,0.009757
45,896,0.00987
55,896,0.009872
65,896,0.009925
70,896,0.009523
75,896,0.009572
0,898,0.009667
15,898,0.009743
25,898,0.009832
35,898,0.009826
45,898,0.00976
55,898,0.009864
65,898,0.009941
70,898,0.009559
75,898,0.0096
0,900,0.009675
15,900,0.009824
25,900,0.009811
35,900,0.009852
45,900,0.009859
55,900,0.009873
65,900,0.009992
70,900,0.009563
75,900,0.00963
