0,250,0
15,250,0
25,250,0
35,250,0
45,250,0
55,250,0
65,250,0
70,250,0
75,250,0
0,252,0
15,252,0
25,252,0
35,252,0
45,252,0
55,252,0
65,252,0
70,252,0
75,252,0
0,254,0
15,254,0
25,254,0
35,254,0
45,254,0
55,254,0
65,254,0
70,254,0
75,254,0
0,256,0
15,256,0
25,256,0
35,256,0
45,256,0
55,256,0
65,256,0
70,256,0
75,256,0
0,258,0
15,258,0
25,258,0
35,258,0
45,258,0
55,258,0
65,258,0
70,258,0
75,258,0
0,260,0
15,260,0
25,260,0
35,260,0
45,260,0
55,260,0
65,260,0
70,260,0
75,260,0
0,262,0
15,262,0
25,262,0
35,262,0
45,262,0
55,262,0
65,262,0
70,262,0
75,262,0
0,264,0
15,264,0
25,264,0
35,264,0
45,264,0
55,264,0
65,264,0
70,264,0
75,264,0
0,266,0
15,266,0
25,266,0
35,266,0
45,266,0
55,266,0
65,266,0
70,266,0
75,266,0
0,268,0
15,268,0
25,268,0
35,268,0
45,268,0
55,268,0
65,268,0
70,268,0
75,268,0
0,270,0
15,270,0
25,270,0
35,270,0
45,270,0
55,270,0
65,270,0
70,270,0
75,270,0
0,272,0
15,272,0
25,272,0
35,272,0
45,272,0
55,272,0
65,272,0
70,272,0
75,272,0
0,274,0
15,274,0
25,274,0
35,274,0
45,274,0
55,274,0
65,274,0
70,274,0
75,274,0
0,276,0
15,276,0
25,276,0
35,276,0
45,276,0
55,276,0
65,276,0
70,276,0
75,276,0
0,278,0
15,278,0
25,278,0
35,278,0
45,278,0
55,278,0
65,278,0
70,278,0
75,278,0
0,280,0
15,280,0
25,280,0
35,280,0
45,280,0
55,280,0
65,280,0
70,280,0
75,280,0
0,282,0
15,282,0
25,282,0
35,282,0
45,282,0
55,282,0
65,282,0
70,282,0
75,282,0
0,284,0
15,284,0
25,284,0
35,284,0
45,284,0
55,284,0
65,284,0
70,284,0
75,284,0
0,286,0
15,286,0
25,286,0
35,286,0
45,286,0
55,286,0
65,286,0
70,286,0
75,286,0
0,288,0
15,288,0
25,288,0
35,288,0
45,288,0
55,288,0
65,288,0
70,288,0
75,288,0
0,290,0
15,290,0
25,290,0
35,290,0
45,290,0
55,290,0
65,290,0
70,290,0
75,290,0
0,292,0
15,292,0
25,292,0
35,292,0
45,292,0
55,292,0
65,292,0
70,292,0
75,292,0
0,294,0
15,294,0
25,294,0
35,294,0
45,294,0
55,294,0
65,294,0
70,294,0
75,294,0
0,296,0
15,296,0
25,296,0
35,296,0
45,296,0
55,296,0
65,296,0
70,296,0
75,296,0
0,298,0
15,298,0
25,298,0
35,298,0
45,298,0
55,298,0
65,298,0
70,298,0
75,298,0
0,300,0
15,300,0
25,300,0
35,300,0
45,300,0
55,300,0
65,300,0
70,300,0
75,300,0
0,302,0
15,302,0
25,302,0
35,302,0
45,302,0
55,302,0
65,302,0
70,302,0
75,302,0
0,304,0
15,304,0
25,304,0
35,304,0
45,304,0
55,304,0
65,304,0
70,304,0
75,304,0
0,306,0
15,306,0
25,306,0
35,306,0
45,306,0
55,306,0
65,306,0
70,306,0
75,306,0
0,308,0
15,308,0
25,308,0
35,308,0
45,308,0
55,308,0
65,308,0
70,308,0
75,308,0
0,310,0
15,310,0
25,310,0
35,310,0
45,310,0
55,310,0
65,310,0
70,310,0
75,310,0
0,312,0
15,312,0
25,312,0
35,312,0
45,312,0
55,312,0
65,312,0
70,312,0
75,312,0
0,314,0
15,314,0
25,314,0
35,314,0
45,314,0
55,314,0
65,314,0
70,314,0
75,314,0
0,316,0
15,316,0
25,316,0
35,316,0
45,316,0
55,316,0
65,316,0
70,316,0
75,316,0
0,318,0
15,318,0
25,318,0
35,318,0
45,318,0
55,318,0
65,318,0
70,318,0
75,318,0
0,320,9.5E-05
15,320,3.3E-05
25,320,1.2E-05
35,320,6E-06
45,320,3E-06
55,320,2E-06
65,320,2E-06
70,320,2E-06
75,320,2E-06
0,322,8.9E-05
15,322,3.1E-05
25,322,1.2E-05
35,322,5E-06
45,322,3E-06
55,322,2E-06
65,322,2E-06
70,322,2E-06
75,322,2E-06
0,324,8.5E-05
15,324,3E-05
25,324,1.1E-05
35,324,5E-06
45,324,3E-06
55,324,2E-06
65,324,2E-06
70,324,2E-06
75,324,2E-06
0,326,8.1E-05
15,326,2.8E-05
25,326,1.1E-05
35,326,5E-06
45,326,2E-06
55,326,2E-06
65,326,1E-06
70,326,2E-06
75,326,2E-06
0,328,6.6E-05
15,328,2.6E-05
25,328,8E-06
35,328,4E-06
45,328,2E-06
55,328,2E-06
65,328,1E-06
70,328,2E-06
75,328,2E-06
0,330,5.8E-05
15,330,2.1E-05
25,330,8E-06
35,330,4E-06
45,330,2E-06
55,330,1E-06
65,330,1E-06
70,330,2E-06
75,330,1E-06
0,332,5.6E-05
15,332,1.8E-05
25,332,8E-06
35,332,4E-06
45,332,2E-06
55,332,1E-06
65,332,1E-06
70,332,1E-06
75,332,1E-06
0,334,5.1E-05
15,334,2E-05
25,334,7E-06
35,334,4E-06
45,334,2E-06
55,334,2E-06
65,334,1E-06
70,334,2E-06
75,334,1E-06
0,336,4.3E-05
15,336,1.9E-05
25,336,7E-06
35,336,4E-06
45,336,2E-06
55,336,2E-06
65,336,2E-06
70,336,2E-06
75,336,2E-06
0,338,4.1E-05
15,338,1.6E-05
25,338,7E-06
35,338,5E-06
45,338,3E-06
55,338,3E-06
65,338,3E-06
70,338,4E-06
75,338,4E-06
0,340,4E-05
15,340,1.8E-05
25,340,1.1E-05
35,340,7E-06
45,340,4E-06
55,340,5E-06
65,340,7E-06
70,340,8E-06
75,340,8E-06
0,342,3.9E-05
15,342,2E-05
25,342,1.7E-05
35,342,1.2E-05
45,342,7E-06
55,342,1E-05
65,342,1.5E-05
70,342,1.6E-05
75,342,1.6E-05
0,344,4.9E-05
15,344,2.7E-05
25,344,3.2E-05
35,344,2.1E-05
45,344,1.4E-05
55,344,2.3E-05
65,344,3.1E-05
70,344,3.2E-05
75,344,3.3E-05
0,346,5.8E-05
15,346,5E-05
25,346,6.6E-05
35,346,3.6E-05
45,346,2.9E-05
55,346,5.1E-05
65,346,6E-05
70,346,6.3E-05
75,346,6.4E-05
0,348,8.6E-05
15,348,9.6E-05
25,348,0.000123
35,348,6.4E-05
45,348,6.2E-05
55,348,0.000104
65,348,0.000109
70,348,0.000115
75,348,0.000118
0,350,0.000155
15,350,0.00019
25,350,0.00021
35,350,0.000105
45,350,0.00013
55,350,0.00019
65,350,0.000186
70,350,0.000198
75,350,0.000205
0,352,0.000297
15,352,0.00035
25,352,0.000319
35,352,0.000167
45,352,0.000257
55,352,0.000316
65,352,0.000306
70,352,0.000325
75,352,0.000337
0,354,0.000534
15,354,0.000596
25,354,0.000459
35,354,0.000269
45,354,0.000456
55,354,0.000481
65,354,0.000478
70,354,0.000508
75,354,0.000521
0,356,0.000863
15,356,0.000913
25,356,0.000673
35,356,0.000466
45,356,0.000737
55,356,0.000676
65,356,0.00071
70,356,0.000754
75,356,0.000761
0,358,0.001301
15,358,0.001341
25,358,0.000964
35,358,0.000829
45,358,0.001095
55,358,0.000897
65,358,0.001007
70,358,0.001066
75,358,0.001052
0,360,0.001784
15,360,0.001808
25,360,0.001238
35,360,0.001351
45,360,0.001506
55,360,0.001158
65,360,0.001361
70,360,0.001423
75,360,0.00139
0,362,0.002372
15,362,0.002249
25,362,0.0015
35,362,0.001958
45,362,0.001943
55,362,0.001487
65,362,0.00175
70,362,0.001794
75,362,0.001778
0,364,0.003019
15,364,0.002763
25,364,0.001929
35,364,0.002605
45,364,0.002369
55,364,0.001886
65,364,0.002131
70,364,0.002167
75,364,0.002188
0,366,0.003608
15,366,0.003423
25,366,0.002661
35,366,0.003264
45,366,0.002703
55,366,0.002319
65,366,0.002483
70,366,0.002548
75,366,0.00258
0,368,0.004193
15,368,0.004037
25,368,0.003595
35,368,0.00388
45,368,0.002887
55,368,0.002746
65,368,0.002824
70,368,0.002923
75,368,0.002918
0,370,0.004869
15,370,0.004388
25,370,0.004416
35,370,0.004396
45,370,0.003037
55,370,0.00317
65,370,0.00314
70,370,0.003208
75,370,0.003169
0,372,0.005402
15,372,0.004758
25,372,0.005044
35,372,0.004818
45,372,0.003301
55,372,0.003614
65,372,0.003345
70,372,0.003333
75,372,0.003343
0,374,0.005743
15,374,0.005339
25,374,0.005563
35,374,0.00516
45,374,0.003683
55,374,0.004023
65,374,0.003355
70,374,0.003284
75,374,0.003479
0,376,0.006114
15,376,0.006007
25,376,0.006049
35,376,0.005442
45,376,0.004108
55,376,0.00429
65,376,0.00316
70,376,0.003134
75,376,0.003637
0,378,0.006771
15,378,0.006566
25,378,0.006484
35,378,0.005687
45,378,0.004477
55,378,0.004395
65,378,0.002881
70,378,0.002998
75,378,0.003858
0,380,0.007125
15,380,0.006999
25,380,0.006898
35,380,0.005927
45,380,0.004792
55,380,0.004436
65,380,0.002636
70,380,0.002953
75,380,0.004101
0,382,0.007284
15,382,0.007336
25,382,0.007153
35,382,0.00611
45,382,0.005045
55,382,0.004432
65,382,0.002514
70,382,0.003019
75,382,0.004209
0,384,0.007425
15,384,0.007603
25,384,0.007336
35,384,0.006236
45,384,0.00532
55,384,0.004266
65,384,0.002514
70,384,0.003174
75,384,0.004137
0,386,0.007724
15,386,0.007752
25,386,0.007465
35,386,0.006318
45,386,0.005547
55,386,0.003752
65,386,0.002623
70,386,0.003342
75,386,0.003939
0,388,0.008123
15,388,0.007843
25,388,0.007562
35,388,0.006387
45,388,0.005604
55,388,0.002939
65,388,0.002776
70,388,0.003414
75,388,0.003757
0,390,0.008383
15,390,0.007969
25,390,0.007628
35,390,0.006394
45,390,0.005508
55,390,0.002121
65,390,0.002883
70,390,0.003324
75,390,0.003703
0,392,0.008388
15,392,0.008171
25,392,0.007647
35,392,0.006336
45,392,0.00536
55,392,0.00151
65,392,0.002858
70,392,0.003094
75,392,0.003829
0,394,0.008322
15,394,0.008354
25,394,0.007634
35,394,0.006272
45,394,0.005206
55,394,0.001123
65,394,0.002687
70,394,0.002823
75,394,0.004129
0,396,0.008377
15,396,0.008405
25,396,0.007639
35,396,0.006277
45,396,0.004887
55,396,0.000901
65,396,0.002433
70,396,0.002618
75,396,0.004554
0,398,0.008588
15,398,0.00833
25,398,0.007746
35,398,0.006329
45,398,0.004148
55,398,0.000788
65,398,0.002198
70,398,0.002541
75,398,0.00499
0,400,0.008775
15,400,0.008275
25,400,0.007938
35,400,0.006352
45,400,0.003023
55,400,0.000749
65,400,0.00205
70,400,0.002611
75,400,0.005341
0,402,0.008828
15,402,0.00831
25,402,0.008143
35,402,0.006272
45,402,0.001934
55,402,0.000764
65,402,0.002015
70,402,0.002827
75,402,0.005555
0,404,0.008703
15,404,0.008393
25,404,0.008316
35,404,0.006114
45,404,0.001174
55,404,0.000823
65,404,0.002106
70,404,0.003178
75,404,0.005652
0,406,0.008571
15,406,0.008484
25,406,0.008377
35,406,0.00595
45,406,0.000736
55,406,0.000905
65,406,0.002321
70,406,0.003619
75,406,0.0057
0,408,0.008573
15,408,0.008523
25,408,0.008317
35,408,0.005772
45,408,0.000498
55,408,0.000978
65,408,0.002648
70,408,0.00407
75,408,0.005775
0,410,0.008669
15,410,0.008527
25,410,0.008161
35,410,0.005339
45,410,0.000366
55,410,0.001004
65,410,0.003048
70,410,0.004454
75,410,0.005923
0,412,0.00882
15,412,0.008547
25,412,0.007966
35,412,0.004354
45,412,0.000292
55,412,0.000962
65,412,0.003467
70,412,0.004725
75,412,0.006134
0,414,0.008925
15,414,0.00862
25,414,0.007739
35,414,0.002947
45,414,0.000252
55,414,0.000858
65,414,0.003834
70,414,0.004887
75,414,0.006364
0,416,0.008969
15,416,0.00873
25,416,0.007485
35,416,0.001706
45,416,0.000233
55,416,0.00073
65,416,0.004099
70,416,0.004986
75,416,0.006549
0,418,0.008966
15,418,0.008845
25,418,0.007175
35,418,0.000945
45,418,0.000233
55,418,0.000616
65,418,0.004255
70,418,0.005093
75,418,0.006646
0,420,0.008989
15,420,0.008896
25,420,0.006864
35,420,0.000546
45,420,0.000248
55,420,0.000537
65,420,0.004344
70,420,0.005264
75,420,0.006641
0,422,0.009055
15,422,0.008895
25,422,0.00659
35,422,0.000336
45,422,0.000277
55,422,0.000492
65,422,0.004437
70,422,0.005524
75,422,0.006564
0,424,0.009145
15,424,0.008874
25,424,0.006211
35,424,0.000222
45,424,0.000319
55,424,0.000479
65,424,0.004594
70,424,0.005858
75,424,0.00646
0,426,0.009197
15,426,0.00886
25,426,0.005374
35,426,0.000158
45,426,0.000363
55,426,0.000497
65,426,0.004849
70,426,0.006213
75,426,0.006382
0,428,0.009211
15,428,0.008822
25,428,0.00393
35,428,0.000121
45,428,0.000396
55,428,0.000548
65,428,0.005196
70,428,0.006526
75,428,0.006361
0,430,0.009177
15,430,0.008762
25,430,0.002404
35,430,9.8E-05
45,430,0.000399
55,430,0.000633
65,430,0.005594
70,430,0.006752
75,430,0.006401
0,432,0.009162
15,432,0.008656
25,432,0.001319
35,432,8.5E-05
45,432,0.000364
55,432,0.000757
65,432,0.005993
70,432,0.006878
75,432,0.006485
0,434,0.009159
15,434,0.0085
25,434,0.000708
35,434,7.8E-05
45,434,0.000305
55,434,0.000916
65,434,0.006346
70,434,0.006907
75,434,0.006581
0,436,0.009144
15,436,0.008233
25,436,0.000395
35,436,7.6E-05
45,436,0.000243
55,436,0.001091
65,436,0.006603
70,436,0.006877
75,436,0.006654
0,438,0.009087
15,438,0.007658
25,438,0.000236
35,438,7.8E-05
45,438,0.000197
55,438,0.001251
65,438,0.006745
70,438,0.006827
75,438,0.006679
0,440,0.00901
15,440,0.006495
25,440,0.000151
35,440,8.6E-05
45,440,0.000166
55,440,0.001365
65,440,0.006788
70,440,0.006797
75,440,0.006647
0,442,0.008902
15,442,0.004754
25,442,0.000102
35,442,9.9E-05
45,442,0.000148
55,442,0.001419
65,442,0.006768
70,442,0.006801
75,442,0.006566
0,444,0.008594
15,444,0.002946
25,444,7.8E-05
35,444,0.000122
45,444,0.000141
55,444,0.001416
65,444,0.006732
70,444,0.006833
75,444,0.006461
0,446,0.00771
15,446,0.001639
25,446,6.6E-05
35,446,0.000152
45,446,0.000144
55,446,0.001401
65,446,0.006793
70,446,0.006941
75,446,0.006435
0,448,0.006048
15,448,0.000905
25,448,5.6E-05
35,448,0.000181
45,448,0.000156
55,448,0.001405
65,448,0.006932
70,448,0.00706
75,448,0.0065
0,450,0.004025
15,450,0.00052
25,450,5E-05
35,450,0.000197
45,450,0.000179
55,450,0.001448
65,450,0.007072
70,450,0.007103
75,450,0.006614
0,452,0.002361
15,452,0.000318
25,452,4.7E-05
35,452,0.000191
45,452,0.000214
55,452,0.00156
65,452,0.007177
70,452,0.00706
75,452,0.00679
0,454,0.001312
15,454,0.000209
25,454,4.6E-05
35,454,0.000164
45,454,0.000266
55,454,0.001768
65,454,0.007204
70,454,0.006935
75,454,0.007024
0,456,0.000749
15,456,0.000148
25,456,4.5E-05
35,456,0.00013
45,456,0.000332
55,456,0.002097
65,456,0.007117
70,456,0.006753
75,456,0.007294
0,458,0.000454
15,458,0.000109
25,458,4.5E-05
35,458,0.000101
45,458,0.000407
55,458,0.002564
65,458,0.006911
70,458,0.006554
75,458,0.007563
0,460,0.000283
15,460,7.9E-05
25,460,4.4E-05
35,460,8.1E-05
45,460,0.000478
55,460,0.003181
65,460,0.006608
70,460,0.006378
75,460,0.007799
0,462,0.00017
15,462,5.2E-05
25,462,4.3E-05
35,462,6.6E-05
45,462,0.000529
55,462,0.003934
65,462,0.006255
70,462,0.006253
75,462,0.007973
0,464,9.2E-05
15,464,3E-05
25,464,4.5E-05
35,464,5.6E-05
45,464,0.000545
55,464,0.004786
65,464,0.005896
70,464,0.006191
75,464,0.008063
0,466,3.8E-05
15,466,1.2E-05
25,466,5.2E-05
35,466,5E-05
45,466,0.000523
55,466,0.005652
65,466,0.005576
70,466,0.006203
75,466,0.008057
0,468,6E-06
15,468,0
25,468,6.5E-05
35,468,4.7E-05
45,468,0.000479
55,468,0.00643
65,468,0.005337
70,468,0.006278
75,468,0.007958
0,470,0
15,470,0
25,470,8.2E-05
35,470,4.7E-05
45,470,0.000432
55,470,0.007043
65,470,0.005187
70,470,0.006399
75,470,0.00779
0,472,0
15,472,0
25,472,9.5E-05
35,472,5.2E-05
45,472,0.000397
55,472,0.007449
65,472,0.005125
70,472,0.006539
75,472,0.007579
0,474,0
15,474,0
25,474,9.1E-05
35,474,6E-05
45,474,0.000377
55,474,0.007629
65,474,0.005141
70,474,0.006669
75,474,0.007353
0,476,0
15,476,0
25,476,7.3E-05
35,476,7.2E-05
45,476,0.000375
55,476,0.007623
65,476,0.005217
70,476,0.00675
75,476,0.007135
0,478,0
15,478,0
25,478,4.9E-05
35,478,8.8E-05
45,478,0.000393
55,478,0.007464
65,478,0.005316
70,478,0.006747
75,478,0.006934
0,480,0
15,480,0
25,480,3.2E-05
35,480,0.000109
45,480,0.000431
55,480,0.00714
65,480,0.005387
70,480,0.006618
75,480,0.006725
0,482,0
15,482,4E-06
25,482,2.7E-05
35,482,0.000135
45,482,0.000497
55,482,0.006641
65,482,0.005397
70,482,0.006368
75,482,0.006508
0,484,2E-05
15,484,2.2E-05
25,484,2.6E-05
35,484,0.00016
45,484,0.000612
55,484,0.006048
65,484,0.005417
70,484,0.006117
75,484,0.006392
0,486,4.1E-05
15,486,3.7E-05
25,486,2.6E-05
35,486,0.000178
45,486,0.000796
55,486,0.005379
65,486,0.005468
70,486,0.005917
75,486,0.006411
0,488,5.6E-05
15,488,5.3E-05
25,488,2.8E-05
35,488,0.000181
45,488,0.001065
55,488,0.004635
65,488,0.005493
70,488,0.00574
75,488,0.006506
0,490,7.4E-05
15,490,7.4E-05
25,490,3E-05
35,490,0.000169
45,490,0.001437
55,490,0.003876
65,490,0.005482
70,490,0.005598
75,490,0.00666
0,492,9.5E-05
15,492,9.7E-05
25,492,3.4E-05
35,492,0.000152
45,492,0.001918
55,492,0.003179
65,492,0.005433
70,492,0.005501
75,492,0.00686
0,494,0.000119
15,494,0.000113
25,494,3.9E-05
35,494,0.000136
45,494,0.002487
55,494,0.002603
65,494,0.005348
70,494,0.00546
75,494,0.007091
0,496,0.000137
15,496,0.000112
25,496,4.4E-05
35,496,0.000126
45,496,0.003066
55,496,0.002164
65,496,0.005236
70,496,0.005478
75,496,0.007335
0,498,0.000151
15,498,0.0001
25,498,4.9E-05
35,498,0.000119
45,498,0.003541
55,498,0.001853
65,498,0.005116
70,498,0.005552
75,498,0.007564
0,500,0.000155
15,500,8.4E-05
25,500,5.4E-05
35,500,0.000117
45,500,0.003851
55,500,0.001638
65,500,0.005005
70,500,0.005676
75,500,0.007764
0,502,0.000147
15,502,6.6E-05
25,502,5.9E-05
35,502,0.000118
45,502,0.004015
55,502,0.001494
65,502,0.004917
70,502,0.005841
75,502,0.007928
0,504,0.000127
15,504,4.8E-05
25,504,6.6E-05
35,504,0.000124
45,504,0.004107
55,504,0.001405
65,504,0.004866
70,504,0.006048
75,504,0.008053
0,506,9.1E-05
15,506,3.1E-05
25,506,7.7E-05
35,506,0.000137
45,506,0.004188
55,506,0.001364
65,506,0.004861
70,506,0.006286
75,506,0.008144
0,508,4.8E-05
15,508,1.6E-05
25,508,8.9E-05
35,508,0.000159
45,508,0.004258
55,508,0.001364
65,508,0.004905
70,508,0.006544
75,508,0.008205
0,510,1.2E-05
15,510,4E-06
25,510,9.6E-05
35,510,0.000196
45,510,0.004267
55,510,0.001401
65,510,0.004998
70,510,0.006812
75,510,0.008243
0,512,0
15,512,0
25,512,9.3E-05
35,512,0.000254
45,512,0.004139
55,512,0.001473
65,512,0.005138
70,512,0.007076
75,512,0.008265
0,514,0
15,514,0
25,514,8E-05
35,514,0.00034
45,514,0.003809
55,514,0.001578
65,514,0.005316
70,514,0.007327
75,514,0.008274
0,516,0
15,516,0
25,516,6.3E-05
35,516,0.000454
45,516,0.003268
55,516,0.001712
65,516,0.005527
70,516,0.007552
75,516,0.008269
0,518,0
15,518,0
25,518,4.9E-05
35,518,0.000586
45,518,0.002602
55,518,0.001864
65,518,0.005763
70,518,0.007742
75,518,0.00825
0,520,0
15,520,0
25,520,3.8E-05
35,520,0.000709
45,520,0.001943
55,520,0.002021
65,520,0.00601
70,520,0.007893
75,520,0.008215
0,522,0
15,522,0
25,522,3.2E-05
35,522,0.000784
45,522,0.0014
55,522,0.002169
65,522,0.006264
70,522,0.008004
75,522,0.008164
0,524,0
15,524,0
25,524,2.9E-05
35,524,0.000781
45,524,0.001009
55,524,0.002289
65,524,0.006513
70,524,0.008078
75,524,0.008097
0,526,0
15,526,7E-06
25,526,2.8E-05
35,526,0.000707
45,526,0.000749
55,526,0.002363
65,526,0.006748
70,526,0.008113
75,526,0.008016
0,528,0
15,528,1.7E-05
25,528,2.8E-05
35,528,0.000612
45,528,0.00058
55,528,0.002382
65,528,0.00696
70,528,0.008113
75,528,0.007924
0,530,0
15,530,2.9E-05
25,530,3.1E-05
35,530,0.000533
45,530,0.000469
55,530,0.002343
65,530,0.007141
70,530,0.008084
75,530,0.007822
0,532,0
15,532,4.1E-05
25,532,3.6E-05
35,532,0.000484
45,532,0.000394
55,532,0.002248
65,532,0.007285
70,532,0.008034
75,532,0.007717
0,534,0
15,534,4.6E-05
25,534,4.2E-05
35,534,0.000468
45,534,0.000344
55,534,0.002105
65,534,0.007392
70,534,0.007969
75,534,0.007613
0,536,0
15,536,4.3E-05
25,536,5.2E-05
35,536,0.000483
45,536,0.000311
55,536,0.001933
65,536,0.007461
70,536,0.007897
75,536,0.007513
0,538,8E-06
15,538,3.4E-05
25,538,6.7E-05
35,538,0.000528
45,538,0.000291
55,538,0.001754
65,538,0.007496
70,538,0.007826
75,538,0.007421
0,540,2E-05
15,540,2.5E-05
25,540,9.1E-05
35,540,0.0006
45,540,0.00028
55,540,0.001586
65,540,0.0075
70,540,0.007759
75,540,0.007342
0,542,2.9E-05
15,542,1.9E-05
25,542,0.000124
35,542,0.000691
45,542,0.000278
55,542,0.001439
65,542,0.007479
70,542,0.0077
75,542,0.007277
0,544,3.8E-05
15,544,1.6E-05
25,544,0.000164
35,544,0.000792
45,544,0.000285
55,544,0.001319
65,544,0.00744
70,544,0.00765
75,544,0.007224
0,546,3.7E-05
15,546,1.4E-05
25,546,0.000195
35,546,0.000893
45,546,0.000299
55,546,0.001229
65,546,0.007392
70,546,0.00761
75,546,0.007187
0,548,2.9E-05
15,548,1.1E-05
25,548,0.0002
35,548,0.000969
45,548,0.000323
55,548,0.001165
65,548,0.007341
70,548,0.007583
75,548,0.007164
0,550,2.3E-05
15,550,1.1E-05
25,550,0.000174
35,550,0.000971
45,550,0.000356
55,550,0.001127
65,550,0.007296
70,550,0.007563
75,550,0.007154
0,552,1.5E-05
15,552,1.2E-05
25,552,0.000134
35,552,0.000865
45,552,0.0004
55,552,0.001112
65,552,0.007257
70,552,0.007549
75,552,0.007155
0,554,1.1E-05
15,554,1.2E-05
25,554,0.0001
35,554,0.000675
45,554,0.000454
55,554,0.001118
65,554,0.007228
70,554,0.007539
75,554,0.007166
0,556,9E-06
15,556,1.5E-05
25,556,7.6E-05
35,556,0.000481
45,556,0.000519
55,556,0.001145
65,556,0.007211
70,556,0.007533
75,556,0.00718
0,558,9E-06
15,558,1.9E-05
25,558,6.1E-05
35,558,0.000335
45,558,0.000592
55,558,0.001194
65,558,0.007204
70,558,0.007529
75,558,0.007195
0,560,1E-05
15,560,2.6E-05
25,560,5.1E-05
35,560,0.00024
45,560,0.00067
55,560,0.001268
65,560,0.007207
70,560,0.007524
75,560,0.00721
0,562,1.7E-05
15,562,3.9E-05
25,562,4.6E-05
35,562,0.00018
45,562,0.000749
55,562,0.001368
65,562,0.007215
70,562,0.007521
75,562,0.007219
0,564,2.4E-05
15,564,5.5E-05
25,564,4.4E-05
35,564,0.000142
45,564,0.000819
55,564,0.001498
65,564,0.007229
70,564,0.007517
75,564,0.00722
0,566,2.3E-05
15,566,7.1E-05
25,566,4.2E-05
35,566,0.000116
45,566,0.000871
55,566,0.001662
65,566,0.007244
70,566,0.007509
75,566,0.007215
0,568,2.3E-05
15,568,8.8E-05
25,568,4.3E-05
35,568,9.8E-05
45,568,0.000893
55,568,0.001864
65,568,0.007261
70,568,0.007501
75,568,0.0072
0,570,2.5E-05
15,570,9.4E-05
25,570,4.5E-05
35,570,8.7E-05
45,570,0.00088
55,570,0.002108
65,570,0.007276
70,570,0.007494
75,570,0.007178
0,572,3.1E-05
15,572,8.3E-05
25,572,4.9E-05
35,572,7.9E-05
45,572,0.000834
55,572,0.002397
65,572,0.007288
70,572,0.007484
75,572,0.007148
0,574,4.1E-05
15,574,6.1E-05
25,574,5.7E-05
35,574,7.3E-05
45,574,0.000763
55,574,0.002733
65,574,0.007296
70,574,0.007476
75,574,0.007113
0,576,5.6E-05
15,576,4.4E-05
25,576,6.9E-05
35,576,7.1E-05
45,576,0.000681
55,576,0.003109
65,576,0.0073
70,576,0.007467
75,576,0.007073
0,578,7.3E-05
15,578,3.1E-05
25,578,8.9E-05
35,578,6.9E-05
45,578,0.000601
55,578,0.003518
65,578,0.007304
70,578,0.007462
75,578,0.007031
0,580,8.4E-05
15,580,2.2E-05
25,580,0.000121
35,580,7E-05
45,580,0.00053
55,580,0.00395
65,580,0.007302
70,580,0.007458
75,580,0.00699
0,582,7.9E-05
15,582,1.7E-05
25,582,0.000168
35,582,7.3E-05
45,582,0.000472
55,582,0.004393
65,582,0.007298
70,582,0.007456
75,582,0.006951
0,584,5.9E-05
15,584,1.4E-05
25,584,0.000228
35,584,7.8E-05
45,584,0.000427
55,584,0.004825
65,584,0.007292
70,584,0.007456
75,584,0.006917
0,586,4.1E-05
15,586,1.2E-05
25,586,0.000287
35,586,8.5E-05
45,586,0.000393
55,586,0.005227
65,586,0.007285
70,586,0.007458
75,586,0.006889
0,588,2.8E-05
15,588,1E-05
25,588,0.000325
35,588,9.4E-05
45,588,0.000369
55,588,0.005581
65,588,0.007277
70,588,0.007462
75,588,0.006868
0,590,2E-05
15,590,9E-06
25,590,0.000318
35,590,0.000106
45,590,0.000354
55,590,0.005875
65,590,0.00727
70,590,0.007466
75,590,0.006856
0,592,1.7E-05
15,592,8E-06
25,592,0.000258
35,592,0.000122
45,592,0.000345
55,592,0.006094
65,592,0.007264
70,592,0.007471
75,592,0.006852
0,594,1.5E-05
15,594,9E-06
25,594,0.000181
35,594,0.000144
45,594,0.000344
55,594,0.006233
65,594,0.007262
70,594,0.007478
75,594,0.006856
0,596,1.1E-05
15,596,9E-06
25,596,0.000122
35,596,0.000172
45,596,0.000348
55,596,0.006297
65,596,0.00726
70,596,0.007487
75,596,0.006869
0,598,1E-05
15,598,9E-06
25,598,8.6E-05
35,598,0.000206
45,598,0.000358
55,598,0.006298
65,598,0.007262
70,598,0.007496
75,598,0.00689
0,600,1.1E-05
15,600,9E-06
25,600,6.4E-05
35,600,0.000246
45,600,0.000376
55,600,0.006255
65,600,0.007267
70,600,0.007504
75,600,0.006918
0,602,9E-06
15,602,1E-05
25,602,5.1E-05
35,602,0.000291
45,602,0.0004
55,602,0.006188
65,602,0.007275
70,602,0.007512
75,602,0.006951
0,604,9E-06
15,604,1.1E-05
25,604,4.3E-05
35,604,0.000339
45,604,0.000433
55,604,0.006117
65,604,0.007285
70,604,0.00752
75,604,0.006987
0,606,9E-06
15,606,1.2E-05
25,606,3.8E-05
35,606,0.000383
45,606,0.000477
55,606,0.006059
65,606,0.007297
70,606,0.007528
75,606,0.007023
0,608,8E-06
15,608,1.3E-05
25,608,3.6E-05
35,608,0.000417
45,608,0.000533
55,608,0.006022
65,608,0.007309
70,608,0.007534
75,608,0.00706
0,610,7E-06
15,610,1.6E-05
25,610,3.4E-05
35,610,0.00043
45,610,0.000606
55,610,0.006015
65,610,0.007324
70,610,0.007539
75,610,0.007097
0,612,6E-06
15,612,2.1E-05
25,612,3.1E-05
35,612,0.000419
45,612,0.000698
55,612,0.006038
65,612,0.007338
70,612,0.007544
75,612,0.007131
0,614,7E-06
15,614,2.9E-05
25,614,2.8E-05
35,614,0.000386
45,614,0.000815
55,614,0.006094
65,614,0.00735
70,614,0.007549
75,614,0.007158
0,616,8E-06
15,616,4E-05
25,616,2.5E-05
35,616,0.000341
45,616,0.000961
55,616,0.006177
65,616,0.007365
70,616,0.007555
75,616,0.00718
0,618,8E-06
15,618,6.1E-05
25,618,2.5E-05
35,618,0.000295
45,618,0.001142
55,618,0.006282
65,618,0.007379
70,618,0.007558
75,618,0.007198
0,620,1E-05
15,620,9.7E-05
25,620,2.5E-05
35,620,0.000253
45,620,0.001364
55,620,0.006403
65,620,0.007393
70,620,0.007564
75,620,0.007208
0,622,9E-06
15,622,0.000145
25,622,2.5E-05
35,622,0.000219
45,622,0.001633
55,622,0.006536
65,622,0.007406
70,622,0.007571
75,622,0.007216
0,624,1.2E-05
15,624,0.000177
25,624,2.6E-05
35,624,0.000193
45,624,0.001955
55,624,0.006674
65,624,0.007417
70,624,0.007577
75,624,0.007222
0,626,1.5E-05
15,626,0.000168
25,626,2.8E-05
35,626,0.000173
45,626,0.002329
55,626,0.00681
65,626,0.007427
70,626,0.007584
75,626,0.007219
0,628,1.8E-05
15,628,0.000132
25,628,3.1E-05
35,628,0.000158
45,628,0.002752
55,628,0.006936
65,628,0.007438
70,628,0.007594
75,628,0.007205
0,630,2.2E-05
15,630,9.8E-05
25,630,3.5E-05
35,630,0.000147
45,630,0.003219
55,630,0.007045
65,630,0.007445
70,630,0.007605
75,630,0.007184
0,632,3E-05
15,632,7.2E-05
25,632,4E-05
35,632,0.00014
45,632,0.003713
55,632,0.007134
65,632,0.007453
70,632,0.007621
75,632,0.007158
0,634,4.6E-05
15,634,5.1E-05
25,634,4.7E-05
35,634,0.000136
45,634,0.004209
55,634,0.007198
65,634,0.007464
70,634,0.00764
75,634,0.007133
0,636,7.6E-05
15,636,3.6E-05
25,636,5.5E-05
35,636,0.000134
45,636,0.004666
55,636,0.007237
65,636,0.007478
70,636,0.007656
75,636,0.007112
0,638,0.000123
15,638,2.8E-05
25,638,6.7E-05
35,638,0.000135
45,638,0.005043
55,638,0.007249
65,638,0.007496
70,638,0.007668
75,638,0.007093
0,640,0.000172
15,640,2.3E-05
25,640,8.4E-05
35,640,0.000138
45,640,0.005317
55,640,0.007235
65,640,0.007513
70,640,0.007677
75,640,0.007077
0,642,0.000171
15,642,1.8E-05
25,642,0.000106
35,642,0.000142
45,642,0.005464
55,642,0.007198
65,642,0.007525
70,642,0.007678
75,642,0.007066
0,644,0.000125
15,644,1.5E-05
25,644,0.000134
35,644,0.000147
45,644,0.005487
55,644,0.007142
65,644,0.007536
70,644,0.007677
75,644,0.007057
0,646,7.9E-05
15,646,1.4E-05
25,646,0.000166
35,646,0.000153
45,646,0.005413
55,646,0.007071
65,646,0.007538
70,646,0.007678
75,646,0.007053
0,648,5E-05
15,648,1.4E-05
25,648,0.0002
35,648,0.000163
45,648,0.005275
55,648,0.006994
65,648,0.007534
70,648,0.007684
75,648,0.007056
0,650,3.7E-05
15,650,1.3E-05
25,650,0.000229
35,650,0.000175
45,650,0.005117
55,650,0.006913
65,650,0.007533
70,650,0.007689
75,650,0.007062
0,652,3E-05
15,652,1.1E-05
25,652,0.000247
35,652,0.000192
45,652,0.004972
55,652,0.006831
65,652,0.007538
70,652,0.007695
75,652,0.007071
0,654,2.4E-05
15,654,1.2E-05
25,654,0.000249
35,654,0.000213
45,654,0.004859
55,654,0.006754
65,654,0.007548
70,654,0.007701
75,654,0.007087
0,656,1.8E-05
15,656,1.2E-05
25,656,0.000233
35,656,0.00024
45,656,0.004791
55,656,0.006688
65,656,0.007558
70,656,0.007707
75,656,0.007106
0,658,1.6E-05
15,658,1.2E-05
25,658,0.000206
35,658,0.000274
45,658,0.004772
55,658,0.006633
65,658,0.007566
70,658,0.007711
75,658,0.00713
0,660,1.4E-05
15,660,1.3E-05
25,660,0.000176
35,660,0.000319
45,660,0.004799
55,660,0.006592
65,660,0.007575
70,660,0.007716
75,660,0.007159
0,662,1.2E-05
15,662,1.4E-05
25,662,0.00015
35,662,0.000376
45,662,0.004873
55,662,0.006569
65,662,0.007586
70,662,0.007721
75,662,0.007191
0,664,1.2E-05
15,664,1.5E-05
25,664,0.00013
35,664,0.00045
45,664,0.004991
55,664,0.006565
65,664,0.007593
70,664,0.007727
75,664,0.007225
0,666,1E-05
15,666,1.6E-05
25,666,0.000115
35,666,0.000545
45,666,0.005148
55,666,0.006582
65,666,0.007602
70,666,0.007734
75,666,0.00726
0,668,9E-06
15,668,1.9E-05
25,668,0.000105
35,668,0.000669
45,668,0.00534
55,668,0.006616
65,668,0.007612
70,668,0.007741
75,668,0.007299
0,670,1.2E-05
15,670,2.1E-05
25,670,9.6E-05
35,670,0.000829
45,670,0.005561
55,670,0.006662
65,670,0.007621
70,670,0.007748
75,670,0.007341
0,672,8E-06
15,672,2.5E-05
25,672,8.8E-05
35,672,0.001035
45,672,0.005806
55,672,0.006715
65,672,0.007629
70,672,0.007756
75,672,0.007389
0,674,8E-06
15,674,3E-05
25,674,8E-05
35,674,0.001291
45,674,0.006062
55,674,0.00677
65,674,0.007638
70,674,0.007766
75,674,0.007458
0,676,1.3E-05
15,676,3.6E-05
25,676,7.4E-05
35,676,0.001604
45,676,0.006318
55,676,0.006824
65,676,0.007647
70,676,0.007779
75,676,0.007581
0,678,1.4E-05
15,678,4.4E-05
25,678,7E-05
35,678,0.00198
45,678,0.006567
55,678,0.006878
65,678,0.007658
70,678,0.007796
75,678,0.007782
0,680,1.3E-05
15,680,5.6E-05
25,680,6.7E-05
35,680,0.002418
45,680,0.006792
55,680,0.00694
65,680,0.007672
70,680,0.00782
75,680,0.007972
0,682,1.2E-05
15,682,7.2E-05
25,682,6.5E-05
35,682,0.002911
45,682,0.006984
55,682,0.007013
65,682,0.007689
70,682,0.007857
75,682,0.008042
0,684,1.5E-05
15,684,9.5E-05
25,684,6.4E-05
35,684,0.003436
45,684,0.007129
55,684,0.007093
65,684,0.00771
70,684,0.007921
75,684,0.007989
0,686,1.8E-05
15,686,0.000122
25,686,6.5E-05
35,686,0.00394
45,686,0.007216
55,686,0.007176
65,686,0.007741
70,686,0.008044
75,686,0.007857
0,688,2E-05
15,688,0.000152
25,688,6.6E-05
35,688,0.004357
45,688,0.007251
55,688,0.007259
65,688,0.0078
70,688,0.008231
75,688,0.007726
0,690,2.7E-05
15,690,0.00018
25,690,6.9E-05
35,690,0.00463
45,690,0.007233
55,690,0.007338
65,690,0.007913
70,690,0.008411
75,690,0.007643
0,692,3.1E-05
15,692,0.000192
25,692,7.2E-05
35,692,0.004728
45,692,0.007163
55,692,0.007415
65,692,0.008086
70,692,0.00851
75,692,0.007596
0,694,3.8E-05
15,694,0.000188
25,694,7.6E-05
35,694,0.004666
45,694,0.007056
55,694,0.007487
65,694,0.008258
70,694,0.008516
75,694,0.007569
0,696,4.6E-05
15,696,0.000172
25,696,8.1E-05
35,696,0.00449
45,696,0.006929
55,696,0.007557
65,696,0.008366
70,696,0.008442
75,696,0.007552
0,698,5.5E-05
15,698,0.00015
25,698,8.8E-05
35,698,0.004263
45,698,0.006781
55,698,0.007621
65,698,0.008391
70,698,0.008325
75,698,0.007537
0,700,6.9E-05
15,700,0.000126
25,700,9.6E-05
35,700,0.004043
45,700,0.006618
55,700,0.007676
65,700,0.008335
70,700,0.008221
75,700,0.007525
0,702,9.3E-05
15,702,0.000105
25,702,0.000106
35,702,0.003857
45,702,0.00644
55,702,0.007724
65,702,0.008219
70,702,0.00816
75,702,0.007516
0,704,0.000124
15,704,8.8E-05
25,704,0.00012
35,704,0.003717
45,704,0.006251
55,704,0.007765
65,704,0.0081
70,704,0.008133
75,704,0.00751
0,706,0.000156
15,706,7.4E-05
25,706,0.000136
35,706,0.003632
45,706,0.006069
55,706,0.007803
65,706,0.008023
70,706,0.008124
75,706,0.00751
0,708,0.000185
15,708,6.4E-05
25,708,0.000156
35,708,0.0036
45,708,0.005912
55,708,0.007835
65,708,0.007982
70,708,0.008127
75,708,0.007513
0,710,0.000191
15,710,5.6E-05
25,710,0.000181
35,710,0.003618
45,710,0.005787
55,710,0.007869
65,710,0.007966
70,710,0.008135
75,710,0.007527
0,712,0.000179
15,712,5.1E-05
25,712,0.000213
35,712,0.003684
45,712,0.00569
55,712,0.007906
65,712,0.007964
70,712,0.008149
75,712,0.007551
0,714,0.000157
15,714,4.7E-05
25,714,0.000255
35,714,0.003797
45,714,0.005624
55,714,0.007953
65,714,0.00797
70,714,0.008166
75,714,0.007589
0,716,0.000131
15,716,4.4E-05
25,716,0.000309
35,716,0.003958
45,716,0.005586
55,716,0.008021
65,716,0.007983
70,716,0.008185
75,716,0.007646
0,718,0.000107
15,718,4.3E-05
25,718,0.00038
35,718,0.004171
45,718,0.005573
55,718,0.008122
65,718,0.008
70,718,0.008207
75,718,0.007729
0,720,8.6E-05
15,720,4.2E-05
25,720,0.000474
35,720,0.004431
45,720,0.005582
55,720,0.008256
65,720,0.008021
70,720,0.008234
75,720,0.007853
0,722,7.2E-05
15,722,4E-05
25,722,0.000602
35,722,0.004741
45,722,0.005619
55,722,0.0084
65,722,0.008046
70,722,0.008267
75,722,0.008018
0,724,6.4E-05
15,724,3.9E-05
25,724,0.000773
35,724,0.005096
45,724,0.005677
55,724,0.008514
65,724,0.008071
70,724,0.008306
75,724,0.008204
0,726,5.6E-05
15,726,3.9E-05
25,726,0.001002
35,726,0.005482
45,726,0.005755
55,726,0.008576
65,726,0.008104
70,726,0.008358
75,726,0.008377
0,728,4.9E-05
15,728,3.9E-05
25,728,0.001299
35,728,0.005892
45,728,0.005852
55,728,0.008568
65,728,0.008145
70,728,0.008423
75,728,0.00849
0,730,4.2E-05
15,730,3.9E-05
25,730,0.001672
35,730,0.0063
45,730,0.005967
55,730,0.008493
65,730,0.008192
70,730,0.008506
75,730,0.008527
0,732,3.9E-05
15,732,4.2E-05
25,732,0.002123
35,732,0.006668
45,732,0.006103
55,732,0.008381
65,732,0.008253
70,732,0.008614
75,732,0.008496
0,734,3.8E-05
15,734,4.5E-05
25,734,0.002634
35,734,0.006971
45,734,0.006258
55,734,0.008276
65,734,0.008325
70,734,0.008749
75,734,0.008422
0,736,3.9E-05
15,736,4.8E-05
25,736,0.003154
35,736,0.007197
45,736,0.006425
55,736,0.008202
65,736,0.008417
70,736,0.008902
75,736,0.008329
0,738,3.3E-05
15,738,5E-05
25,738,0.003621
35,738,0.00734
45,738,0.006607
55,738,0.008157
65,738,0.008529
70,738,0.009051
75,738,0.008245
0,740,3.1E-05
15,740,5.2E-05
25,740,0.003956
35,740,0.007398
45,740,0.006803
55,740,0.008131
65,740,0.008663
70,740,0.00917
75,740,0.008183
0,742,3E-05
15,742,5.9E-05
25,742,0.00409
35,742,0.007364
45,742,0.007021
55,742,0.00812
65,742,0.008809
70,742,0.009241
75,742,0.008144
0,744,3.1E-05
15,744,6.5E-05
25,744,0.004027
35,744,0.007235
45,744,0.007253
55,744,0.008119
65,744,0.00894
70,744,0.009256
75,744,0.008121
0,746,3.4E-05
15,746,7.3E-05
25,746,0.003829
35,746,0.007038
45,746,0.0075
55,746,0.008126
65,746,0.009043
70,746,0.009223
75,746,0.008116
0,748,3.4E-05
15,748,8E-05
25,748,0.003575
35,748,0.006794
45,748,0.007766
55,748,0.008135
65,748,0.009105
70,748,0.009153
75,748,0.008123
0,750,3.4E-05
15,750,9.1E-05
25,750,0.003334
35,750,0.006525
45,750,0.008032
55,750,0.008149
65,750,0.009114
70,750,0.009064
75,750,0.008138
0,752,3.6E-05
15,752,0.000105
25,752,0.003137
35,752,0.006248
45,752,0.008283
55,752,0.008168
65,752,0.009084
70,752,0.008972
75,752,0.008158
0,754,3.7E-05
15,754,0.000122
25,754,0.002999
35,754,0.005975
45,754,0.008467
55,754,0.008192
65,754,0.00902
70,754,0.00889
75,754,0.008183
0,756,4.2E-05
15,756,0.000144
25,756,0.002918
35,756,0.005719
45,756,0.008566
55,756,0.008216
65,756,0.008936
70,756,0.008826
75,756,0.00821
0,758,4.3E-05
15,758,0.000169
25,758,0.002896
35,758,0.005494
45,758,0.008573
55,758,0.008244
65,758,0.008851
70,758,0.008776
75,758,0.008244
0,760,4.8E-05
15,760,0.000205
25,760,0.002925
35,760,0.005302
45,760,0.008532
55,760,0.008274
65,760,0.008773
70,760,0.008743
75,760,0.008283
0,762,5.5E-05
15,762,0.000252
25,762,0.002987
35,762,0.005146
45,762,0.008472
55,762,0.008305
65,762,0.00871
70,762,0.008722
75,762,0.008325
0,764,5.8E-05
15,764,0.000311
25,764,0.00306
35,764,0.005017
45,764,0.008409
55,764,0.008341
65,764,0.008658
70,764,0.008714
75,764,0.008367
0,766,6.9E-05
15,766,0.00039
25,766,0.003141
35,766,0.004926
45,766,0.008356
55,766,0.008389
65,766,0.00862
70,766,0.00871
75,766,0.008415
0,768,7.2E-05
15,768,0.000498
25,768,0.003248
35,768,0.00487
45,768,0.00831
55,768,0.008442
65,768,0.008596
70,768,0.008717
75,768,0.008468
0,770,8.2E-05
15,770,0.000643
25,770,0.003395
35,770,0.004852
45,770,0.008268
55,770,0.008502
65,770,0.008579
70,770,0.008731
75,770,0.008523
0,772,9.8E-05
15,772,0.000847
25,772,0.00359
35,772,0.004873
45,772,0.008228
55,772,0.008572
65,772,0.008574
70,772,0.008749
75,772,0.008578
0,774,0.000115
15,774,0.001124
25,774,0.003843
35,774,0.004939
45,774,0.008186
55,774,0.008645
65,774,0.008578
70,774,0.008776
75,774,0.008631
0,776,0.000134
15,776,0.001492
25,776,0.004151
35,776,0.005044
45,776,0.008148
55,776,0.008724
65,776,0.008585
70,776,0.008806
75,776,0.008677
0,778,0.000159
15,778,0.001964
25,778,0.004509
35,778,0.005187
45,778,0.008116
55,778,0.008809
65,778,0.008601
70,778,0.008843
75,778,0.008709
0,780,0.000192
15,780,0.002526
25,780,0.004917
35,780,0.005366
45,780,0.008087
55,780,0.008886
65,780,0.00862
70,780,0.008885
75,780,0.008725
0,782,0.000232
15,782,0.003098
25,782,0.00536
35,782,0.005559
45,782,0.008067
55,782,0.008952
65,782,0.008643
70,782,0.00893
75,782,0.008722
0,784,0.00029
15,784,0.003583
25,784,0.005818
35,784,0.005745
45,784,0.008049
55,784,0.008995
65,784,0.008673
70,784,0.008983
75,784,0.008698
0,786,0.000369
15,786,0.003873
25,786,0.006279
35,786,0.005904
45,786,0.008036
55,786,0.009013
65,786,0.008708
70,786,0.009036
75,786,0.00866
0,788,0.000463
15,788,0.00394
25,788,0.006704
35,788,0.006037
45,788,0.008033
55,788,0.00901
65,788,0.008751
70,788,0.009088
75,788,0.008613
0,790,0.000598
15,790,0.003827
25,790,0.007055
35,790,0.006146
45,790,0.008034
55,790,0.008981
65,790,0.008795
70,790,0.009137
75,790,0.008557
0,792,0.000787
15,792,0.003621
25,792,0.007298
35,792,0.006252
45,792,0.008046
55,792,0.008942
65,792,0.008842
70,792,0.009183
75,792,0.008503
0,794,0.001047
15,794,0.003369
25,794,0.007428
35,794,0.006356
45,794,0.008066
55,794,0.008885
65,794,0.008887
70,794,0.009212
75,794,0.008445
0,796,0.001403
15,796,0.003102
25,796,0.007438
35,796,0.006496
45,796,0.008097
55,796,0.008826
65,796,0.008931
70,796,0.00923
75,796,0.008395
0,798,0.001887
15,798,0.002865
25,798,0.00733
35,798,0.006663
45,798,0.008141
55,798,0.008768
65,798,0.008972
70,798,0.009237
75,798,0.008348
0,800,0.0025
15,800,0.00268
25,800,0.007131
35,800,0.00684
45,800,0.008191
55,800,0.008717
65,800,0.009004
70,800,0.009227
75,800,0.008308
0,802,0.003201
15,802,0.002535
25,802,0.006842
35,802,0.00703
45,802,0.00826
55,802,0.008679
65,802,0.009023
70,802,0.009205
75,802,0.008278
0,804,0.003836
15,804,0.002432
25,804,0.006533
35,804,0.007226
45,804,0.008336
55,804,0.008642
65,804,0.009031
70,804,0.00917
75,804,0.008253
0,806,0.004245
15,806,0.00238
25,806,0.00623
35,806,0.007413
45,806,0.008408
55,806,0.008618
65,806,0.009025
70,806,0.009137
75,806,0.008231
0,808,0.004317
15,808,0.002368
25,808,0.005965
35,808,0.007601
45,808,0.00849
55,808,0.0086
65,808,0.009011
70,808,0.009095
75,808,0.008218
0,810,0.004127
15,810,0.002394
25,810,0.005726
35,810,0.007768
45,810,0.008581
55,810,0.008589
65,810,0.008986
70,810,0.009059
75,810,0.008208
0,812,0.003753
15,812,0.002434
25,812,0.005537
35,812,0.007898
45,812,0.00867
55,812,0.008599
65,812,0.008986
70,812,0.009034
75,812,0.008208
0,814,0.003382
15,814,0.002524
25,814,0.005367
35,814,0.008024
45,814,0.008765
55,814,0.008605
65,814,0.008956
70,814,0.009001
75,814,0.008204
0,816,0.003065
15,816,0.002644
25,816,0.005223
35,816,0.008148
45,816,0.008854
55,816,0.008619
65,816,0.008922
70,816,0.008969
75,816,0.008205
0,818,0.00279
15,818,0.002818
25,818,0.005089
35,818,0.008243
45,818,0.008924
55,818,0.008629
65,818,0.008894
70,818,0.008945
75,818,0.008213
0,820,0.002576
15,820,0.003037
25,820,0.004961
35,820,0.008311
45,820,0.008983
55,820,0.008644
65,820,0.008866
70,820,0.008922
75,820,0.008224
0,822,0.002427
15,822,0.003306
25,822,0.004821
35,822,0.008352
45,822,0.009024
55,822,0.008665
65,822,0.008836
70,822,0.008909
75,822,0.008233
0,824,0.002315
15,824,0.003646
25,824,0.004692
35,824,0.008377
45,824,0.009048
55,824,0.008692
65,824,0.008817
70,824,0.008897
75,824,0.008254
0,826,0.002256
15,826,0.004035
25,826,0.004579
35,826,0.008379
45,826,0.009045
55,826,0.00872
65,826,0.008803
70,826,0.008889
75,826,0.00828
0,828,0.002231
15,828,0.004501
25,828,0.004479
35,828,0.008375
45,828,0.00904
55,828,0.008756
65,828,0.008793
70,828,0.00889
75,828,0.008304
0,830,0.002234
15,830,0.005027
25,830,0.004412
35,830,0.008365
45,830,0.009019
55,830,0.008805
65,830,0.008784
70,830,0.008892
75,830,0.008333
0,832,0.002277
15,832,0.005603
25,832,0.00437
35,832,0.008336
45,832,0.008988
55,832,0.008847
65,832,0.00879
70,832,0.008897
75,832,0.008364
0,834,0.002354
15,834,0.006206
25,834,0.00437
35,834,0.008296
45,834,0.00896
55,834,0.008885
65,834,0.008786
70,834,0.008903
75,834,0.008406
0,836,0.002463
15,836,0.006792
25,836,0.004395
35,836,0.008276
45,836,0.008922
55,836,0.008922
65,836,0.008783
70,836,0.008914
75,836,0.008436
0,838,0.002598
15,838,0.007327
25,838,0.004454
35,838,0.008253
45,838,0.00888
55,838,0.008963
65,838,0.008788
70,838,0.008919
75,838,0.008477
0,840,0.002798
15,840,0.007745
25,840,0.004536
35,840,0.008227
45,840,0.008838
55,840,0.008993
65,840,0.008794
70,840,0.00893
75,840,0.008513
0,842,0.003055
15,842,0.008029
25,842,0.004632
35,842,0.00822
45,842,0.008785
55,842,0.009016
65,842,0.008798
70,842,0.008944
75,842,0.008553
0,844,0.003369
15,844,0.008172
25,844,0.004764
35,844,0.008212
45,844,0.008756
55,844,0.009038
65,844,0.008805
70,844,0.008958
75,844,0.008588
0,846,0.00374
15,846,0.008131
25,846,0.004915
35,846,0.008215
45,846,0.008711
55,846,0.009056
65,846,0.008816
70,846,0.008977
75,846,0.008635
0,848,0.004203
15,848,0.007883
25,848,0.005093
35,848,0.008225
45,848,0.008666
55,848,0.009069
65,848,0.008826
70,848,0.008988
75,848,0.008672
0,850,0.004774
15,850,0.007559
25,850,0.005286
35,850,0.008245
45,850,0.008627
55,850,0.009068
65,850,0.008829
70,850,0.009009
75,850,0.008712
0,852,0.005381
15,852,0.00715
25,852,0.005508
35,852,0.008273
45,852,0.008608
55,852,0.009071
65,852,0.008838
70,852,0.009029
75,852,0.008768
0,854,0.006105
15,854,0.006658
25,854,0.005744
35,854,0.00831
45,854,0.008575
55,854,0.009066
65,854,0.008852
70,854,0.009038
75,854,0.008801
0,856,0.006882
15,856,0.006212
25,856,0.005997
35,856,0.008345
45,856,0.008552
55,856,0.009052
65,856,0.008861
70,856,0.009066
75,856,0.008842
0,858,0.007669
15,858,0.005784
25,858,0.006254
35,858,0.008362
45,858,0.008529
55,858,0.00905
65,858,0.008883
70,858,0.009078
75,858,0.008882
0,860,0.008456
15,860,0.005461
25,860,0.006505
35,860,0.008415
45,860,0.008496
55,860,0.009024
65,860,0.008887
70,860,0.009101
75,860,0.008911
0,862,0.00899
15,862,0.005094
25,862,0.006794
35,862,0.008415
45,862,0.008476
55,862,0.009002
65,862,0.008896
70,862,0.009124
75,862,0.008948
0,864,0.009266
15,864,0.004781
25,864,0.007086
35,864,0.008472
45,864,0.008462
55,864,0.009005
65,864,0.008929
70,864,0.009138
75,864,0.008974
0,866,0.009359
15,866,0.004489
25,866,0.007311
35,866,0.008499
45,866,0.008456
55,866,0.008991
65,866,0.008928
70,866,0.00916
75,866,0.00898
0,868,0.0092
15,868,0.0043
25,868,0.007571
35,868,0.008513
45,868,0.008436
55,868,0.008972
65,868,0.008948
70,868,0.009181
75,868,0.008997
0,870,0.008811
15,870,0.004116
25,870,0.007795
35,870,0.008566
45,870,0.008441
55,870,0.00895
65,870,0.008962
70,870,0.009216
75,870,0.009029
0,872,0.008233
15,872,0.004013
25,872,0.007982
35,872,0.008598
45,872,0.008433
55,872,0.008961
65,872,0.008998
70,872,0.00922
75,872,0.009047
0,874,0.007694
15,874,0.003856
25,874,0.008197
35,874,0.008622
45,874,0.008444
55,874,0.008952
65,874,0.009019
70,874,0.009276
75,874,0.009026
0,876,0.007206
15,876,0.003786
25,876,0.008365
35,876,0.008662
45,876,0.008449
55,876,0.008935
65,876,0.00903
70,876,0.009297
75,876,0.008995
0,878,0.006602
15,878,0.003771
25,878,0.008583
35,878,0.008669
45,878,0.008443
55,878,0.008961
65,878,0.009069
70,878,0.009324
75,878,0.008985
0,880,0.006183
15,880,0.003791
25,880,0.008524
35,880,0.008705
45,880,0.008437
55,880,0.008927
65,880,0.009082
70,880,0.009391
75,880,0.008996
0,882,0.005632
15,882,0.003739
25,882,0.008547
35,882,0.008733
45,882,0.008443
55,882,0.008967
65,882,0.009091
70,882,0.00935
75,882,0.008939
0,884,0.005112
15,884,0.003684
25,884,0.008553
35,884,0.008777
45,884,0.008493
55,884,0.008965
65,884,0.009098
70,884,0.009412
75,884,0.008924
0,886,0.004974
15,886,0.003803
25,886,0.0086
35,886,0.008766
45,886,0.008464
55,886,0.00898
65,886,0.009172
70,886,0.009397
75,886,0.008907
0,888,0.004674
15,888,0.003901
25,888,0.008562
35,888,0.008796
45,888,0.008495
55,888,0.008938
65,888,0.009164
70,888,0.009445
75,888,0.008899
0,890,0.004455
15,890,0.003959
25,890,0.008498
35,890,0.00882
45,890,0.008499
55,890,0.00892
65,890,0.009165
70,890,0.009452
75,890,0.008838
0,892,0.004292
15,892,0.004076
25,892,0.008583
35,892,0.00881
45,892,0.008493
55,892,0.008951
65,892,0.009211
70,892,0.009475
75,892,0.008827
0,894,0.004137
15,894,0.004142
25,894,0.008491
35,894,0.008784
45,894,0.008546
55,894,0.008931
65,894,0.009183
70,894,0.009425
75,894,0.008795
0,896,0.004039
15,896,0.004415
25,896,0.008468
35,896,0.008799
45,896,0.00859
55,896,0.00895
65,896,0.009245
70,896,0.009504
75,896,0.008725
0,898,0.003992
15,898,0.00459
25,898,0.008355
35,898,0.008814
45,898,0.008503
55,898,0.008925
65,898,0.009308
70,898,0.009455
75,898,0.008753
0,900,0.004242
15,900,0.005081
25,900,0.008286
35,900,0.008766
45,900,0.008608
55,900,0.008978
65,900,0.009219
70,900,0.009465
75,900,0.008738
