0,250,0
15,250,0
25,250,0
35,250,0
45,250,0
55,250,0
65,250,0
70,250,0
75,250,0
0,252,0
15,252,0
25,252,0
35,252,0
45,252,0
55,252,0
65,252,0
70,252,0
75,252,0
0,254,0
15,254,0
25,254,0
35,254,0
45,254,0
55,254,0
65,254,0
70,254,0
75,254,0
0,256,0
15,256,0
25,256,0
35,256,0
45,256,0
55,256,0
65,256,0
70,256,0
75,256,0
0,258,0
15,258,0
25,258,0
35,258,0
45,258,0
55,258,0
65,258,0
70,258,0
75,258,0
0,260,0
15,260,0
25,260,0
35,260,0
45,260,0
55,260,0
65,260,0
70,260,0
75,260,0
0,262,0
15,262,0
25,262,0
35,262,0
45,262,0
55,262,0
65,262,0
70,262,0
75,262,0
0,264,0
15,264,0
25,264,0
35,264,0
45,264,0
55,264,0
65,264,0
70,264,0
75,264,0
0,266,0
15,266,0
25,266,0
35,266,0
45,266,0
55,266,0
65,266,0
70,266,0
75,266,0
0,268,0
15,268,0
25,268,0
35,268,0
45,268,0
55,268,0
65,268,0
70,268,0
75,268,0
0,270,0
15,270,0
25,270,0
35,270,0
45,270,0
55,270,0
65,270,0
70,270,0
75,270,0
0,272,0
15,272,0
25,272,0
35,272,0
45,272,0
55,272,0
65,272,0
70,272,0
75,272,0
0,274,0
15,274,0
25,274,0
35,274,0
45,274,0
55,274,0
65,274,0
70,274,0
75,274,0
0,276,0
15,276,0
25,276,0
35,276,0
45,276,0
55,276,0
65,276,0
70,276,0
75,276,0
0,278,0
15,278,0
25,278,0
35,278,0
45,278,0
55,278,0
65,278,0
70,278,0
75,278,0
0,280,0
15,280,0
25,280,0
35,280,0
45,280,0
55,280,0
65,280,0
70,280,0
75,280,0
0,282,0
15,282,0
25,282,0
35,282,0
45,282,0
55,282,0
65,282,0
70,282,0
75,282,0
0,284,0
15,284,0
25,284,0
35,284,0
45,284,0
55,284,0
65,284,0
70,284,0
75,284,0
0,286,0
15,286,0
25,286,0
35,286,0
45,286,0
55,286,0
65,286,0
70,286,0
75,286,0
0,288,0
15,288,0
25,288,0
35,288,0
45,288,0
55,288,0
65,288,0
70,288,0
75,288,0
0,290,0
15,290,0
25,290,0
35,290,0
45,290,0
55,290,0
65,290,0
70,290,0
75,290,0
0,292,0
15,292,0
25,292,0
35,292,0
45,292,0
55,292,0
65,292,0
70,292,0
75,292,0
0,294,0
15,294,0
25,294,0
35,294,0
45,294,0
55,294,0
65,294,0
70,294,0
75,294,0
0,296,0
15,296,0
25,296,0
35,296,0
45,296,0
55,296,0
65,296,0
70,296,0
75,296,0
0,298,0
15,298,0
25,298,0
35,298,0
45,298,0
55,298,0
65,298,0
70,298,0
75,298,0
0,300,0
15,300,0
25,300,0
35,300,0
45,300,0
55,300,0
65,300,0
70,300,0
75,300,0
0,302,0
15,302,0
25,302,0
35,302,0
45,302,0
55,302,0
65,302,0
70,302,0
75,302,0
0,304,0
15,304,0
25,304,0
35,304,0
45,304,0
55,304,0
65,304,0
70,304,0
75,304,0
0,306,0
15,306,0
25,306,0
35,306,0
45,306,0
55,306,0
65,306,0
70,306,0
75,306,0
0,308,0
15,308,0
25,308,0
35,308,0
45,308,0
55,308,0
65,308,0
70,308,0
75,308,0
0,310,0
15,310,0
25,310,0
35,310,0
45,310,0
55,310,0
65,310,0
70,310,0
75,310,0
0,312,0
15,312,0
25,312,0
35,312,0
45,312,0
55,312,0
65,312,0
70,312,0
75,312,0
0,314,0
15,314,0
25,314,0
35,314,0
45,314,0
55,314,0
65,314,0
70,314,0
75,314,0
0,316,0
15,316,0
25,316,0
35,316,0
45,316,0
55,316,0
65,316,0
70,316,0
75,316,0
0,318,0
15,318,0
25,318,1E-06
35,318,0
45,318,0
55,318,0
65,318,0
70,318,0
75,318,0
0,320,8.3E-05
15,320,3.1E-05
25,320,1.3E-05
35,320,6E-06
45,320,3E-06
55,320,2E-06
65,320,2E-06
70,320,2E-06
75,320,2E-06
0,322,8.6E-05
15,322,3.3E-05
25,322,1.4E-05
35,322,5E-06
45,322,3E-06
55,322,2E-06
65,322,2E-06
70,322,2E-06
75,322,2E-06
0,324,7.8E-05
15,324,2.9E-05
25,324,1.2E-05
35,324,5E-06
45,324,3E-06
55,324,2E-06
65,324,2E-06
70,324,2E-06
75,324,2E-06
0,326,6.3E-05
15,326,2.6E-05
25,326,1.1E-05
35,326,5E-06
45,326,3E-06
55,326,2E-06
65,326,2E-06
70,326,2E-06
75,326,2E-06
0,328,6.5E-05
15,328,2.5E-05
25,328,1.1E-05
35,328,5E-06
45,328,2E-06
55,328,2E-06
65,328,1E-06
70,328,2E-06
75,328,2E-06
0,330,6.1E-05
15,330,2.3E-05
25,330,9E-06
35,330,4E-06
45,330,2E-06
55,330,2E-06
65,330,1E-06
70,330,1E-06
75,330,1E-06
0,332,5.8E-05
15,332,2.1E-05
25,332,9E-06
35,332,4E-06
45,332,2E-06
55,332,1E-06
65,332,1E-06
70,332,1E-06
75,332,1E-06
0,334,5.1E-05
15,334,1.9E-05
25,334,7E-06
35,334,3E-06
45,334,2E-06
55,334,1E-06
65,334,1E-06
70,334,2E-06
75,334,2E-06
0,336,4E-05
15,336,1.6E-05
25,336,8E-06
35,336,4E-06
45,336,2E-06
55,336,2E-06
65,336,2E-06
70,336,2E-06
75,336,2E-06
0,338,3.8E-05
15,338,1.8E-05
25,338,8E-06
35,338,5E-06
45,338,3E-06
55,338,2E-06
65,338,3E-06
70,338,3E-06
75,338,3E-06
0,340,3.8E-05
15,340,1.7E-05
25,340,1E-05
35,340,7E-06
45,340,4E-06
55,340,4E-06
65,340,6E-06
70,340,7E-06
75,340,7E-06
0,342,4.4E-05
15,342,1.9E-05
25,342,1.4E-05
35,342,1.2E-05
45,342,6E-06
55,342,8E-06
65,342,1.4E-05
70,342,1.4E-05
75,342,1.4E-05
0,344,4.2E-05
15,344,2.9E-05
25,344,2.8E-05
35,344,2E-05
45,344,1.2E-05
55,344,1.9E-05
65,344,2.9E-05
70,344,3E-05
75,344,3E-05
0,346,5.6E-05
15,346,4.9E-05
25,346,5.9E-05
35,346,3.4E-05
45,346,2.3E-05
55,346,4.4E-05
65,346,5.6E-05
70,346,5.8E-05
75,346,6E-05
0,348,8.6E-05
15,348,9.5E-05
25,348,0.000113
35,348,5.5E-05
45,348,4.6E-05
55,348,9.3E-05
65,348,0.000103
70,348,0.000107
75,348,0.000112
0,350,0.00016
15,350,0.000191
25,350,0.000197
35,350,9.5E-05
45,350,9.2E-05
55,350,0.000177
65,350,0.000176
70,350,0.000188
75,350,0.000196
0,352,0.000295
15,352,0.000344
25,352,0.000299
35,352,0.000167
45,352,0.000189
55,352,0.000305
65,352,0.00029
70,352,0.000312
75,352,0.000324
0,354,0.000528
15,354,0.000572
25,354,0.000402
35,354,0.000268
45,354,0.000374
55,354,0.000482
65,354,0.000454
70,354,0.000493
75,354,0.000502
0,356,0.000861
15,356,0.000878
25,356,0.000546
35,356,0.000406
45,356,0.000664
55,356,0.000695
65,356,0.00068
70,356,0.000743
75,356,0.000741
0,358,0.001267
15,358,0.001188
25,358,0.000823
35,358,0.000643
45,358,0.001058
55,358,0.000923
65,358,0.000975
70,358,0.001063
75,358,0.001043
0,360,0.001784
15,360,0.001427
25,360,0.001239
35,360,0.001083
45,360,0.00154
55,360,0.001169
65,360,0.001343
70,360,0.001429
75,360,0.001398
0,362,0.002345
15,362,0.001743
25,362,0.001624
35,362,0.001753
45,362,0.002071
55,362,0.001459
65,362,0.001769
70,362,0.001818
75,362,0.001791
0,364,0.002754
15,364,0.002345
25,364,0.00195
35,364,0.002504
45,364,0.002597
55,364,0.001823
65,364,0.002207
70,364,0.002234
75,364,0.002213
0,366,0.003149
15,366,0.003135
25,366,0.002454
35,366,0.00323
45,366,0.003094
55,366,0.002239
65,366,0.002622
70,366,0.002666
75,366,0.002644
0,368,0.003815
15,368,0.003691
25,368,0.003302
35,368,0.00395
45,368,0.003547
55,368,0.002648
65,368,0.003012
70,368,0.003043
75,368,0.003015
0,370,0.004672
15,370,0.00403
25,370,0.004328
35,370,0.004647
45,370,0.003936
55,370,0.003039
65,370,0.003367
70,370,0.003288
75,370,0.003294
0,372,0.005317
15,372,0.004524
25,372,0.005173
35,372,0.005264
45,372,0.004262
55,372,0.003469
65,372,0.003601
70,372,0.003377
75,372,0.003532
0,374,0.005643
15,374,0.005296
25,374,0.005742
35,374,0.00577
45,374,0.004512
55,374,0.003964
65,374,0.003604
70,374,0.003355
75,374,0.0038
0,376,0.006015
15,376,0.006128
25,376,0.006189
35,376,0.006163
45,376,0.004664
55,376,0.004434
65,376,0.003377
70,376,0.003316
75,376,0.004088
0,378,0.006667
15,378,0.006761
25,378,0.006636
35,378,0.006437
45,378,0.004823
55,378,0.004762
65,378,0.003061
70,378,0.003337
75,378,0.004284
0,380,0.007244
15,380,0.00717
25,380,0.00713
35,380,0.006639
45,380,0.005043
55,380,0.004958
65,380,0.002792
70,380,0.003471
75,380,0.004292
0,382,0.007602
15,382,0.007417
25,382,0.007522
35,382,0.006707
45,382,0.005214
55,382,0.005083
65,382,0.002667
70,382,0.003649
75,382,0.004158
0,384,0.007855
15,384,0.007625
25,384,0.007819
35,384,0.00676
45,384,0.005352
55,384,0.005136
65,384,0.002675
70,384,0.003794
75,384,0.004053
0,386,0.008123
15,386,0.007835
25,386,0.008034
35,386,0.006894
45,386,0.005515
55,386,0.004863
65,386,0.002789
70,386,0.003778
75,386,0.004107
0,388,0.008304
15,388,0.008067
25,388,0.008223
35,388,0.007144
45,388,0.005758
55,388,0.004066
65,388,0.002926
70,388,0.003564
75,388,0.004363
0,390,0.008371
15,390,0.0083
25,390,0.008348
35,390,0.007454
45,390,0.006023
55,390,0.002982
65,390,0.002976
70,390,0.003242
75,390,0.004767
0,392,0.008406
15,392,0.008519
25,392,0.008409
35,392,0.007727
45,392,0.006199
55,392,0.002036
65,392,0.002867
70,392,0.002945
75,392,0.005204
0,394,0.008532
15,394,0.008622
25,394,0.008376
35,394,0.00785
45,394,0.006237
55,394,0.001409
65,394,0.002607
70,394,0.00277
75,394,0.005542
0,396,0.008768
15,396,0.008674
25,396,0.008266
35,396,0.007751
45,396,0.00623
55,396,0.001047
65,396,0.002292
70,396,0.00276
75,396,0.005707
0,398,0.00895
15,398,0.00875
25,398,0.008203
35,398,0.007496
45,398,0.006268
55,398,0.000854
65,398,0.002029
70,398,0.002922
75,398,0.005736
0,400,0.00902
15,400,0.008838
25,400,0.008253
35,400,0.007279
45,400,0.006189
55,400,0.000764
65,400,0.001874
70,400,0.003236
75,400,0.005733
0,402,0.009014
15,402,0.008888
25,402,0.00842
35,402,0.007167
45,402,0.005554
55,402,0.000741
65,402,0.001838
70,402,0.003663
75,402,0.005793
0,404,0.009011
15,404,0.008865
25,404,0.008621
35,404,0.007083
45,404,0.004158
55,404,0.000768
65,404,0.001922
70,404,0.00413
75,404,0.005951
0,406,0.00907
15,406,0.008776
25,406,0.008784
35,406,0.00696
45,406,0.002569
55,406,0.000831
65,406,0.002127
70,406,0.004543
75,406,0.006179
0,408,0.009162
15,408,0.008716
25,408,0.008866
35,408,0.006832
45,408,0.001454
55,408,0.0009
65,408,0.002439
70,408,0.004831
75,408,0.006401
0,410,0.009232
15,410,0.008735
25,410,0.008885
35,410,0.006806
45,410,0.000852
55,410,0.000937
65,410,0.002816
70,410,0.004985
75,410,0.00654
0,412,0.009217
15,412,0.008859
25,412,0.008888
35,412,0.006849
45,412,0.000538
55,412,0.00091
65,412,0.003204
70,412,0.005065
75,412,0.00656
0,414,0.009153
15,414,0.008988
25,414,0.008873
35,414,0.006622
45,414,0.00037
55,414,0.000816
65,414,0.003535
70,414,0.00515
75,414,0.00648
0,416,0.009134
15,416,0.009077
25,416,0.008845
35,416,0.005555
45,416,0.000278
55,416,0.000685
65,416,0.003757
70,416,0.005314
75,416,0.006354
0,418,0.009161
15,418,0.009116
25,418,0.008731
35,418,0.003728
45,418,0.000226
55,418,0.000558
65,418,0.003869
70,418,0.005585
75,418,0.006251
0,420,0.009233
15,420,0.009119
25,420,0.008485
35,420,0.002098
45,420,0.000199
55,420,0.000464
65,420,0.003919
70,420,0.005938
75,420,0.006221
0,422,0.009326
15,422,0.009112
25,422,0.008119
35,422,0.001113
45,422,0.000189
55,422,0.000403
65,422,0.003984
70,422,0.00632
75,422,0.006272
0,424,0.009372
15,424,0.009104
25,424,0.00776
35,424,0.00061
45,424,0.000192
55,424,0.000371
65,424,0.00413
70,424,0.006674
75,424,0.006386
0,426,0.009366
15,426,0.009106
25,426,0.007379
35,426,0.000362
45,426,0.000208
55,426,0.000365
65,426,0.004398
70,426,0.006937
75,426,0.006526
0,428,0.009346
15,428,0.009077
25,428,0.0065
35,428,0.000234
45,428,0.000235
55,428,0.000383
65,428,0.004785
70,428,0.007082
75,428,0.006645
0,430,0.009326
15,430,0.009053
25,430,0.004796
35,430,0.000163
45,430,0.00027
55,430,0.000425
65,430,0.005263
70,430,0.007122
75,430,0.00671
0,432,0.00932
15,432,0.00901
25,432,0.002893
35,432,0.000122
45,432,0.000303
55,432,0.000494
65,432,0.005778
70,432,0.007095
75,432,0.006707
0,434,0.009306
15,434,0.008771
25,434,0.001537
35,434,9.8E-05
45,434,0.000319
55,434,0.000592
65,434,0.006277
70,434,0.007057
75,434,0.006647
0,436,0.009306
15,436,0.007966
25,436,0.000805
35,436,8.2E-05
45,436,0.000304
55,436,0.000714
65,436,0.0067
70,436,0.007044
75,436,0.006555
0,438,0.009312
15,438,0.006354
25,438,0.000446
35,438,7.4E-05
45,438,0.000259
55,438,0.000839
65,438,0.007
70,438,0.007069
75,438,0.006469
0,440,0.009338
15,440,0.004244
25,440,0.000266
35,440,7E-05
45,440,0.000205
55,440,0.000945
65,440,0.007174
70,440,0.007114
75,440,0.00641
0,442,0.009107
15,442,0.002428
25,442,0.000169
35,442,7.1E-05
45,442,0.000158
55,442,0.001007
65,442,0.007248
70,442,0.007138
75,442,0.00639
0,444,0.008155
15,444,0.001294
25,444,0.000118
35,444,7.8E-05
45,444,0.000125
55,444,0.001016
65,444,0.007261
70,444,0.007096
75,444,0.006407
0,446,0.006204
15,446,0.000708
25,446,9.1E-05
35,446,9.4E-05
45,446,0.000106
55,446,0.000992
65,446,0.007326
70,446,0.007027
75,446,0.006518
0,448,0.003963
15,448,0.000415
25,448,7.3E-05
35,448,0.000113
45,448,9.5E-05
55,448,0.000961
65,448,0.007459
70,448,0.006927
75,448,0.006705
0,450,0.002268
15,450,0.000264
25,450,6.2E-05
35,450,0.000138
45,450,9.1E-05
55,450,0.000941
65,450,0.00757
70,450,0.006749
75,450,0.00689
0,452,0.001271
15,452,0.000183
25,452,5.6E-05
35,452,0.000164
45,452,9.3E-05
55,452,0.000954
65,452,0.007617
70,452,0.006541
75,452,0.007068
0,454,0.000735
15,454,0.000135
25,454,5.3E-05
35,454,0.000178
45,454,9.9E-05
55,454,0.001017
65,454,0.007545
70,454,0.006348
75,454,0.007223
0,456,0.000451
15,456,0.000105
25,456,5E-05
35,456,0.00017
45,456,0.000112
55,456,0.001143
65,456,0.007327
70,456,0.006215
75,456,0.007352
0,458,0.000298
15,458,8.5E-05
25,458,4.9E-05
35,458,0.000141
45,458,0.000132
55,458,0.001352
65,458,0.006969
70,458,0.006169
75,458,0.007453
0,460,0.000202
15,460,6.8E-05
25,460,4.8E-05
35,460,0.000108
45,460,0.000159
55,460,0.001665
65,460,0.006511
70,460,0.006216
75,460,0.007529
0,462,0.000133
15,462,4.9E-05
25,462,4.7E-05
35,462,8E-05
45,462,0.000195
55,462,0.002109
65,462,0.006014
70,462,0.006349
75,462,0.007592
0,464,7.6E-05
15,464,3.2E-05
25,464,4.7E-05
35,464,5.9E-05
45,464,0.000236
55,464,0.002703
65,464,0.005542
70,464,0.006552
75,464,0.007648
0,466,3.4E-05
15,466,1.8E-05
25,466,5.2E-05
35,466,4.5E-05
45,466,0.000276
55,466,0.003433
65,466,0.005142
70,466,0.006798
75,466,0.0077
0,468,4E-06
15,468,7E-06
25,468,6.3E-05
35,468,3.7E-05
45,468,0.000303
55,468,0.00423
65,468,0.00485
70,468,0.007045
75,468,0.007738
0,470,0
15,470,0
25,470,7.9E-05
35,470,3.1E-05
45,470,0.000309
55,470,0.005013
65,470,0.004665
70,470,0.007257
75,470,0.007755
0,472,0
15,472,0
25,472,9.2E-05
35,472,2.9E-05
45,472,0.000291
55,472,0.005692
65,472,0.004581
70,472,0.007397
75,472,0.007737
0,474,0
15,474,0
25,474,9.3E-05
35,474,2.8E-05
45,474,0.000258
55,474,0.006183
65,474,0.00459
70,474,0.007434
75,474,0.007668
0,476,0
15,476,0
25,476,7.7E-05
35,476,3E-05
45,476,0.000222
55,476,0.006444
65,476,0.004676
70,476,0.007356
75,476,0.007543
0,478,0
15,478,1E-06
25,478,5.2E-05
35,478,3.3E-05
45,478,0.000194
55,478,0.006492
65,478,0.00481
70,478,0.007156
75,478,0.007356
0,480,0
15,480,6E-06
25,480,3.2E-05
35,480,3.8E-05
45,480,0.000174
55,480,0.006373
65,480,0.004942
70,480,0.006836
75,480,0.007096
0,482,0
15,482,2.9E-05
25,482,2.4E-05
35,482,4.9E-05
45,482,0.000165
55,482,0.006121
65,482,0.005027
70,482,0.006416
75,482,0.006766
0,484,1.5E-05
15,484,6.2E-05
25,484,2.4E-05
35,484,6.6E-05
45,484,0.000166
55,484,0.005814
65,484,0.005113
70,484,0.006025
75,484,0.00648
0,486,3.7E-05
15,486,8.3E-05
25,486,2.3E-05
35,486,8.4E-05
45,486,0.000178
55,486,0.005472
65,486,0.005228
70,486,0.005753
75,486,0.00631
0,488,5.7E-05
15,488,8.9E-05
25,488,2.4E-05
35,488,0.000104
45,488,0.000205
55,488,0.005015
65,488,0.005317
70,488,0.005579
75,488,0.006221
0,490,7.7E-05
15,490,8.3E-05
25,490,2.6E-05
35,490,0.000121
45,490,0.00025
55,490,0.004433
65,490,0.005364
70,490,0.005503
75,490,0.006207
0,492,0.000102
15,492,7.4E-05
25,492,2.9E-05
35,492,0.000129
45,492,0.000323
55,492,0.003756
65,492,0.005359
70,492,0.005522
75,492,0.006269
0,494,0.000132
15,494,6.8E-05
25,494,3.3E-05
35,494,0.000126
45,494,0.000437
55,494,0.003056
65,494,0.0053
70,494,0.005638
75,494,0.006402
0,496,0.000161
15,496,6.7E-05
25,496,3.8E-05
35,496,0.000113
45,496,0.000601
55,496,0.00243
65,496,0.005195
70,496,0.005836
75,496,0.006598
0,498,0.000172
15,498,6.7E-05
25,498,4.2E-05
35,498,0.0001
45,498,0.00081
55,498,0.00194
65,498,0.00506
70,498,0.006097
75,498,0.006842
0,500,0.00016
15,500,6.5E-05
25,500,4.6E-05
35,500,8.8E-05
45,500,0.001042
55,500,0.001582
65,500,0.004919
70,500,0.006401
75,500,0.007112
0,502,0.000134
15,502,5.7E-05
25,502,4.9E-05
35,502,7.9E-05
45,502,0.001248
55,502,0.00133
65,502,0.004793
70,502,0.006731
75,502,0.007392
0,504,0.0001
15,504,4.5E-05
25,504,5.1E-05
35,504,7.2E-05
45,504,0.001365
55,504,0.001153
65,504,0.004697
70,504,0.007076
75,504,0.007665
0,506,6.4E-05
15,506,3.1E-05
25,506,5.7E-05
35,506,6.8E-05
45,506,0.001358
55,506,0.001035
65,506,0.004648
70,506,0.007414
75,506,0.007912
0,508,3.3E-05
15,508,2E-05
25,508,6.4E-05
35,508,6.6E-05
45,508,0.001259
55,508,0.000963
65,508,0.004652
70,508,0.007726
75,508,0.008112
0,510,7E-06
15,510,1E-05
25,510,7.2E-05
35,510,6.9E-05
45,510,0.001143
55,510,0.000925
65,510,0.004711
70,510,0.008002
75,510,0.008251
0,512,0
15,512,2E-06
25,512,7.3E-05
35,512,7.6E-05
45,512,0.001064
55,512,0.000916
65,512,0.004822
70,512,0.008232
75,512,0.008321
0,514,0
15,514,0
25,514,6.6E-05
35,514,9E-05
45,514,0.00104
55,514,0.000935
65,514,0.004985
70,514,0.008412
75,514,0.008319
0,516,0
15,516,0
25,516,5.3E-05
35,516,0.000115
45,516,0.001068
55,516,0.000981
65,516,0.005193
70,516,0.008538
75,516,0.008252
0,518,0
15,518,0
25,518,4E-05
35,518,0.000153
45,518,0.001137
55,518,0.001054
65,518,0.005435
70,518,0.008608
75,518,0.008132
0,520,0
15,520,5E-06
25,520,3E-05
35,520,0.000206
45,520,0.001229
55,520,0.001153
65,520,0.005705
70,520,0.00863
75,520,0.007975
0,522,0
15,522,1.4E-05
25,522,2.3E-05
35,522,0.000269
45,522,0.001331
55,522,0.001276
65,522,0.005993
70,522,0.008614
75,522,0.0078
0,524,0
15,524,2.5E-05
25,524,1.9E-05
35,524,0.000327
45,524,0.001425
55,524,0.001421
65,524,0.006292
70,524,0.008566
75,524,0.00762
0,526,0
15,526,3.4E-05
25,526,1.8E-05
35,526,0.000354
45,526,0.001479
55,526,0.001577
65,526,0.00659
70,526,0.008496
75,526,0.00745
0,528,0
15,528,3.5E-05
25,528,1.8E-05
35,528,0.000329
45,528,0.001454
55,528,0.001727
65,528,0.006869
70,528,0.008415
75,528,0.007302
0,530,0
15,530,3E-05
25,530,1.9E-05
35,530,0.000268
45,530,0.001331
55,530,0.001856
65,530,0.007122
70,530,0.008331
75,530,0.00718
0,532,0
15,532,2.2E-05
25,532,2.3E-05
35,532,0.000203
45,532,0.001119
55,532,0.001949
65,532,0.007344
70,532,0.008247
75,532,0.007092
0,534,5E-06
15,534,1.5E-05
25,534,2.7E-05
35,534,0.000155
45,534,0.000865
55,534,0.001994
65,534,0.007528
70,534,0.008171
75,534,0.007034
0,536,1.8E-05
15,536,1.2E-05
25,536,3.4E-05
35,536,0.000123
45,536,0.000634
55,536,0.001985
65,536,0.00767
70,536,0.008102
75,536,0.007006
0,538,2.5E-05
15,538,9E-06
25,538,4.5E-05
35,538,0.000103
45,538,0.000463
55,538,0.001921
65,538,0.007767
70,538,0.008042
75,538,0.007006
0,540,2.5E-05
15,540,9E-06
25,540,6.1E-05
35,540,9.2E-05
45,540,0.000348
55,540,0.00181
65,540,0.00782
70,540,0.007993
75,540,0.007028
0,542,1.9E-05
15,542,9E-06
25,542,8.4E-05
35,542,8.6E-05
45,542,0.000272
55,542,0.001667
65,542,0.007837
70,542,0.007951
75,542,0.007067
0,544,1E-05
15,544,8E-06
25,544,0.000113
35,544,8.5E-05
45,544,0.000222
55,544,0.001512
65,544,0.007824
70,544,0.007915
75,544,0.007112
0,546,6E-06
15,546,9E-06
25,546,0.000134
35,546,8.9E-05
45,546,0.000189
55,546,0.001363
65,546,0.00779
70,546,0.007884
75,546,0.007156
0,548,5E-06
15,548,1.1E-05
25,548,0.00013
35,548,9.8E-05
45,548,0.000167
55,548,0.001235
65,548,0.007746
70,548,0.007859
75,548,0.007192
0,550,3E-06
15,550,1.5E-05
25,550,0.000103
35,550,0.000113
45,550,0.000153
55,550,0.001131
65,550,0.007697
70,550,0.007832
75,550,0.00721
0,552,1E-06
15,552,2.2E-05
25,552,7.1E-05
35,552,0.000138
45,552,0.000145
55,552,0.001053
65,552,0.00765
70,552,0.007807
75,552,0.00721
0,554,2E-06
15,554,3.1E-05
25,554,4.8E-05
35,554,0.000174
45,554,0.00014
55,554,0.000998
65,554,0.007609
70,554,0.007783
75,554,0.007186
0,556,4E-06
15,556,4.4E-05
25,556,3.4E-05
35,556,0.000222
45,556,0.00014
55,556,0.000966
65,556,0.007581
70,556,0.00776
75,556,0.00714
0,558,4E-06
15,558,6.2E-05
25,558,2.5E-05
35,558,0.000279
45,558,0.000144
55,558,0.000954
65,558,0.007565
70,558,0.007739
75,558,0.007074
0,560,8E-06
15,560,8.1E-05
25,560,2E-05
35,560,0.000342
45,560,0.000153
55,560,0.000961
65,560,0.00756
70,560,0.007718
75,560,0.006992
0,562,1.9E-05
15,562,8.7E-05
25,562,1.9E-05
35,562,0.000404
45,562,0.000166
55,562,0.000987
65,562,0.007562
70,562,0.007699
75,562,0.0069
0,564,2.8E-05
15,564,7.1E-05
25,564,1.7E-05
35,564,0.00044
45,564,0.000185
55,564,0.001033
65,564,0.007572
70,564,0.007682
75,564,0.006804
0,566,3.3E-05
15,566,4.8E-05
25,566,1.5E-05
35,566,0.000423
45,566,0.000211
55,566,0.001101
65,566,0.007586
70,566,0.007667
75,566,0.006706
0,568,4.4E-05
15,568,3.2E-05
25,568,1.4E-05
35,568,0.000351
45,568,0.000244
55,568,0.001192
65,568,0.007601
70,568,0.007656
75,568,0.006613
0,570,6.2E-05
15,570,2.1E-05
25,570,1.4E-05
35,570,0.000259
45,570,0.000287
55,570,0.001312
65,570,0.007618
70,570,0.007647
75,570,0.00653
0,572,7.7E-05
15,572,1.6E-05
25,572,1.4E-05
35,572,0.000183
45,572,0.000338
55,572,0.001464
65,572,0.007633
70,572,0.007641
75,572,0.006459
0,574,7.2E-05
15,574,1.2E-05
25,574,1.4E-05
35,574,0.000132
45,574,0.000399
55,574,0.001656
65,574,0.007641
70,574,0.007638
75,574,0.006405
0,576,5.1E-05
15,576,1E-05
25,576,1.4E-05
35,576,0.0001
45,576,0.000466
55,576,0.001891
65,576,0.007645
70,576,0.007636
75,576,0.006368
0,578,3.3E-05
15,578,8E-06
25,578,1.6E-05
35,578,8E-05
45,578,0.000536
55,578,0.002174
65,578,0.007646
70,578,0.007636
75,578,0.006351
0,580,2.2E-05
15,580,7E-06
25,580,1.8E-05
35,580,6.7E-05
45,580,0.000603
55,580,0.00251
65,580,0.007643
70,580,0.00764
75,580,0.006352
0,582,1.4E-05
15,582,6E-06
25,582,2.2E-05
35,582,5.8E-05
45,582,0.000657
55,582,0.002897
65,582,0.007634
70,582,0.007644
75,582,0.00637
0,584,1E-05
15,584,5E-06
25,584,2.7E-05
35,584,5.2E-05
45,584,0.000688
55,584,0.003332
65,584,0.007622
70,584,0.007647
75,584,0.006404
0,586,8E-06
15,586,5E-06
25,586,3.4E-05
35,586,4.8E-05
45,586,0.000689
55,586,0.003804
65,586,0.007609
70,586,0.007652
75,586,0.006454
0,588,6E-06
15,588,5E-06
25,588,4.7E-05
35,588,4.6E-05
45,588,0.000658
55,588,0.004295
65,588,0.007595
70,588,0.007655
75,588,0.006515
0,590,7E-06
15,590,6E-06
25,590,6.8E-05
35,590,4.5E-05
45,590,0.000602
55,590,0.004791
65,590,0.007582
70,590,0.007657
75,590,0.006584
0,592,7E-06
15,592,5E-06
25,592,9.9E-05
35,592,4.5E-05
45,592,0.000534
55,592,0.005269
65,592,0.00757
70,592,0.00766
75,592,0.006657
0,594,4E-06
15,594,5E-06
25,594,0.00014
35,594,4.7E-05
45,594,0.000466
55,594,0.005705
65,594,0.00756
70,594,0.007662
75,594,0.006732
0,596,3E-06
15,596,6E-06
25,596,0.000183
35,596,5E-05
45,596,0.000407
55,596,0.006077
65,596,0.007554
70,596,0.007662
75,596,0.006804
0,598,4E-06
15,598,6E-06
25,598,0.00021
35,598,5.2E-05
45,598,0.00036
55,598,0.006365
65,598,0.007552
70,598,0.007663
75,598,0.006869
0,600,5E-06
15,600,7E-06
25,600,0.0002
35,600,5.6E-05
45,600,0.000324
55,600,0.006562
65,600,0.007555
70,600,0.007664
75,600,0.006924
0,602,4E-06
15,602,8E-06
25,602,0.000157
35,602,6.2E-05
45,602,0.000297
55,602,0.006666
65,602,0.00756
70,602,0.007665
75,602,0.006966
0,604,2E-06
15,604,9E-06
25,604,0.000109
35,604,7E-05
45,604,0.000278
55,604,0.006688
65,604,0.007569
70,604,0.007666
75,604,0.006996
0,606,1E-06
15,606,1.1E-05
25,606,7.6E-05
35,606,8.2E-05
45,606,0.000265
55,606,0.006648
65,606,0.00758
70,606,0.007668
75,606,0.007011
0,608,2E-06
15,608,1.3E-05
25,608,5.6E-05
35,608,9.9E-05
45,608,0.000258
55,608,0.00657
65,608,0.007593
70,608,0.00767
75,608,0.00701
0,610,3E-06
15,610,1.7E-05
25,610,4.4E-05
35,610,0.00012
45,610,0.000255
55,610,0.006478
65,610,0.007607
70,610,0.007673
75,610,0.006998
0,612,3E-06
15,612,2.5E-05
25,612,3.9E-05
35,612,0.000148
45,612,0.000258
55,612,0.006392
65,612,0.007625
70,612,0.007678
75,612,0.006974
0,614,3E-06
15,614,3.6E-05
25,614,3.6E-05
35,614,0.000183
45,614,0.000265
55,614,0.006332
65,614,0.007643
70,614,0.007682
75,614,0.006942
0,616,4E-06
15,616,5.6E-05
25,616,3.3E-05
35,616,0.000225
45,616,0.000277
55,616,0.006307
65,616,0.007661
70,616,0.007689
75,616,0.006913
0,618,6E-06
15,618,9E-05
25,618,2.8E-05
35,618,0.000271
45,618,0.000294
55,618,0.00632
65,618,0.007681
70,618,0.007698
75,618,0.006884
0,620,5E-06
15,620,0.00013
25,620,2.4E-05
35,620,0.000319
45,620,0.000318
55,620,0.006368
65,620,0.007698
70,620,0.007708
75,620,0.006846
0,622,4E-06
15,622,0.00015
25,622,2.2E-05
35,622,0.000361
45,622,0.000348
55,622,0.006447
65,622,0.007713
70,622,0.007717
75,622,0.006797
0,624,6E-06
15,624,0.000134
25,624,2.1E-05
35,624,0.000386
45,624,0.000388
55,624,0.006551
65,624,0.007728
70,624,0.007727
75,624,0.006745
0,626,8E-06
15,626,0.000102
25,626,2E-05
35,626,0.000387
45,626,0.000437
55,626,0.006674
65,626,0.007744
70,626,0.007738
75,626,0.006701
0,628,1.3E-05
15,628,7.6E-05
25,628,2E-05
35,628,0.000363
45,628,0.0005
55,628,0.006809
65,628,0.007756
70,628,0.007755
75,628,0.00667
0,630,1.8E-05
15,630,5.8E-05
25,630,2.1E-05
35,630,0.000322
45,630,0.00058
55,630,0.00695
65,630,0.007767
70,630,0.007779
75,630,0.00665
0,632,2.6E-05
15,632,4.2E-05
25,632,2.2E-05
35,632,0.000276
45,632,0.000684
55,632,0.007089
65,632,0.007778
70,632,0.0078
75,632,0.006641
0,634,4.1E-05
15,634,3E-05
25,634,2.4E-05
35,634,0.000235
45,634,0.000818
55,634,0.007216
65,634,0.007793
70,634,0.007812
75,634,0.006642
0,636,7.1E-05
15,636,2.3E-05
25,636,2.6E-05
35,636,0.000201
45,636,0.000989
55,636,0.007323
65,636,0.007812
70,636,0.007818
75,636,0.006651
0,638,0.000116
15,638,2E-05
25,638,2.9E-05
35,638,0.000175
45,638,0.001203
55,638,0.007405
65,638,0.007835
70,638,0.007813
75,638,0.006669
0,640,0.000146
15,640,1.7E-05
25,640,3.4E-05
35,640,0.000157
45,640,0.001468
55,640,0.007455
65,640,0.007859
70,640,0.007804
75,640,0.006695
0,642,0.00013
15,642,1.5E-05
25,642,3.9E-05
35,642,0.000143
45,642,0.001795
55,642,0.007473
65,642,0.007875
70,642,0.007799
75,642,0.006728
0,644,8.8E-05
15,644,1.3E-05
25,644,4.7E-05
35,644,0.000133
45,644,0.002186
55,644,0.00746
65,644,0.007885
70,644,0.007799
75,644,0.006768
0,646,5.5E-05
15,646,1.3E-05
25,646,5.7E-05
35,646,0.000128
45,646,0.002642
55,646,0.007419
65,646,0.007889
70,646,0.007799
75,646,0.006814
0,648,3.8E-05
15,648,1.2E-05
25,648,7.2E-05
35,648,0.000126
45,648,0.00316
55,648,0.007353
65,648,0.007884
70,648,0.007798
75,648,0.006864
0,650,2.9E-05
15,650,1.2E-05
25,650,9.1E-05
35,650,0.000124
45,650,0.003729
55,650,0.007266
65,650,0.00788
70,650,0.0078
75,650,0.006915
0,652,2.2E-05
15,652,1.3E-05
25,652,0.000117
35,652,0.000123
45,652,0.00432
55,652,0.007161
65,652,0.007881
70,652,0.007802
75,652,0.006967
0,654,1.8E-05
15,654,1.2E-05
25,654,0.00015
35,654,0.000122
45,654,0.004885
55,654,0.007049
65,654,0.007887
70,654,0.007804
75,654,0.007019
0,656,1.5E-05
15,656,1.3E-05
25,656,0.000189
35,656,0.000122
45,656,0.005371
55,656,0.006939
65,656,0.007895
70,656,0.007806
75,656,0.007069
0,658,1.2E-05
15,658,1.5E-05
25,658,0.000227
35,658,0.000125
45,658,0.00573
55,658,0.006831
65,658,0.007904
70,658,0.007808
75,658,0.007116
0,660,9E-06
15,660,1.7E-05
25,660,0.000255
35,660,0.00013
45,660,0.005931
55,660,0.006731
65,660,0.007912
70,660,0.007812
75,660,0.007163
0,662,1E-05
15,662,1.8E-05
25,662,0.000266
35,662,0.000136
45,662,0.005973
55,662,0.006646
65,662,0.00792
70,662,0.007818
75,662,0.007214
0,664,9E-06
15,664,2E-05
25,664,0.000255
35,664,0.000146
45,664,0.00588
55,664,0.006581
65,664,0.00793
70,664,0.007825
75,664,0.007288
0,666,8E-06
15,666,2.4E-05
25,666,0.000228
35,666,0.000159
45,666,0.005702
55,666,0.006537
65,666,0.007943
70,666,0.007836
75,666,0.00742
0,668,1E-05
15,668,2.7E-05
25,668,0.000197
35,668,0.000175
45,668,0.005498
55,668,0.006516
65,668,0.007954
70,668,0.007849
75,668,0.007586
0,670,1E-05
15,670,3.3E-05
25,670,0.000168
35,670,0.000196
45,670,0.005308
55,670,0.006522
65,670,0.007963
70,670,0.007868
75,670,0.007674
0,672,7E-06
15,672,4.2E-05
25,672,0.000146
35,672,0.000222
45,672,0.005159
55,672,0.006551
65,672,0.007973
70,672,0.007897
75,672,0.007625
0,674,8E-06
15,674,5.4E-05
25,674,0.00013
35,674,0.000256
45,674,0.005064
55,674,0.006594
65,674,0.007986
70,674,0.007939
75,674,0.007485
0,676,9E-06
15,676,6.9E-05
25,676,0.000116
35,676,0.000298
45,676,0.005028
55,676,0.006641
65,676,0.008001
70,676,0.008014
75,676,0.007349
0,678,1.1E-05
15,678,9.1E-05
25,678,0.000103
35,678,0.000353
45,678,0.00505
55,678,0.006686
65,678,0.00802
70,678,0.008149
75,678,0.00726
0,680,1.1E-05
15,680,0.00012
25,680,9.2E-05
35,680,0.000424
45,680,0.005124
55,680,0.00673
65,680,0.008048
70,680,0.008323
75,680,0.007199
0,682,1.4E-05
15,682,0.000155
25,682,8.3E-05
35,682,0.000518
45,682,0.005252
55,682,0.006779
65,682,0.00809
70,682,0.00846
75,682,0.007151
0,684,1.7E-05
15,684,0.000193
25,684,7.6E-05
35,684,0.000641
45,684,0.005425
55,684,0.006844
65,684,0.008165
70,684,0.008512
75,684,0.007113
0,686,1.8E-05
15,686,0.00022
25,686,7.2E-05
35,686,0.000803
45,686,0.005641
55,686,0.00693
65,686,0.008292
70,686,0.00848
75,686,0.007078
0,688,2.4E-05
15,688,0.000229
25,688,6.9E-05
35,688,0.001015
45,688,0.005887
55,688,0.007026
65,688,0.008446
70,688,0.008385
75,688,0.007048
0,690,3.2E-05
15,690,0.000219
25,690,6.8E-05
35,690,0.001284
45,690,0.006149
55,690,0.007129
65,690,0.008569
70,690,0.008286
75,690,0.007026
0,692,4E-05
15,692,0.000195
25,692,6.7E-05
35,692,0.001627
45,692,0.006427
55,692,0.007236
65,692,0.00863
70,692,0.008225
75,692,0.007006
0,694,5.1E-05
15,694,0.000166
25,694,6.8E-05
35,694,0.002056
45,694,0.00671
55,694,0.007344
65,694,0.00862
70,694,0.008196
75,694,0.006994
0,696,6.7E-05
15,696,0.000138
25,696,6.9E-05
35,696,0.002568
45,696,0.006975
55,696,0.007454
65,696,0.008539
70,696,0.008186
75,696,0.00699
0,698,8.9E-05
15,698,0.000114
25,698,7.1E-05
35,698,0.003156
45,698,0.007208
55,698,0.00756
65,698,0.008428
70,698,0.008188
75,698,0.006994
0,700,0.000119
15,700,9.7E-05
25,700,7.4E-05
35,700,0.003805
45,700,0.007402
55,700,0.00766
65,700,0.008339
70,700,0.008195
75,700,0.007007
0,702,0.000157
15,702,8.3E-05
25,702,7.8E-05
35,702,0.004452
45,702,0.007538
55,702,0.007752
65,702,0.008284
70,702,0.008205
75,702,0.007033
0,704,0.000193
15,704,7.2E-05
25,704,8.4E-05
35,704,0.005004
45,704,0.007613
55,704,0.007838
65,704,0.008256
70,704,0.008216
75,704,0.007074
0,706,0.000219
15,706,6.3E-05
25,706,9E-05
35,706,0.005369
45,706,0.007634
55,706,0.007919
65,706,0.008246
70,706,0.008231
75,706,0.007137
0,708,0.000217
15,708,5.9E-05
25,708,9.9E-05
35,708,0.005499
45,708,0.007597
55,708,0.008
65,708,0.008245
70,708,0.008246
75,708,0.00723
0,710,0.000196
15,710,5.4E-05
25,710,0.00011
35,710,0.005414
45,710,0.007487
55,710,0.008077
65,710,0.00825
70,710,0.008263
75,710,0.007362
0,712,0.000165
15,712,5.1E-05
25,712,0.000123
35,712,0.005183
45,712,0.0073
55,712,0.008162
65,712,0.008261
70,712,0.008283
75,712,0.007543
0,714,0.000133
15,714,4.9E-05
25,714,0.000139
35,714,0.004893
45,714,0.007051
55,714,0.008265
65,714,0.008276
70,714,0.008306
75,714,0.007758
0,716,0.000107
15,716,4.8E-05
25,716,0.00016
35,716,0.004614
45,716,0.006769
55,716,0.008386
65,716,0.008293
70,716,0.008337
75,716,0.007956
0,718,8.9E-05
15,718,4.8E-05
25,718,0.000186
35,718,0.004387
45,718,0.006492
55,718,0.008526
65,718,0.008313
70,718,0.008376
75,718,0.008085
0,720,7.7E-05
15,720,4.8E-05
25,720,0.000219
35,720,0.004222
45,720,0.006235
55,720,0.008667
65,720,0.008338
70,720,0.008425
75,720,0.008125
0,722,6.5E-05
15,722,4.9E-05
25,722,0.000261
35,722,0.004122
45,722,0.006007
55,722,0.008774
65,722,0.008366
70,722,0.00849
75,722,0.008087
0,724,5.6E-05
15,724,4.9E-05
25,724,0.000315
35,724,0.004084
45,724,0.00581
55,724,0.008819
65,724,0.008399
70,724,0.008575
75,724,0.008013
0,726,5.1E-05
15,726,5.2E-05
25,726,0.000387
35,726,0.004111
45,726,0.005644
55,726,0.008793
65,726,0.00844
70,726,0.008688
75,726,0.007941
0,728,4.7E-05
15,728,5.5E-05
25,728,0.000481
35,728,0.004206
45,728,0.005513
55,728,0.00871
65,728,0.008486
70,728,0.008828
75,728,0.007888
0,730,4.3E-05
15,730,5.9E-05
25,730,0.000609
35,730,0.004365
45,730,0.005417
55,730,0.008599
65,730,0.008542
70,730,0.008981
75,730,0.007859
0,732,4.1E-05
15,732,6.1E-05
25,732,0.000784
35,732,0.004591
45,732,0.005351
55,732,0.008494
65,732,0.008614
70,732,0.009123
75,732,0.007852
0,734,3.7E-05
15,734,6.7E-05
25,734,0.001022
35,734,0.004887
45,734,0.005311
55,734,0.008414
65,734,0.008705
70,734,0.009228
75,734,0.007859
0,736,3.5E-05
15,736,7.3E-05
25,736,0.001342
35,736,0.005242
45,736,0.005305
55,736,0.008359
65,736,0.008817
70,736,0.00928
75,736,0.007873
0,738,3.7E-05
15,738,8.1E-05
25,738,0.001763
35,738,0.005633
45,738,0.00533
55,738,0.008326
65,738,0.008945
70,738,0.009277
75,738,0.007894
0,740,3.8E-05
15,740,9.1E-05
25,740,0.002296
35,740,0.006034
45,740,0.005382
55,740,0.008303
65,740,0.009082
70,740,0.009226
75,740,0.00792
0,742,3.7E-05
15,742,0.000104
25,742,0.00293
35,742,0.006416
45,742,0.005467
55,742,0.008296
65,742,0.00921
70,742,0.009146
75,742,0.007945
0,744,3.5E-05
15,744,0.000119
25,744,0.003624
35,744,0.006762
45,744,0.005582
55,744,0.008296
65,744,0.009314
70,744,0.009057
75,744,0.007971
0,746,4E-05
15,746,0.000137
25,746,0.004295
35,746,0.007078
45,746,0.00573
55,746,0.008302
65,746,0.009382
70,746,0.008975
75,746,0.008002
0,748,4.1E-05
15,748,0.000159
25,748,0.004822
35,748,0.007362
45,748,0.005918
55,748,0.008308
65,748,0.009405
70,748,0.008907
75,748,0.008032
0,750,4.4E-05
15,750,0.000189
25,750,0.005101
35,750,0.007584
45,750,0.006141
55,750,0.00832
65,750,0.009386
70,750,0.008857
75,750,0.008065
0,752,4.6E-05
15,752,0.000226
25,752,0.005115
35,752,0.007726
45,752,0.006396
55,752,0.008338
65,752,0.009333
70,752,0.008825
75,752,0.008102
0,754,5E-05
15,754,0.000275
25,754,0.004928
35,754,0.00777
45,754,0.006677
55,754,0.008361
65,754,0.009264
70,754,0.008805
75,754,0.008139
0,756,5.5E-05
15,756,0.000339
25,756,0.004632
35,756,0.007706
45,756,0.006963
55,756,0.008389
65,756,0.009188
70,756,0.008797
75,756,0.008182
0,758,5.9E-05
15,758,0.000423
25,758,0.004335
35,758,0.007543
45,758,0.007232
55,758,0.008422
65,758,0.009119
70,758,0.008801
75,758,0.008227
0,760,6.7E-05
15,760,0.000538
25,760,0.004102
35,760,0.00731
45,760,0.007456
55,760,0.008458
65,760,0.00906
70,760,0.008809
75,760,0.008278
0,762,7.6E-05
15,762,0.000692
25,762,0.003943
35,762,0.007019
45,762,0.007623
55,762,0.008498
65,762,0.009013
70,762,0.008822
75,762,0.008324
0,764,9E-05
15,764,0.000907
25,764,0.003857
35,764,0.006699
45,764,0.007749
55,764,0.008539
65,764,0.008976
70,764,0.008845
75,764,0.00836
0,766,0.000104
15,766,0.001204
25,766,0.003823
35,766,0.006379
45,766,0.007855
55,766,0.008588
65,766,0.008954
70,766,0.008876
75,766,0.008383
0,768,0.000118
15,768,0.001614
25,768,0.003819
35,768,0.006082
45,768,0.007948
55,768,0.008642
65,768,0.008947
70,768,0.008913
75,768,0.008388
0,770,0.000142
15,770,0.002158
25,770,0.003822
35,770,0.005805
45,770,0.008049
55,770,0.008702
65,770,0.008939
70,770,0.008951
75,770,0.008372
0,772,0.000166
15,772,0.002845
25,772,0.003843
35,772,0.005561
45,772,0.008149
55,772,0.008768
65,772,0.008938
70,772,0.008998
75,772,0.008333
0,774,0.0002
15,774,0.003611
25,774,0.003905
35,774,0.005362
45,774,0.00825
55,774,0.008838
65,774,0.008946
70,774,0.009049
75,774,0.00828
0,776,0.000247
15,776,0.004342
25,776,0.004027
35,776,0.005208
45,776,0.008344
55,776,0.008915
65,776,0.00896
70,776,0.009107
75,776,0.008215
0,778,0.000302
15,778,0.004881
25,778,0.004209
35,778,0.005105
45,778,0.008418
55,778,0.009005
65,778,0.008977
70,778,0.009165
75,778,0.008151
0,780,0.000378
15,780,0.005126
25,780,0.004459
35,780,0.005044
45,780,0.008477
55,780,0.009092
65,780,0.009003
70,780,0.009219
75,780,0.00809
0,782,0.000481
15,782,0.005098
25,782,0.004769
35,782,0.005029
45,782,0.00852
55,782,0.00917
65,782,0.009036
70,782,0.00927
75,782,0.008032
0,784,0.000616
15,784,0.004888
25,784,0.005128
35,784,0.005045
45,784,0.008546
55,784,0.00923
65,784,0.00907
70,784,0.009314
75,784,0.007982
0,786,0.000803
15,786,0.004587
25,786,0.005544
35,786,0.005078
45,786,0.008555
55,786,0.009265
65,786,0.009113
70,786,0.009345
75,786,0.007944
0,788,0.001059
15,788,0.004258
25,788,0.006003
35,788,0.005116
45,788,0.008552
55,788,0.009279
65,788,0.009161
70,788,0.009354
75,788,0.007912
0,790,0.00142
15,790,0.003957
25,790,0.006473
35,790,0.005141
45,790,0.008539
55,790,0.009268
65,790,0.009204
70,790,0.009354
75,790,0.007886
0,792,0.001928
15,792,0.003696
25,792,0.006939
35,792,0.005152
45,792,0.008518
55,792,0.009237
65,792,0.009246
70,792,0.009338
75,792,0.007867
0,794,0.00259
15,794,0.003493
25,794,0.00735
35,794,0.005154
45,794,0.008492
55,794,0.009199
65,794,0.009289
70,794,0.009307
75,794,0.007855
0,796,0.003405
15,796,0.003349
25,796,0.007686
35,796,0.005157
45,796,0.008466
55,796,0.009146
65,796,0.009326
70,796,0.009271
75,796,0.007849
0,798,0.004282
15,798,0.003272
25,798,0.007912
35,798,0.005176
45,798,0.008434
55,798,0.009085
65,798,0.009356
70,798,0.00923
75,798,0.007847
0,800,0.004997
15,800,0.003252
25,800,0.008002
35,800,0.005233
45,800,0.008411
55,800,0.00903
65,800,0.00937
70,800,0.009184
75,800,0.00785
0,802,0.00537
15,802,0.003288
25,802,0.007957
35,802,0.005325
45,802,0.008391
55,802,0.008978
65,802,0.009373
70,802,0.00914
75,802,0.007859
0,804,0.005341
15,804,0.003374
25,804,0.007782
35,804,0.005441
45,804,0.00838
55,804,0.008938
65,804,0.009364
70,804,0.009097
75,804,0.007868
0,806,0.005032
15,806,0.003512
25,806,0.007523
35,806,0.005586
45,806,0.008379
55,806,0.008894
65,806,0.009347
70,806,0.009055
75,806,0.007885
0,808,0.004605
15,808,0.003707
25,808,0.007216
35,808,0.005763
45,808,0.008386
55,808,0.008864
65,808,0.00932
70,808,0.009023
75,808,0.007899
0,810,0.004193
15,810,0.003958
25,810,0.006884
35,810,0.005965
45,810,0.008403
55,810,0.008847
65,810,0.009292
70,810,0.008998
75,810,0.007921
0,812,0.003829
15,812,0.004236
25,812,0.006587
35,812,0.00616
45,812,0.008439
55,812,0.008843
65,812,0.009281
70,812,0.008987
75,812,0.007953
0,814,0.003534
15,814,0.004586
25,814,0.006281
35,814,0.00639
45,814,0.008483
55,814,0.008831
65,814,0.009255
70,814,0.008969
75,814,0.007978
0,816,0.003327
15,816,0.005016
25,816,0.005977
35,816,0.006629
45,816,0.008539
55,816,0.008833
65,816,0.009223
70,816,0.008957
75,816,0.008005
0,818,0.003175
15,818,0.005499
25,818,0.00569
35,818,0.006882
45,818,0.008604
55,818,0.008842
65,818,0.009197
70,818,0.008945
75,818,0.008031
0,820,0.003096
15,820,0.006033
25,820,0.005426
35,820,0.00714
45,820,0.008679
55,820,0.008843
65,820,0.009171
70,820,0.008938
75,820,0.008063
0,822,0.003062
15,822,0.006594
25,822,0.00517
35,822,0.007393
45,822,0.008763
55,822,0.008859
65,822,0.009151
70,822,0.008933
75,822,0.008097
0,824,0.003073
15,824,0.007147
25,824,0.00493
35,824,0.007639
45,824,0.008848
55,824,0.008877
65,824,0.009131
70,824,0.008934
75,824,0.008134
0,826,0.003138
15,826,0.007655
25,826,0.004732
35,826,0.007861
45,826,0.008935
55,826,0.008903
65,826,0.009122
70,826,0.008941
75,826,0.008172
0,828,0.003239
15,828,0.008046
25,828,0.004552
35,828,0.008077
45,828,0.00901
55,828,0.008929
65,828,0.009114
70,828,0.008946
75,828,0.008211
0,830,0.003393
15,830,0.008294
25,830,0.004398
35,830,0.008267
45,830,0.009083
55,830,0.008967
65,830,0.009115
70,830,0.00896
75,830,0.008256
0,832,0.003611
15,832,0.008351
25,832,0.004286
35,832,0.008428
45,832,0.009142
55,832,0.009008
65,832,0.00911
70,832,0.008975
75,832,0.008299
0,834,0.003891
15,834,0.008279
25,834,0.004212
35,834,0.008558
45,834,0.009195
55,834,0.009049
65,834,0.009118
70,834,0.008995
75,834,0.00834
0,836,0.004211
15,836,0.008024
25,836,0.004157
35,836,0.008654
45,836,0.009231
55,836,0.009088
65,836,0.009114
70,836,0.009015
75,836,0.008385
0,838,0.004608
15,838,0.007661
25,838,0.004136
35,838,0.008731
45,838,0.009261
55,838,0.009129
65,838,0.009121
70,838,0.009035
75,838,0.00843
0,840,0.00506
15,840,0.007224
25,840,0.004141
35,840,0.008775
45,840,0.009272
55,840,0.009159
65,840,0.009137
70,840,0.009056
75,840,0.008477
0,842,0.005596
15,842,0.006762
25,842,0.004174
35,842,0.008794
45,842,0.009277
55,842,0.009187
65,842,0.009138
70,842,0.009081
75,842,0.008514
0,844,0.006207
15,844,0.006295
25,844,0.004234
35,844,0.008804
45,844,0.009278
55,844,0.009216
65,844,0.00915
70,844,0.009109
75,844,0.008561
0,846,0.006847
15,846,0.005867
25,846,0.004319
35,846,0.008789
45,846,0.009282
55,846,0.009235
65,846,0.009158
70,846,0.009135
75,846,0.008591
0,848,0.007429
15,848,0.005467
25,848,0.004424
35,848,0.008766
45,848,0.009282
55,848,0.009251
65,848,0.009165
70,848,0.009163
75,848,0.008621
0,850,0.008013
15,850,0.005106
25,850,0.004551
35,850,0.008733
45,850,0.009268
55,850,0.009267
65,850,0.009172
70,850,0.009196
75,850,0.008653
0,852,0.008451
15,852,0.004798
25,852,0.004707
35,852,0.008704
45,852,0.009248
55,852,0.009279
65,852,0.009186
70,852,0.009229
75,852,0.008679
0,854,0.008723
15,854,0.004522
25,854,0.00488
35,854,0.008672
45,854,0.009229
55,854,0.009284
65,854,0.009202
70,854,0.009265
75,854,0.008686
0,856,0.008713
15,856,0.004287
25,856,0.005079
35,856,0.008672
45,856,0.009213
55,856,0.009274
65,856,0.009204
70,856,0.009291
75,856,0.008692
0,858,0.008559
15,858,0.004085
25,858,0.005296
35,858,0.008618
45,858,0.009191
55,858,0.009266
65,858,0.009233
70,858,0.009332
75,858,0.008684
0,860,0.008304
15,860,0.004034
25,860,0.005552
35,860,0.00858
45,860,0.009159
55,860,0.009252
65,860,0.009231
70,860,0.009352
75,860,0.008668
0,862,0.00772
15,862,0.003831
25,862,0.005796
35,862,0.00856
45,862,0.009111
55,862,0.009238
65,862,0.009252
70,862,0.009387
75,862,0.008647
0,864,0.00716
15,864,0.003718
25,864,0.006072
35,864,0.008573
45,864,0.009086
55,864,0.009244
65,864,0.009274
70,864,0.009429
75,864,0.008633
0,866,0.00659
15,866,0.00366
25,866,0.00638
35,866,0.00854
45,866,0.009063
55,866,0.009239
65,866,0.009293
70,866,0.009451
75,866,0.008602
0,868,0.006158
15,868,0.003656
25,868,0.006672
35,868,0.008518
45,868,0.009009
55,868,0.009225
65,868,0.009299
70,868,0.009491
75,868,0.00856
0,870,0.005678
15,870,0.003605
25,870,0.006997
35,870,0.00853
45,870,0.008979
55,870,0.009234
65,870,0.009306
70,870,0.009527
75,870,0.008534
0,872,0.005279
15,872,0.003579
25,872,0.007276
35,872,0.008529
45,872,0.00894
55,872,0.009209
65,872,0.009322
70,872,0.009535
75,872,0.00849
0,874,0.004866
15,874,0.003669
25,874,0.007559
35,874,0.008548
45,874,0.008898
55,874,0.0092
65,874,0.009353
70,874,0.009581
75,874,0.008446
0,876,0.004484
15,876,0.003731
25,876,0.007927
35,876,0.008549
45,876,0.008875
55,876,0.009197
65,876,0.009394
70,876,0.009583
75,876,0.008432
0,878,0.004296
15,878,0.003854
25,878,0.008239
35,878,0.008565
45,878,0.008845
55,878,0.009203
65,878,0.009427
70,878,0.009639
75,878,0.008412
0,880,0.00404
15,880,0.003935
25,880,0.008389
35,880,0.00861
45,880,0.008799
55,880,0.009191
65,880,0.009412
70,880,0.009662
75,880,0.008372
0,882,0.003842
15,882,0.004115
25,882,0.008584
35,882,0.008663
45,882,0.008798
55,882,0.009199
65,882,0.009421
70,882,0.009655
75,882,0.008316
0,884,0.003789
15,884,0.004282
25,884,0.008674
35,884,0.008644
45,884,0.008726
55,884,0.009222
65,884,0.009467
70,884,0.009633
75,884,0.008339
0,886,0.003673
15,886,0.004487
25,886,0.008903
35,886,0.008669
45,886,0.008681
55,886,0.009202
65,886,0.00949
70,886,0.009649
75,886,0.008268
0,888,0.003572
15,888,0.004713
25,888,0.008957
35,888,0.008712
45,888,0.008671
55,888,0.009242
65,888,0.009499
70,888,0.009633
75,888,0.008247
0,890,0.003369
15,890,0.004856
25,890,0.009082
35,890,0.008778
45,890,0.008616
55,890,0.009236
65,890,0.009544
70,890,0.009654
75,890,0.008252
0,892,0.003616
15,892,0.00517
25,892,0.009076
35,892,0.008809
45,892,0.008659
55,892,0.009185
65,892,0.00953
70,892,0.009678
75,892,0.00826
0,894,0.003367
15,894,0.005387
25,894,0.009124
35,894,0.008924
45,894,0.008582
55,894,0.009188
65,894,0.009579
70,894,0.009645
75,894,0.008187
0,896,0.003423
15,896,0.005556
25,896,0.009057
35,896,0.00896
45,896,0.008625
55,896,0.009216
65,896,0.009588
70,896,0.009614
75,896,0.008169
0,898,0.003536
15,898,0.006034
25,898,0.009007
35,898,0.009049
45,898,0.00853
55,898,0.009222
65,898,0.009591
70,898,0.009555
75,898,0.008205
0,900,0.003861
15,900,0.006275
25,900,0.008919
35,900,0.009003
45,900,0.00861
55,900,0.009297
65,900,0.009557
70,900,0.009653
75,900,0.008166
