0,250,0
15,250,0
25,250,0
35,250,0
45,250,0
55,250,0
65,250,0
70,250,0
75,250,0
0,252,0
15,252,0
25,252,0
35,252,0
45,252,0
55,252,0
65,252,0
70,252,0
75,252,0
0,254,0
15,254,0
25,254,0
35,254,0
45,254,0
55,254,0
65,254,0
70,254,0
75,254,0
0,256,0
15,256,0
25,256,0
35,256,0
45,256,0
55,256,0
65,256,0
70,256,0
75,256,0
0,258,0
15,258,0
25,258,0
35,258,0
45,258,0
55,258,0
65,258,0
70,258,0
75,258,0
0,260,0
15,260,0
25,260,0
35,260,0
45,260,0
55,260,0
65,260,0
70,260,0
75,260,0
0,262,0
15,262,0
25,262,0
35,262,0
45,262,0
55,262,0
65,262,0
70,262,0
75,262,0
0,264,0
15,264,0
25,264,0
35,264,0
45,264,0
55,264,0
65,264,0
70,264,0
75,264,0
0,266,0
15,266,0
25,266,0
35,266,0
45,266,0
55,266,0
65,266,0
70,266,0
75,266,0
0,268,0
15,268,0
25,268,0
35,268,0
45,268,0
55,268,0
65,268,0
70,268,0
75,268,0
0,270,0
15,270,0
25,270,0
35,270,0
45,270,0
55,270,0
65,270,0
70,270,0
75,270,0
0,272,0
15,272,0
25,272,0
35,272,0
45,272,0
55,272,0
65,272,0
70,272,0
75,272,0
0,274,0
15,274,0
25,274,0
35,274,0
45,274,0
55,274,0
65,274,0
70,274,0
75,274,0
0,276,0
15,276,0
25,276,0
35,276,0
45,276,0
55,276,0
65,276,0
70,276,0
75,276,0
0,278,0
15,278,0
25,278,0
35,278,0
45,278,0
55,278,0
65,278,0
70,278,0
75,278,0
0,280,0
15,280,0
25,280,0
35,280,0
45,280,0
55,280,0
65,280,0
70,280,0
75,280,0
0,282,0
15,282,0
25,282,0
35,282,0
45,282,0
55,282,0
65,282,0
70,282,0
75,282,0
0,284,0
15,284,0
25,284,0
35,284,0
45,284,0
55,284,0
65,284,0
70,284,0
75,284,0
0,286,0
15,286,0
25,286,0
35,286,0
45,286,0
55,286,0
65,286,0
70,286,0
75,286,0
0,288,0
15,288,0
25,288,0
35,288,0
45,288,0
55,288,0
65,288,0
70,288,0
75,288,0
0,290,0
15,290,0
25,290,0
35,290,0
45,290,0
55,290,0
65,290,0
70,290,0
75,290,0
0,292,0
15,292,0
25,292,0
35,292,0
45,292,0
55,292,0
65,292,0
70,292,0
75,292,0
0,294,0
15,294,0
25,294,0
35,294,0
45,294,0
55,294,0
65,294,0
70,294,0
75,294,0
0,296,0
15,296,0
25,296,0
35,296,0
45,296,0
55,296,0
65,296,0
70,296,0
75,296,0
0,298,0
15,298,0
25,298,0
35,298,0
45,298,0
55,298,0
65,298,0
70,298,0
75,298,0
0,300,0
15,300,0
25,300,0
35,300,0
45,300,0
55,300,0
65,300,0
70,300,0
75,300,0
0,302,0
15,302,0
25,302,0
35,302,0
45,302,0
55,302,0
65,302,0
70,302,0
75,302,0
0,304,0
15,304,0
25,304,0
35,304,0
45,304,0
55,304,0
65,304,0
70,304,0
75,304,0
0,306,0
15,306,0
25,306,0
35,306,0
45,306,0
55,306,0
65,306,0
70,306,0
75,306,0
0,308,0
15,308,0
25,308,0
35,308,0
45,308,0
55,308,0
65,308,0
70,308,0
75,308,0
0,310,0
15,310,0
25,310,0
35,310,0
45,310,0
55,310,0
65,310,0
70,310,0
75,310,0
0,312,0
15,312,0
25,312,0
35,312,0
45,312,0
55,312,0
65,312,0
70,312,0
75,312,0
0,314,0
15,314,0
25,314,0
35,314,0
45,314,0
55,314,0
65,314,0
70,314,0
75,314,0
0,316,0
15,316,0
25,316,0
35,316,0
45,316,0
55,316,0
65,316,0
70,316,0
75,316,0
0,318,0
15,318,0
25,318,0
35,318,0
45,318,0
55,318,0
65,318,0
70,318,0
75,318,0
0,320,1E-06
15,320,1E-06
25,320,1E-06
35,320,1E-06
45,320,1E-06
55,320,1E-06
65,320,1E-06
70,320,1E-06
75,320,1E-06
0,322,1E-06
15,322,1E-06
25,322,1E-06
35,322,1E-06
45,322,1E-06
55,322,2E-06
65,322,2E-06
70,322,1E-06
75,322,2E-06
0,324,1E-06
15,324,1E-06
25,324,1E-06
35,324,1E-06
45,324,1E-06
55,324,1E-06
65,324,1E-06
70,324,1E-06
75,324,2E-06
0,326,1E-06
15,326,1E-06
25,326,1E-06
35,326,1E-06
45,326,1E-06
55,326,1E-06
65,326,1E-06
70,326,1E-06
75,326,2E-06
0,328,1E-06
15,328,1E-06
25,328,1E-06
35,328,1E-06
45,328,1E-06
55,328,1E-06
65,328,1E-06
70,328,1E-06
75,328,1E-06
0,330,1E-06
15,330,1E-06
25,330,1E-06
35,330,1E-06
45,330,1E-06
55,330,1E-06
65,330,1E-06
70,330,1E-06
75,330,1E-06
0,332,1E-06
15,332,1E-06
25,332,1E-06
35,332,1E-06
45,332,1E-06
55,332,1E-06
65,332,1E-06
70,332,1E-06
75,332,1E-06
0,334,1E-06
15,334,1E-06
25,334,1E-06
35,334,1E-06
45,334,1E-06
55,334,1E-06
65,334,1E-06
70,334,1E-06
75,334,1E-06
0,336,1E-06
15,336,1E-06
25,336,1E-06
35,336,1E-06
45,336,1E-06
55,336,1E-06
65,336,1E-06
70,336,1E-06
75,336,1E-06
0,338,1E-06
15,338,1E-06
25,338,2E-06
35,338,2E-06
45,338,3E-06
55,338,2E-06
65,338,2E-06
70,338,2E-06
75,338,1E-06
0,340,2E-06
15,340,3E-06
25,340,3E-06
35,340,5E-06
45,340,6E-06
55,340,4E-06
65,340,3E-06
70,340,2E-06
75,340,2E-06
0,342,4E-06
15,342,6E-06
25,342,8E-06
35,342,1.1E-05
45,342,1.3E-05
55,342,8E-06
65,342,5E-06
70,342,4E-06
75,342,4E-06
0,344,1.1E-05
15,344,1.3E-05
25,344,2E-05
35,344,2.8E-05
45,344,2.6E-05
55,344,1.4E-05
65,344,1E-05
70,344,9E-06
75,344,7E-06
0,346,2.5E-05
15,346,3.4E-05
25,346,4.9E-05
35,346,6.2E-05
45,346,4.7E-05
55,346,2.6E-05
65,346,2.1E-05
70,346,1.8E-05
75,346,1.5E-05
0,348,6.1E-05
15,348,8.3E-05
25,348,0.000111
35,348,0.000123
45,348,7.4E-05
55,348,5E-05
65,348,4E-05
70,348,3.7E-05
75,348,3.2E-05
0,350,0.000143
15,350,0.000183
25,350,0.000221
35,350,0.000212
45,350,0.000116
55,350,9.1E-05
65,350,7.8E-05
70,350,7.9E-05
75,350,7.3E-05
0,352,0.000302
15,352,0.000356
25,352,0.000395
35,352,0.000314
45,352,0.000192
55,352,0.000154
65,352,0.000159
70,352,0.000171
75,352,0.000153
0,354,0.000558
15,354,0.000617
25,354,0.000638
35,354,0.000424
45,354,0.000324
55,354,0.000255
65,354,0.000327
70,354,0.000335
75,354,0.000285
0,356,0.000919
15,356,0.00097
25,356,0.000911
35,356,0.000589
45,356,0.000503
55,356,0.000453
65,356,0.000601
70,356,0.000578
75,356,0.000482
0,358,0.001371
15,358,0.001411
25,358,0.001157
35,358,0.00088
45,358,0.000711
55,358,0.000833
65,358,0.000968
70,358,0.000917
75,358,0.000755
0,360,0.001906
15,360,0.001857
25,360,0.001432
35,360,0.001289
45,360,0.001018
55,360,0.001391
65,360,0.001434
70,360,0.001342
75,360,0.001076
0,362,0.00248
15,362,0.002238
25,362,0.00187
35,362,0.001708
45,362,0.001562
55,362,0.002012
65,362,0.001995
70,362,0.001813
75,362,0.001426
0,364,0.002982
15,364,0.002655
25,364,0.002489
35,364,0.002126
45,364,0.002391
55,364,0.00266
65,364,0.00258
70,364,0.002301
75,364,0.001758
0,366,0.003465
15,366,0.00325
25,366,0.003136
35,366,0.002708
45,366,0.003316
55,366,0.003375
65,366,0.003165
70,366,0.002754
75,366,0.001978
0,368,0.004058
15,368,0.003957
25,368,0.003706
35,368,0.003549
45,368,0.004086
55,368,0.004092
65,368,0.003699
70,368,0.003027
75,368,0.002042
0,370,0.004718
15,370,0.004613
25,370,0.004297
35,370,0.004514
45,370,0.004732
55,370,0.00472
65,370,0.004043
70,370,0.003106
75,370,0.002077
0,372,0.005325
15,372,0.005193
25,372,0.005
35,372,0.005375
45,372,0.00536
55,372,0.00529
65,372,0.004158
70,372,0.003165
75,372,0.002124
0,374,0.005869
15,374,0.005785
25,374,0.005755
35,374,0.006016
45,374,0.005958
55,374,0.005787
65,374,0.0042
70,374,0.003292
75,374,0.002201
0,376,0.006409
15,376,0.00638
25,376,0.006434
35,376,0.0065
45,376,0.006474
55,376,0.006123
65,376,0.004364
70,376,0.003422
75,376,0.002428
0,378,0.006919
15,378,0.006905
25,378,0.006967
35,378,0.006913
45,378,0.0069
55,378,0.006239
65,378,0.004619
70,378,0.00362
75,378,0.002721
0,380,0.007355
15,380,0.007356
25,380,0.007388
35,380,0.007317
45,380,0.007281
55,380,0.006238
65,380,0.004849
70,380,0.003896
75,380,0.002976
0,382,0.00768
15,382,0.007687
25,382,0.0077
35,382,0.007656
45,382,0.00757
55,382,0.006325
65,382,0.00498
70,382,0.004103
75,382,0.003207
0,384,0.007949
15,384,0.007959
25,384,0.007948
35,384,0.007944
45,384,0.007753
55,384,0.006603
65,384,0.005056
70,384,0.004312
75,384,0.003541
0,386,0.008169
15,386,0.008184
25,386,0.008155
35,386,0.008181
45,386,0.007808
55,386,0.007001
65,386,0.005151
70,386,0.00464
75,386,0.003948
0,388,0.008343
15,388,0.008368
25,388,0.008344
35,388,0.008361
45,388,0.007799
55,388,0.007313
65,388,0.005362
70,388,0.005047
75,388,0.00423
0,390,0.008489
15,390,0.008511
25,390,0.008512
35,390,0.008502
45,390,0.007845
55,390,0.007335
65,390,0.005691
70,390,0.005343
75,390,0.004291
0,392,0.008616
15,392,0.008621
25,392,0.008667
35,392,0.008599
45,392,0.007997
55,392,0.007095
65,392,0.005994
70,392,0.005412
75,392,0.004293
0,394,0.008724
15,394,0.008717
25,394,0.008788
35,394,0.008656
45,394,0.008241
55,394,0.006848
65,394,0.006116
70,394,0.005398
75,394,0.004404
0,396,0.008802
15,396,0.008822
25,396,0.00887
35,396,0.008677
45,396,0.008484
55,396,0.006791
65,396,0.006095
70,396,0.005494
75,396,0.0045
0,398,0.008855
15,398,0.00892
25,398,0.008924
35,398,0.008703
45,398,0.008641
55,398,0.006871
65,398,0.006129
70,398,0.005602
75,398,0.004173
0,400,0.008918
15,400,0.009001
25,400,0.008969
35,400,0.008763
45,400,0.008678
55,400,0.006925
65,400,0.006257
70,400,0.005267
75,400,0.003343
0,402,0.008997
15,402,0.009049
25,402,0.009014
35,402,0.008866
45,402,0.008589
55,402,0.006887
65,402,0.006128
70,402,0.004239
75,402,0.002447
0,404,0.009066
15,404,0.009069
25,404,0.009053
35,404,0.008984
45,404,0.008405
55,404,0.006847
65,404,0.005227
70,404,0.002964
75,404,0.0018
0,406,0.009107
15,406,0.009094
25,406,0.009081
35,406,0.009068
45,406,0.008169
55,406,0.006915
65,406,0.003702
70,406,0.001973
75,406,0.001404
0,408,0.009114
15,408,0.009133
25,408,0.009104
35,408,0.00911
45,408,0.007891
55,408,0.006957
65,408,0.002328
70,408,0.001353
75,408,0.001159
0,410,0.009122
15,410,0.009173
25,410,0.009131
35,410,0.009127
45,410,0.007583
55,410,0.006432
65,410,0.001445
70,410,0.000976
75,410,0.000973
0,412,0.009153
15,412,0.009197
25,412,0.00917
35,412,0.009146
45,412,0.007347
55,412,0.004943
65,412,0.000936
70,412,0.000734
75,412,0.000799
0,414,0.009194
15,414,0.009188
25,414,0.009215
35,414,0.009152
45,414,0.007285
55,414,0.003075
65,414,0.00064
70,414,0.000567
75,414,0.000634
0,416,0.009218
15,416,0.009166
25,416,0.009245
35,416,0.009107
45,416,0.007287
55,416,0.001687
65,416,0.000463
70,416,0.000449
75,416,0.000499
0,418,0.009201
15,418,0.009159
25,418,0.00926
35,418,0.008918
45,418,0.006834
55,418,0.000933
65,418,0.000354
70,418,0.000369
75,418,0.000406
0,420,0.009151
15,420,0.009184
25,420,0.009265
35,420,0.008535
45,420,0.0054
55,420,0.000555
65,420,0.000287
70,420,0.000318
75,420,0.00035
0,422,0.00911
15,422,0.009222
25,422,0.009272
35,422,0.008066
45,422,0.003398
55,422,0.000357
65,422,0.000245
70,422,0.000289
75,422,0.000325
0,424,0.009106
15,424,0.009254
25,424,0.009284
35,424,0.007681
45,424,0.001796
55,424,0.000248
65,424,0.00022
70,424,0.000278
75,424,0.000321
0,426,0.009141
15,426,0.009268
25,426,0.009267
35,426,0.007174
45,426,0.000913
55,426,0.000184
65,426,0.000211
70,426,0.000286
75,426,0.000332
0,428,0.009187
15,428,0.009275
25,428,0.009179
35,428,0.005939
45,428,0.000495
55,428,0.000147
65,428,0.000216
70,428,0.000308
75,428,0.000339
0,430,0.009219
15,430,0.009282
25,430,0.008929
35,430,0.003988
45,430,0.000294
55,430,0.000125
65,430,0.000233
70,430,0.000334
75,430,0.000319
0,432,0.009237
15,432,0.009277
25,432,0.008406
35,432,0.002186
45,432,0.000189
55,432,0.000113
65,432,0.000262
70,432,0.000344
75,432,0.000266
0,434,0.009253
15,434,0.009218
25,434,0.007462
35,434,0.001084
45,434,0.000131
55,434,0.000108
65,434,0.000294
70,434,0.000316
75,434,0.000198
0,436,0.009262
15,436,0.009057
25,436,0.005869
35,436,0.000547
45,436,9.7E-05
55,436,0.000111
65,436,0.00031
70,436,0.000254
75,436,0.000142
0,438,0.00922
15,438,0.008692
25,438,0.003822
35,438,0.0003
45,438,7.7E-05
55,438,0.000121
65,438,0.00029
70,438,0.000188
75,438,0.000103
0,440,0.009062
15,440,0.007873
25,440,0.002079
35,440,0.00018
45,440,6.5E-05
55,440,0.000139
65,440,0.000238
70,440,0.000136
75,440,8E-05
0,442,0.008705
15,442,0.006307
25,442,0.001034
35,442,0.000116
45,442,5.9E-05
55,442,0.000166
65,442,0.000178
70,442,0.000102
75,442,6.5E-05
0,444,0.007988
15,444,0.004179
25,444,0.000518
35,444,8.1E-05
45,444,5.6E-05
55,444,0.000196
65,444,0.000131
70,444,8.2E-05
75,444,5.8E-05
0,446,0.00666
15,446,0.00228
25,446,0.000277
35,446,6.1E-05
45,446,5.8E-05
55,446,0.000219
65,446,0.0001
70,446,7E-05
75,446,5.5E-05
0,448,0.004755
15,448,0.001151
25,448,0.000164
35,448,4.9E-05
45,448,6.4E-05
55,448,0.000216
65,448,8.1E-05
70,448,6.4E-05
75,448,5.5E-05
0,450,0.002831
15,450,0.000586
25,450,0.000106
35,450,4.2E-05
45,450,7.4E-05
55,450,0.000187
65,450,7.1E-05
70,450,6.3E-05
75,450,5.9E-05
0,452,0.001481
15,452,0.000314
25,452,7.3E-05
35,452,3.8E-05
45,452,9E-05
55,452,0.000146
65,452,6.5E-05
70,452,6.5E-05
75,452,6.6E-05
0,454,0.000743
15,454,0.00018
25,454,5.4E-05
35,454,3.6E-05
45,454,0.000114
55,454,0.00011
65,454,6.3E-05
70,454,7.1E-05
75,454,7.9E-05
0,456,0.000384
15,456,0.000111
25,456,4.2E-05
35,456,3.6E-05
45,456,0.000142
55,456,8.5E-05
65,456,6.6E-05
70,456,8.1E-05
75,456,9.7E-05
0,458,0.000213
15,458,7.4E-05
25,458,3.4E-05
35,458,3.8E-05
45,458,0.000162
55,458,6.9E-05
65,458,7.1E-05
70,458,9.7E-05
75,458,0.000122
0,460,0.000128
15,460,5.2E-05
25,460,2.9E-05
35,460,4.2E-05
45,460,0.000162
55,460,5.9E-05
65,460,8E-05
70,460,0.00012
75,460,0.000151
0,462,8.1E-05
15,462,3.8E-05
25,462,2.5E-05
35,462,4.8E-05
45,462,0.00014
55,462,5.3E-05
65,462,9.4E-05
70,462,0.00015
75,462,0.000175
0,464,5.4E-05
15,464,2.9E-05
25,464,2.3E-05
35,464,5.8E-05
45,464,0.000107
55,464,4.9E-05
65,464,0.000115
70,464,0.000183
75,464,0.000185
0,466,3.7E-05
15,466,2.3E-05
25,466,2.2E-05
35,466,7.4E-05
45,466,7.8E-05
55,466,4.8E-05
65,466,0.000144
70,466,0.000208
75,466,0.000175
0,468,2.7E-05
15,468,1.8E-05
25,468,2.1E-05
35,468,9.4E-05
45,468,5.8E-05
55,468,5E-05
65,468,0.000176
70,468,0.000212
75,468,0.000155
0,470,2.1E-05
15,470,1.6E-05
25,470,2.3E-05
35,470,0.000111
45,470,4.4E-05
55,470,5.4E-05
65,470,0.000203
70,470,0.000197
75,470,0.000134
0,472,1.6E-05
15,472,1.4E-05
25,472,2.6E-05
35,472,0.000113
45,472,3.6E-05
55,472,6.3E-05
65,472,0.000212
70,472,0.000171
75,472,0.000118
0,474,1.4E-05
15,474,1.4E-05
25,474,3.2E-05
35,474,9.8E-05
45,474,3.1E-05
55,474,7.6E-05
65,474,0.000199
70,474,0.000147
75,474,0.000107
0,476,1.2E-05
15,476,1.4E-05
25,476,4.2E-05
35,476,7.4E-05
45,476,2.9E-05
55,476,9.5E-05
65,476,0.000174
70,476,0.000128
75,476,0.000103
0,478,1.1E-05
15,478,1.5E-05
25,478,5.6E-05
35,478,5.2E-05
45,478,2.8E-05
55,478,0.000118
65,478,0.000147
70,478,0.000115
75,478,0.000103
0,480,1.1E-05
15,480,1.7E-05
25,480,7.2E-05
35,480,3.7E-05
45,480,2.8E-05
55,480,0.00014
65,480,0.000125
70,480,0.000109
75,480,0.000108
0,482,1.2E-05
15,482,2.2E-05
25,482,8.3E-05
35,482,2.8E-05
45,482,3.1E-05
55,482,0.000155
65,482,0.00011
70,482,0.000109
75,482,0.000121
0,484,1.5E-05
15,484,3.1E-05
25,484,8E-05
35,484,2.4E-05
45,484,3.7E-05
55,484,0.000155
65,484,0.000102
70,484,0.000116
75,484,0.000144
0,486,1.8E-05
15,486,4.2E-05
25,486,6.4E-05
35,486,2.1E-05
45,486,4.5E-05
55,486,0.000142
65,486,0.000101
70,486,0.000132
75,486,0.000184
0,488,2.2E-05
15,488,5.8E-05
25,488,4.7E-05
35,488,2E-05
45,488,5.7E-05
55,488,0.000124
65,488,0.000107
70,488,0.00016
75,488,0.00025
0,490,2.8E-05
15,490,7.3E-05
25,490,3.5E-05
35,490,2E-05
45,490,7.3E-05
55,490,0.000107
65,490,0.000121
70,490,0.000206
75,490,0.000357
0,492,3.9E-05
15,492,7.7E-05
25,492,2.8E-05
35,492,2.2E-05
45,492,9.3E-05
55,492,9.5E-05
65,492,0.000144
70,492,0.000282
75,492,0.000524
0,494,5.4E-05
15,494,6.6E-05
25,494,2.4E-05
35,494,2.4E-05
45,494,0.000114
55,494,8.8E-05
65,494,0.000183
70,494,0.000406
75,494,0.000752
0,496,7E-05
15,496,5E-05
25,496,2.1E-05
35,496,2.8E-05
45,496,0.000127
55,496,8.5E-05
65,496,0.000246
70,496,0.000594
75,496,0.000989
0,498,7.5E-05
15,498,3.7E-05
25,498,2E-05
35,498,3.4E-05
45,498,0.000128
55,498,8.6E-05
65,498,0.000345
70,498,0.000832
75,498,0.001141
0,500,6.5E-05
15,500,2.9E-05
25,500,1.9E-05
35,500,4.1E-05
45,500,0.000116
55,500,9.1E-05
65,500,0.000493
70,500,0.001053
75,500,0.001178
0,502,4.8E-05
15,502,2.3E-05
25,502,1.9E-05
35,502,5.2E-05
45,502,0.0001
55,502,0.000101
65,502,0.000688
70,502,0.00117
75,502,0.001157
0,504,3.4E-05
15,504,1.9E-05
25,504,1.8E-05
35,504,6.6E-05
45,504,8.4E-05
55,504,0.000117
65,504,0.000886
70,504,0.001159
75,504,0.001155
0,506,2.4E-05
15,506,1.5E-05
25,506,1.9E-05
35,506,8.3E-05
45,506,7.1E-05
55,506,0.000142
65,506,0.001004
70,506,0.001084
75,506,0.001229
0,508,1.8E-05
15,508,1.3E-05
25,508,2E-05
35,508,9.7E-05
45,508,6.3E-05
55,508,0.000183
65,508,0.000997
70,508,0.001022
75,508,0.001435
0,510,1.4E-05
15,510,1.2E-05
25,510,2.2E-05
35,510,0.000102
45,510,5.8E-05
55,510,0.000247
65,510,0.000903
70,510,0.001015
75,510,0.001872
0,512,1.1E-05
15,512,1.1E-05
25,512,2.7E-05
35,512,9.5E-05
45,512,5.6E-05
55,512,0.000341
65,512,0.000798
70,512,0.001088
75,512,0.002669
0,514,9E-06
15,514,1.1E-05
25,514,3.4E-05
35,514,8.1E-05
45,514,5.8E-05
55,514,0.000457
65,514,0.000723
70,514,0.001277
75,514,0.003667
0,516,8E-06
15,516,1.2E-05
25,516,4.6E-05
35,516,6.5E-05
45,516,6.2E-05
55,516,0.000557
65,516,0.000695
70,516,0.001643
75,516,0.004018
0,518,8E-06
15,518,1.4E-05
25,518,6E-05
35,518,5.2E-05
45,518,7.1E-05
55,518,0.000589
65,518,0.000719
70,518,0.002198
75,518,0.003195
0,520,8E-06
15,520,1.7E-05
25,520,7.3E-05
35,520,4.4E-05
45,520,8.6E-05
55,520,0.00054
65,520,0.000803
70,520,0.002738
75,520,0.00197
0,522,9E-06
15,522,2.2E-05
25,522,7.8E-05
35,522,3.8E-05
45,522,0.000111
55,522,0.000447
65,522,0.000972
70,522,0.002848
75,522,0.001108
0,524,1.1E-05
15,524,2.9E-05
25,524,7.3E-05
35,524,3.5E-05
45,524,0.000149
55,524,0.000356
65,524,0.00125
70,524,0.002392
75,524,0.000653
0,526,1.3E-05
15,526,4E-05
25,526,6.1E-05
35,526,3.5E-05
45,526,0.000204
55,526,0.000288
65,526,0.001595
70,526,0.001668
75,526,0.000422
0,528,1.7E-05
15,528,5.3E-05
25,528,4.8E-05
35,528,3.6E-05
45,528,0.000265
55,528,0.000246
65,528,0.001841
70,528,0.001047
75,528,0.000298
0,530,2.3E-05
15,530,6.4E-05
25,530,3.8E-05
35,530,4E-05
45,530,0.000306
55,530,0.000222
65,530,0.001825
70,530,0.000657
75,530,0.000226
0,532,3.1E-05
15,532,6.6E-05
25,532,3.2E-05
35,532,4.6E-05
45,532,0.000302
55,532,0.000213
65,532,0.00155
70,532,0.000437
75,532,0.000181
0,534,4.2E-05
15,534,6E-05
25,534,2.7E-05
35,534,5.5E-05
45,534,0.000256
55,534,0.000217
65,534,0.001148
70,534,0.000312
75,534,0.000153
0,536,5.5E-05
15,536,4.8E-05
25,536,2.5E-05
35,536,7E-05
45,536,0.000194
55,536,0.000236
65,536,0.000774
70,536,0.000238
75,536,0.000135
0,538,6.1E-05
15,538,3.7E-05
25,538,2.4E-05
35,538,9.3E-05
45,538,0.000143
55,538,0.000272
65,538,0.000514
70,538,0.000192
75,538,0.000124
0,540,5.8E-05
15,540,3E-05
25,540,2.5E-05
35,540,0.000125
45,540,0.000108
55,540,0.000334
65,540,0.000356
70,540,0.000162
75,540,0.000118
0,542,4.8E-05
15,542,2.5E-05
25,542,2.7E-05
35,542,0.000161
45,542,8.5E-05
55,542,0.000431
65,542,0.000261
70,542,0.000143
75,542,0.000116
0,544,3.8E-05
15,544,2.2E-05
25,544,3.1E-05
35,544,0.00018
45,544,7.1E-05
55,544,0.000561
65,544,0.000203
70,544,0.00013
75,544,0.000118
0,546,2.9E-05
15,546,2E-05
25,546,3.7E-05
35,546,0.000168
45,546,6.3E-05
55,546,0.000689
65,546,0.000166
70,546,0.000124
75,546,0.000125
0,548,2.4E-05
15,548,1.9E-05
25,548,4.8E-05
35,548,0.000133
45,548,5.9E-05
55,548,0.00076
65,548,0.000142
70,548,0.000121
75,548,0.000136
0,550,2E-05
15,550,2E-05
25,550,6.3E-05
35,550,9.4E-05
45,550,5.7E-05
55,550,0.000747
65,550,0.000126
70,550,0.000122
75,550,0.000154
0,552,1.8E-05
15,552,2.1E-05
25,552,8.5E-05
35,552,6.5E-05
45,552,5.7E-05
55,552,0.000658
65,552,0.000116
70,552,0.000127
75,552,0.000181
0,554,1.7E-05
15,554,2.4E-05
25,554,0.00011
35,554,4.7E-05
45,554,6.1E-05
55,554,0.000523
65,554,0.00011
70,554,0.000137
75,554,0.000223
0,556,1.7E-05
15,556,3E-05
25,556,0.000124
35,556,3.5E-05
45,556,6.7E-05
55,556,0.000382
65,556,0.000108
70,556,0.000152
75,556,0.000288
0,558,1.8E-05
15,558,3.9E-05
25,558,0.000115
35,558,2.8E-05
45,558,7.8E-05
55,558,0.000271
65,558,0.000109
70,558,0.000174
75,558,0.00039
0,560,2E-05
15,560,5.3E-05
25,560,8.8E-05
35,560,2.4E-05
45,560,9.6E-05
55,560,0.000197
65,560,0.000113
70,560,0.000207
75,560,0.000557
0,562,2.4E-05
15,562,7.5E-05
25,562,6E-05
35,562,2.1E-05
45,562,0.000125
55,562,0.00015
65,562,0.000121
70,562,0.000255
75,562,0.000813
0,564,2.9E-05
15,564,9.7E-05
25,564,4E-05
35,564,2E-05
45,564,0.000169
55,564,0.00012
65,564,0.000133
70,564,0.000326
75,564,0.001132
0,566,3.9E-05
15,566,0.000105
25,566,2.7E-05
35,566,1.8E-05
45,566,0.000231
55,566,0.0001
65,566,0.00015
70,566,0.00043
75,566,0.001369
0,568,5.5E-05
15,568,8.9E-05
25,568,2E-05
35,568,1.8E-05
45,568,0.000299
55,568,8.6E-05
65,568,0.000174
70,568,0.000575
75,568,0.001373
0,570,7.8E-05
15,570,6.2E-05
25,570,1.6E-05
35,570,1.8E-05
45,570,0.000351
55,570,7.8E-05
65,570,0.000209
70,570,0.000753
75,570,0.001169
0,572,9.7E-05
15,572,3.9E-05
25,572,1.3E-05
35,572,1.9E-05
45,572,0.000367
55,572,7.2E-05
65,572,0.000259
70,572,0.000919
75,572,0.000894
0,574,9.3E-05
15,574,2.6E-05
25,574,1.1E-05
35,574,2E-05
45,574,0.000345
55,574,6.9E-05
65,574,0.000328
70,574,0.001011
75,574,0.000659
0,576,6.7E-05
15,576,1.8E-05
25,576,9E-06
35,576,2.3E-05
45,576,0.000293
55,576,6.7E-05
65,576,0.000421
70,576,0.000995
75,576,0.000493
0,578,4.2E-05
15,578,1.3E-05
25,578,9E-06
35,578,2.6E-05
45,578,0.000226
55,578,6.8E-05
65,578,0.000534
70,578,0.00089
75,578,0.000383
0,580,2.6E-05
15,580,1E-05
25,580,8E-06
35,580,3.2E-05
45,580,0.000164
55,580,7E-05
65,580,0.000649
70,580,0.000743
75,580,0.000311
0,582,1.8E-05
15,582,8E-06
25,582,8E-06
35,582,4E-05
45,582,0.000119
55,582,7.4E-05
65,582,0.00074
70,582,0.000598
75,582,0.000263
0,584,1.2E-05
15,584,7E-06
25,584,7E-06
35,584,5.4E-05
45,584,8.9E-05
55,584,8.1E-05
65,584,0.000778
70,584,0.00048
75,584,0.000231
0,586,9E-06
15,586,6E-06
25,586,7E-06
35,586,7.5E-05
45,586,7.1E-05
55,586,9E-05
65,586,0.000758
70,586,0.000392
75,586,0.000209
0,588,7E-06
15,588,5E-06
25,588,8E-06
35,588,0.000109
45,588,5.9E-05
55,588,0.000103
65,588,0.00069
70,588,0.00033
75,588,0.000195
0,590,6E-06
15,590,5E-06
25,590,8E-06
35,590,0.000153
45,590,5.1E-05
55,590,0.000119
65,590,0.000597
70,590,0.000286
75,590,0.000187
0,592,5E-06
15,592,4E-06
25,592,9E-06
35,592,0.000194
45,592,4.5E-05
55,592,0.000141
65,592,0.000501
70,592,0.000255
75,592,0.000183
0,594,4E-06
15,594,4E-06
25,594,1E-05
35,594,0.000216
45,594,4.2E-05
55,594,0.000171
65,594,0.000418
70,594,0.000234
75,594,0.000183
0,596,4E-06
15,596,4E-06
25,596,1.2E-05
35,596,0.000213
45,596,4.1E-05
55,596,0.000213
65,596,0.000353
70,596,0.00022
75,596,0.000187
0,598,4E-06
15,598,4E-06
25,598,1.4E-05
35,598,0.000186
45,598,4.1E-05
55,598,0.000267
65,598,0.000305
70,598,0.000212
75,598,0.000195
0,600,3E-06
15,600,4E-06
25,600,1.7E-05
35,600,0.000146
45,600,4.2E-05
55,600,0.000331
65,600,0.00027
70,600,0.000208
75,600,0.000207
0,602,3E-06
15,602,5E-06
25,602,2.2E-05
35,602,0.000106
45,602,4.3E-05
55,602,0.0004
65,602,0.000244
70,602,0.000209
75,602,0.000225
0,604,3E-06
15,604,5E-06
25,604,3E-05
35,604,7.6E-05
45,604,4.3E-05
55,604,0.000461
65,604,0.000226
70,604,0.000214
75,604,0.000248
0,606,3E-06
15,606,5E-06
25,606,4.3E-05
35,606,5.7E-05
45,606,4.4E-05
55,606,0.000501
65,606,0.000215
70,606,0.000222
75,606,0.000278
0,608,3E-06
15,608,6E-06
25,608,6.5E-05
35,608,4.6E-05
45,608,4.7E-05
55,608,0.000512
65,608,0.000208
70,608,0.000235
75,608,0.000319
0,610,3E-06
15,610,7E-06
25,610,9.7E-05
35,610,4E-05
45,610,5.2E-05
55,610,0.000494
65,610,0.000205
70,610,0.000253
75,610,0.000372
0,612,3E-06
15,612,8E-06
25,612,0.000132
35,612,3.8E-05
45,612,5.9E-05
55,612,0.000452
65,612,0.000206
70,612,0.000278
75,612,0.000443
0,614,4E-06
15,614,1E-05
25,614,0.000155
35,614,3.5E-05
45,614,6.8E-05
55,614,0.000398
65,614,0.00021
70,614,0.00031
75,614,0.000539
0,616,4E-06
15,616,1.2E-05
25,616,0.000155
35,616,3.2E-05
45,616,8.1E-05
55,616,0.000343
65,616,0.000219
70,616,0.000351
75,616,0.000671
0,618,5E-06
15,618,1.6E-05
25,618,0.000133
35,618,2.8E-05
45,618,9.9E-05
55,618,0.000294
65,618,0.000231
70,618,0.000405
75,618,0.000851
0,620,5E-06
15,620,2.2E-05
25,620,0.000102
35,620,2.6E-05
45,620,0.000123
55,620,0.000254
65,620,0.000249
70,620,0.000477
75,620,0.001091
0,622,6E-06
15,622,3.3E-05
25,622,7.6E-05
35,622,2.4E-05
45,622,0.000156
55,622,0.000223
65,622,0.000272
70,622,0.000571
75,622,0.001422
0,624,7E-06
15,624,5.1E-05
25,624,6E-05
35,624,2.4E-05
45,624,0.000198
55,624,0.0002
65,624,0.000303
70,624,0.000689
75,624,0.001877
0,626,9E-06
15,626,8E-05
25,626,4.9E-05
35,626,2.4E-05
45,626,0.000247
55,626,0.000183
65,626,0.000344
70,626,0.000843
75,626,0.002465
0,628,1.2E-05
15,628,0.000116
25,628,3.9E-05
35,628,2.5E-05
45,628,0.000297
55,628,0.000171
65,628,0.000392
70,628,0.00105
75,628,0.00316
0,630,1.6E-05
15,630,0.00014
25,630,3.1E-05
35,630,2.7E-05
45,630,0.00034
55,630,0.000163
65,630,0.000451
70,630,0.001328
75,630,0.00388
0,632,2.3E-05
15,632,0.000138
25,632,2.5E-05
35,632,2.9E-05
45,632,0.000366
55,632,0.000159
65,632,0.000526
70,632,0.001694
75,632,0.004489
0,634,3.5E-05
15,634,0.000114
25,634,2.1E-05
35,634,3.2E-05
45,634,0.000371
55,634,0.000158
65,634,0.000626
70,634,0.002162
75,634,0.004869
0,636,5.7E-05
15,636,8.4E-05
25,636,1.9E-05
35,636,3.7E-05
45,636,0.000354
55,636,0.00016
65,636,0.000758
70,636,0.002726
75,636,0.004979
0,638,9.4E-05
15,638,5.8E-05
25,638,1.7E-05
35,638,4.3E-05
45,638,0.000322
55,638,0.000167
65,638,0.000931
70,638,0.003352
75,638,0.004864
0,640,0.000135
15,640,4.1E-05
25,640,1.7E-05
35,640,5.1E-05
45,640,0.000281
55,640,0.000175
65,640,0.001158
70,640,0.003982
75,640,0.004614
0,642,0.000146
15,642,3.1E-05
25,642,1.6E-05
35,642,6.2E-05
45,642,0.00024
55,642,0.000184
65,642,0.001456
70,642,0.004538
75,642,0.00432
0,644,0.000115
15,644,2.4E-05
25,644,1.6E-05
35,644,7.7E-05
45,644,0.000205
55,644,0.000194
65,644,0.001838
70,644,0.004947
75,644,0.004044
0,646,7.7E-05
15,646,2E-05
25,646,1.6E-05
35,646,9.9E-05
45,646,0.000177
55,646,0.000205
65,646,0.002311
70,646,0.005176
75,646,0.003821
0,648,5.1E-05
15,648,1.7E-05
25,648,1.7E-05
35,648,0.000127
45,648,0.000156
55,648,0.000221
65,648,0.002871
70,648,0.00523
75,648,0.003662
0,650,3.6E-05
15,650,1.5E-05
25,650,1.8E-05
35,650,0.000164
45,650,0.000141
55,650,0.000244
65,650,0.003488
70,650,0.005148
75,650,0.003569
0,652,2.7E-05
15,652,1.4E-05
25,652,1.9E-05
35,652,0.000207
45,652,0.000132
55,652,0.000274
65,652,0.004108
70,652,0.004989
75,652,0.003538
0,654,2.1E-05
15,654,1.3E-05
25,654,2.1E-05
35,654,0.000248
45,654,0.000127
55,654,0.000312
65,654,0.004668
70,654,0.004804
75,654,0.003566
0,656,1.8E-05
15,656,1.3E-05
25,656,2.4E-05
35,656,0.000279
45,656,0.000125
55,656,0.00036
65,656,0.005107
70,656,0.004636
75,656,0.003651
0,658,1.5E-05
15,658,1.3E-05
25,658,2.7E-05
35,658,0.000293
45,658,0.000122
55,658,0.000423
65,658,0.005389
70,658,0.00451
75,658,0.00379
0,660,1.4E-05
15,660,1.3E-05
25,660,3.2E-05
35,660,0.000288
45,660,0.000118
55,660,0.000503
65,660,0.00551
70,660,0.004436
75,660,0.00398
0,662,1.2E-05
15,662,1.3E-05
25,662,3.8E-05
35,662,0.000266
45,662,0.000115
55,662,0.000609
65,662,0.005493
70,662,0.004419
75,662,0.004219
0,664,1.2E-05
15,664,1.3E-05
25,664,4.7E-05
35,664,0.000234
45,664,0.000113
55,664,0.000749
65,664,0.005381
70,664,0.004459
75,664,0.004504
0,666,1.1E-05
15,666,1.4E-05
25,666,5.9E-05
35,666,0.000201
45,666,0.000114
55,666,0.000933
65,666,0.005225
70,666,0.004555
75,666,0.004824
0,668,1.1E-05
15,668,1.5E-05
25,668,7.5E-05
35,668,0.000173
45,668,0.000117
55,668,0.001176
65,668,0.005069
70,668,0.004707
75,668,0.005165
0,670,1.1E-05
15,670,1.7E-05
25,670,9.9E-05
35,670,0.000152
45,670,0.000122
55,670,0.001496
65,670,0.004943
70,670,0.00491
75,670,0.005511
0,672,1.1E-05
15,672,1.9E-05
25,672,0.00013
35,672,0.000137
45,672,0.00013
55,672,0.001913
65,672,0.004862
70,672,0.005162
75,672,0.005839
0,674,1.1E-05
15,674,2.1E-05
25,674,0.000169
35,674,0.000124
45,674,0.00014
55,674,0.002433
65,674,0.004834
70,674,0.005455
75,674,0.006125
0,676,1.2E-05
15,676,2.5E-05
25,676,0.000209
35,676,0.000112
45,676,0.000153
55,676,0.003044
65,676,0.004866
70,676,0.00578
75,676,0.006344
0,678,1.3E-05
15,678,2.9E-05
25,678,0.000241
35,678,0.000101
45,678,0.000169
55,678,0.003711
65,678,0.004952
70,678,0.006122
75,678,0.006484
0,680,1.4E-05
15,680,3.5E-05
25,680,0.000257
35,680,9.1E-05
45,680,0.00019
55,680,0.004373
65,680,0.005092
70,680,0.006466
75,680,0.006539
0,682,1.5E-05
15,682,4.4E-05
25,682,0.000254
35,682,8.4E-05
45,682,0.000216
55,682,0.004964
65,682,0.005284
70,682,0.006792
75,682,0.006516
0,684,1.7E-05
15,684,5.6E-05
25,684,0.000234
35,684,8E-05
45,684,0.000249
55,684,0.005419
65,684,0.005525
70,684,0.007078
75,684,0.006428
0,686,1.9E-05
15,686,7.3E-05
25,686,0.000207
35,686,7.7E-05
45,686,0.000292
55,686,0.005698
65,686,0.005808
70,686,0.007307
75,686,0.006293
0,688,2.3E-05
15,688,9.8E-05
25,688,0.000179
35,688,7.6E-05
45,688,0.000347
55,688,0.005794
65,688,0.006125
70,688,0.007466
75,688,0.006131
0,690,2.7E-05
15,690,0.000132
25,690,0.000153
35,690,7.6E-05
45,690,0.000418
55,690,0.005731
65,690,0.006458
70,690,0.007548
75,690,0.005963
0,692,3.3E-05
15,692,0.000173
25,692,0.000129
35,692,7.7E-05
45,692,0.000513
55,692,0.005555
65,692,0.006801
70,692,0.007554
75,692,0.0058
0,694,4.1E-05
15,694,0.000216
25,694,0.000108
35,694,8E-05
45,694,0.000639
55,694,0.005327
65,694,0.007133
70,694,0.007494
75,694,0.005652
0,696,5.2E-05
15,696,0.000247
25,696,9.3E-05
35,696,8.3E-05
45,696,0.000809
55,696,0.005101
65,696,0.007433
70,696,0.007381
75,696,0.005535
0,698,6.9E-05
15,698,0.000254
25,698,8.1E-05
35,698,8.8E-05
45,698,0.00104
55,698,0.004911
65,698,0.007682
70,698,0.007235
75,698,0.005477
0,700,9.2E-05
15,700,0.000237
25,700,7.3E-05
35,700,9.4E-05
45,700,0.001354
55,700,0.004777
65,700,0.007867
70,700,0.007076
75,700,0.00555
0,702,0.000126
15,702,0.000205
25,702,6.7E-05
35,702,0.000102
45,702,0.001772
55,702,0.004705
65,702,0.00798
70,702,0.006938
75,702,0.005665
0,704,0.00017
15,704,0.000169
25,704,6.2E-05
35,704,0.000112
45,704,0.00231
55,704,0.004698
65,704,0.008019
70,704,0.006889
75,704,0.005593
0,706,0.000217
15,706,0.000136
25,706,5.9E-05
35,706,0.000124
45,706,0.002956
55,706,0.004755
65,706,0.007998
70,706,0.00689
75,706,0.005455
0,708,0.00025
15,708,0.000111
25,708,5.8E-05
35,708,0.00014
45,708,0.003668
55,708,0.004871
65,708,0.00795
70,708,0.006778
75,708,0.005415
0,710,0.00025
15,710,9.3E-05
25,710,5.7E-05
35,710,0.000159
45,710,0.00437
55,710,0.005047
65,710,0.007927
70,710,0.00654
75,710,0.005456
0,712,0.000222
15,712,7.9E-05
25,712,5.7E-05
35,712,0.000184
45,712,0.004979
55,712,0.005279
65,712,0.007874
70,712,0.006326
75,712,0.005539
0,714,0.000183
15,714,6.9E-05
25,714,5.7E-05
35,714,0.000215
45,714,0.005425
55,714,0.005565
65,714,0.007691
70,714,0.0062
75,714,0.00565
0,716,0.000146
15,716,6.2E-05
25,716,5.9E-05
35,716,0.000255
45,716,0.005663
55,716,0.005897
65,716,0.007385
70,716,0.00614
75,716,0.005783
0,718,0.000118
15,718,5.7E-05
25,718,6.1E-05
35,718,0.000306
45,718,0.00569
55,718,0.006268
65,718,0.00706
70,718,0.00612
75,718,0.005931
0,720,9.6E-05
15,720,5.3E-05
25,720,6.4E-05
35,720,0.000375
45,720,0.005537
55,720,0.006672
65,720,0.006793
70,720,0.006131
75,720,0.00609
0,722,8.1E-05
15,722,5E-05
25,722,6.7E-05
35,722,0.000467
45,722,0.005265
55,722,0.007107
65,722,0.006589
70,722,0.00617
75,722,0.006254
0,724,7E-05
15,724,4.8E-05
25,724,7.2E-05
35,724,0.000592
45,724,0.004948
55,724,0.007569
65,724,0.006428
70,724,0.006233
75,724,0.00642
0,726,6.1E-05
15,726,4.7E-05
25,726,7.8E-05
35,726,0.000762
45,726,0.004651
55,726,0.008008
65,726,0.006303
70,726,0.006317
75,726,0.006577
0,728,5.5E-05
15,728,4.7E-05
25,728,8.6E-05
35,728,0.000998
45,728,0.004408
55,728,0.008328
65,728,0.00621
70,728,0.006417
75,728,0.006721
0,730,5.1E-05
15,730,4.7E-05
25,730,9.5E-05
35,730,0.001327
45,730,0.004238
55,730,0.008477
65,730,0.006148
70,730,0.006533
75,730,0.006847
0,732,4.7E-05
15,732,4.7E-05
25,732,0.000106
35,732,0.001777
45,732,0.004142
55,732,0.008461
65,732,0.006115
70,732,0.006663
75,732,0.006954
0,734,4.5E-05
15,734,4.9E-05
25,734,0.000121
35,734,0.002368
45,734,0.004121
55,734,0.008326
65,734,0.00611
70,734,0.006802
75,734,0.007038
0,736,4.3E-05
15,736,5E-05
25,736,0.000139
35,736,0.003082
45,736,0.004175
55,736,0.008127
65,736,0.006132
70,736,0.006946
75,736,0.007098
0,738,4.2E-05
15,738,5.3E-05
25,738,0.000161
35,738,0.003853
45,738,0.004311
55,738,0.007882
65,738,0.006177
70,738,0.007093
75,738,0.007135
0,740,4.2E-05
15,740,5.6E-05
25,740,0.000189
35,740,0.004574
45,740,0.004541
55,740,0.007605
65,740,0.006247
70,740,0.007237
75,740,0.007154
0,742,4.2E-05
15,742,6E-05
25,742,0.000226
35,742,0.005145
45,742,0.004868
55,742,0.007302
65,742,0.006339
70,742,0.007384
75,742,0.007161
0,744,4.2E-05
15,744,6.5E-05
25,744,0.000274
35,744,0.005488
45,744,0.005255
55,744,0.006994
65,744,0.006452
70,744,0.007525
75,744,0.007165
0,746,4.3E-05
15,746,7.1E-05
25,746,0.000337
35,746,0.00558
45,746,0.005647
55,746,0.006694
65,746,0.006584
70,746,0.007667
75,746,0.007164
0,748,4.5E-05
15,748,7.8E-05
25,748,0.000421
35,748,0.005438
45,748,0.006016
55,748,0.006413
65,748,0.006736
70,748,0.007808
75,748,0.007154
0,750,4.7E-05
15,750,8.7E-05
25,750,0.000536
35,750,0.005136
45,750,0.006359
55,750,0.00616
65,750,0.00691
70,750,0.007948
75,750,0.007115
0,752,4.9E-05
15,752,9.8E-05
25,752,0.000696
35,752,0.004767
45,752,0.006697
55,752,0.00594
65,752,0.007103
70,752,0.008078
75,752,0.007039
0,754,5.2E-05
15,754,0.000111
25,754,0.000921
35,754,0.004422
45,754,0.00704
55,754,0.005754
65,754,0.007319
70,754,0.008175
75,754,0.006939
0,756,5.6E-05
15,756,0.000128
25,756,0.001239
35,756,0.004155
45,756,0.007373
55,756,0.005606
65,756,0.00755
70,756,0.008217
75,756,0.006837
0,758,6.1E-05
15,758,0.000149
25,758,0.001687
35,758,0.003997
45,758,0.007661
55,758,0.005494
65,758,0.007782
70,758,0.008208
75,758,0.006749
0,760,6.7E-05
15,760,0.000176
25,760,0.002292
35,760,0.003948
45,760,0.007871
55,760,0.005419
65,760,0.007987
70,760,0.008167
75,760,0.006678
0,762,7.4E-05
15,762,0.000211
25,762,0.003059
35,762,0.003974
45,762,0.007982
55,762,0.005384
65,762,0.008144
70,762,0.00812
75,762,0.006626
0,764,8.3E-05
15,764,0.000256
25,764,0.003911
35,764,0.00402
45,764,0.00798
55,764,0.005387
65,764,0.008248
70,764,0.008076
75,764,0.006591
0,766,9.4E-05
15,766,0.000315
25,766,0.004709
35,766,0.004064
45,766,0.007874
55,766,0.005429
65,766,0.008317
70,766,0.008039
75,766,0.006573
0,768,0.000107
15,768,0.000395
25,768,0.005311
35,768,0.004106
45,768,0.007671
55,768,0.005512
65,768,0.008373
70,768,0.008008
75,768,0.006567
0,770,0.000123
15,770,0.000503
25,770,0.005621
35,770,0.004178
45,770,0.007391
55,770,0.005636
65,770,0.008425
70,770,0.007989
75,770,0.006575
0,772,0.000144
15,772,0.000654
25,772,0.005625
35,772,0.00431
45,772,0.007068
55,772,0.005791
65,772,0.008474
70,772,0.007971
75,772,0.006593
0,774,0.00017
15,774,0.000867
25,774,0.005398
35,774,0.004519
45,774,0.006725
55,774,0.005962
65,774,0.008519
70,774,0.007964
75,774,0.006622
0,776,0.000204
15,776,0.001172
25,776,0.005065
35,776,0.004801
45,776,0.006384
55,776,0.006125
65,776,0.00856
70,776,0.007959
75,776,0.00666
0,778,0.000248
15,778,0.001611
25,778,0.00472
35,778,0.005152
45,778,0.006064
55,778,0.00627
65,778,0.008597
70,778,0.007963
75,778,0.006704
0,780,0.000305
15,780,0.002229
25,780,0.004404
35,780,0.005557
45,780,0.00578
55,780,0.006399
65,780,0.008624
70,780,0.007974
75,780,0.006751
0,782,0.000382
15,782,0.003054
25,782,0.00411
35,782,0.006004
45,782,0.005538
55,782,0.006525
65,782,0.008643
70,782,0.007986
75,782,0.006807
0,784,0.000486
15,784,0.004037
25,784,0.003842
35,784,0.006464
45,784,0.005343
55,784,0.006658
65,784,0.008658
70,784,0.008008
75,784,0.006863
0,786,0.000631
15,786,0.005004
25,786,0.003619
35,786,0.006905
45,786,0.005198
55,786,0.006809
65,786,0.00867
70,786,0.008036
75,786,0.006917
0,788,0.000836
15,788,0.005735
25,788,0.003461
35,788,0.007296
45,788,0.0051
55,788,0.006984
65,788,0.008675
70,788,0.008064
75,788,0.006969
0,790,0.001129
15,790,0.006053
25,790,0.003375
35,790,0.007597
45,790,0.005044
55,790,0.007178
65,790,0.008681
70,790,0.008098
75,790,0.007019
0,792,0.001559
15,792,0.005943
25,792,0.00336
35,792,0.007784
45,792,0.005007
55,792,0.007385
65,792,0.008687
70,792,0.008136
75,792,0.007063
0,794,0.00218
15,794,0.005519
25,794,0.003409
35,794,0.007841
45,794,0.004983
55,794,0.007599
65,794,0.008688
70,794,0.008175
75,794,0.007102
0,796,0.003047
15,796,0.004961
25,796,0.003521
35,796,0.007772
45,796,0.004954
55,796,0.007816
65,796,0.008696
70,796,0.008216
75,796,0.007134
0,798,0.004158
15,798,0.004406
25,798,0.003693
35,798,0.007587
45,798,0.004919
55,798,0.008027
65,798,0.0087
70,798,0.00826
75,798,0.007161
0,800,0.00532
15,800,0.003932
25,800,0.003927
35,800,0.007318
45,800,0.004888
55,800,0.008228
65,800,0.008709
70,800,0.008298
75,800,0.00718
0,802,0.006147
15,802,0.003566
25,802,0.004226
35,802,0.006996
45,802,0.004867
55,802,0.008419
65,802,0.00872
70,802,0.008339
75,802,0.00719
0,804,0.006329
15,804,0.003305
25,804,0.004588
35,804,0.006652
45,804,0.004869
55,804,0.008589
65,804,0.008738
70,804,0.008376
75,804,0.007196
0,806,0.00594
15,806,0.00313
25,806,0.005009
35,806,0.006319
45,806,0.004902
55,806,0.008738
65,806,0.008756
70,806,0.008412
75,806,0.007197
0,808,0.005279
15,808,0.003024
25,808,0.005486
35,808,0.006004
45,808,0.004966
55,808,0.008862
65,808,0.008784
70,808,0.00845
75,808,0.007197
0,810,0.004604
15,810,0.002983
25,810,0.005993
35,810,0.005715
45,810,0.005058
55,810,0.008956
65,810,0.008805
70,810,0.008481
75,810,0.007187
0,812,0.004043
15,812,0.002994
25,812,0.006484
35,812,0.005468
45,812,0.005174
55,812,0.009024
65,812,0.008836
70,812,0.008518
75,812,0.007198
0,814,0.003606
15,814,0.003057
25,814,0.006971
35,814,0.005226
45,814,0.00533
55,814,0.009077
65,814,0.008874
70,814,0.008551
75,814,0.007192
0,816,0.003282
15,816,0.00317
25,816,0.007398
35,816,0.004996
45,816,0.005514
55,816,0.009107
65,816,0.008918
70,816,0.008583
75,816,0.007179
0,818,0.003055
15,818,0.003337
25,818,0.007714
35,818,0.004777
45,818,0.005727
55,818,0.009125
65,818,0.008964
70,818,0.008609
75,818,0.00716
0,820,0.002903
15,820,0.003561
25,820,0.007891
35,820,0.004573
45,820,0.005961
55,820,0.009125
65,820,0.009017
70,820,0.008634
75,820,0.00713
0,822,0.002816
15,822,0.003846
25,822,0.007917
35,822,0.004394
45,822,0.006216
55,822,0.009115
65,822,0.009073
70,822,0.008651
75,822,0.007093
0,824,0.002785
15,824,0.004196
25,824,0.007799
35,824,0.004249
45,824,0.006493
55,824,0.009092
65,824,0.00913
70,824,0.008658
75,824,0.007051
0,826,0.002801
15,826,0.004613
25,826,0.007556
35,826,0.004132
45,826,0.006776
55,826,0.009064
65,826,0.009187
70,826,0.008653
75,826,0.007002
0,828,0.002865
15,828,0.005097
25,828,0.007222
35,828,0.004051
45,828,0.007073
55,828,0.00904
65,828,0.009237
70,828,0.008634
75,828,0.006954
0,830,0.002973
15,830,0.005632
25,830,0.006829
35,830,0.004002
45,830,0.007361
55,830,0.00902
65,830,0.009289
70,830,0.008601
75,830,0.006907
0,832,0.003134
15,832,0.006213
25,832,0.006405
35,832,0.003985
45,832,0.00765
55,832,0.009001
65,832,0.009327
70,832,0.008562
75,832,0.006875
0,834,0.003346
15,834,0.006791
25,834,0.005978
35,834,0.003998
45,834,0.007928
55,834,0.008992
65,834,0.009343
70,834,0.008516
75,834,0.006849
0,836,0.003614
15,836,0.007319
25,836,0.005567
35,836,0.004038
45,836,0.008189
55,836,0.008992
65,836,0.00935
70,836,0.008467
75,836,0.006828
0,838,0.003946
15,838,0.007739
25,838,0.00518
35,838,0.004107
45,838,0.008424
55,838,0.009003
65,838,0.009347
70,838,0.008432
75,838,0.006819
0,840,0.004347
15,840,0.008002
25,840,0.004836
35,840,0.004203
45,840,0.008623
55,840,0.009014
65,840,0.00933
70,840,0.008395
75,840,0.006819
0,842,0.004821
15,842,0.008078
25,842,0.004532
35,842,0.004325
45,842,0.0088
55,842,0.009053
65,842,0.009311
70,842,0.008362
75,842,0.006825
0,844,0.005359
15,844,0.007958
25,844,0.004271
35,844,0.004471
45,844,0.008946
55,844,0.009085
65,844,0.009281
70,844,0.008338
75,844,0.006843
0,846,0.005956
15,846,0.007672
25,846,0.004059
35,846,0.004648
45,846,0.009051
55,846,0.00913
65,846,0.009262
70,846,0.00832
75,846,0.006869
0,848,0.006568
15,848,0.007256
25,848,0.003882
35,848,0.004846
45,848,0.009123
55,848,0.009177
65,848,0.009234
70,848,0.008315
75,848,0.006906
0,850,0.007155
15,850,0.006776
25,850,0.003745
35,850,0.005071
45,850,0.009161
55,850,0.009221
65,850,0.009205
70,850,0.008316
75,850,0.006937
0,852,0.007648
15,852,0.00627
25,852,0.003639
35,852,0.005326
45,852,0.009176
55,852,0.009269
65,852,0.009186
70,852,0.008319
75,852,0.006995
0,854,0.007987
15,854,0.005776
25,854,0.003566
35,854,0.005595
45,854,0.009171
55,854,0.009319
65,854,0.009164
70,854,0.008334
75,854,0.007045
0,856,0.008102
15,856,0.005327
25,856,0.003517
35,856,0.00588
45,856,0.009143
55,856,0.009343
65,856,0.00914
70,856,0.008335
75,856,0.007104
0,858,0.008011
15,858,0.00492
25,858,0.003501
35,858,0.006196
45,858,0.009102
55,858,0.009389
65,858,0.009121
70,858,0.008351
75,858,0.007155
0,860,0.007717
15,860,0.004569
25,860,0.003513
35,860,0.006508
45,860,0.009065
55,860,0.009412
65,860,0.009111
70,860,0.00838
75,860,0.007218
0,862,0.007274
15,862,0.004266
25,862,0.003529
35,862,0.00685
45,862,0.00902
55,862,0.009457
65,862,0.009107
70,862,0.008408
75,862,0.007287
0,864,0.006762
15,864,0.004004
25,864,0.003578
35,864,0.007179
45,864,0.008957
55,864,0.009467
65,864,0.009115
70,864,0.008457
75,864,0.007353
0,866,0.006228
15,866,0.003797
25,866,0.003638
35,866,0.0075
45,866,0.00891
55,866,0.009489
65,866,0.009089
70,866,0.008489
75,866,0.007413
0,868,0.005716
15,868,0.003622
25,868,0.00374
35,868,0.007814
45,868,0.008883
55,868,0.009526
65,868,0.00911
70,868,0.008514
75,868,0.007471
0,870,0.005243
15,870,0.003483
25,870,0.003864
35,870,0.008114
45,870,0.008835
55,870,0.009551
65,870,0.009078
70,870,0.008565
75,870,0.007524
0,872,0.004828
15,872,0.003377
25,872,0.003997
35,872,0.008357
45,872,0.008809
55,872,0.009582
65,872,0.009085
70,872,0.008616
75,872,0.007598
0,874,0.004467
15,874,0.003301
25,874,0.004168
35,874,0.008598
45,874,0.008793
55,874,0.00961
65,874,0.00911
70,874,0.008652
75,874,0.007673
0,876,0.004152
15,876,0.003244
25,876,0.004343
35,876,0.008792
45,876,0.008747
55,876,0.009625
65,876,0.009109
70,876,0.008696
75,876,0.007705
0,878,0.003884
15,878,0.003217
25,878,0.004554
35,878,0.00894
45,878,0.008727
55,878,0.009626
65,878,0.00912
70,878,0.008747
75,878,0.007738
0,880,0.003662
15,880,0.003195
25,880,0.004799
35,880,0.009035
45,880,0.008734
55,880,0.009649
65,880,0.009126
70,880,0.008785
75,880,0.007768
0,882,0.003504
15,882,0.003217
25,882,0.00506
35,882,0.009114
45,882,0.008719
55,882,0.009637
65,882,0.009122
70,882,0.008792
75,882,0.007785
0,884,0.003349
15,884,0.003242
25,884,0.005344
35,884,0.009151
45,884,0.008726
55,884,0.009638
65,884,0.009142
70,884,0.008869
75,884,0.00781
0,886,0.003238
15,886,0.003299
25,886,0.00567
35,886,0.009176
45,886,0.008708
55,886,0.009657
65,886,0.009163
70,886,0.008904
75,886,0.007814
0,888,0.003154
15,888,0.003356
25,888,0.006011
35,888,0.009125
45,888,0.008707
55,888,0.009587
65,888,0.009149
70,888,0.008931
75,888,0.007818
0,890,0.003078
15,890,0.00345
25,890,0.006323
35,890,0.009079
45,890,0.008766
55,890,0.00961
65,890,0.009204
70,890,0.008956
75,890,0.007787
0,892,0.003056
15,892,0.003568
25,892,0.006703
35,892,0.008978
45,892,0.008796
55,892,0.009594
65,892,0.009196
70,892,0.00896
75,892,0.007784
0,894,0.003044
15,894,0.003729
25,894,0.007057
35,894,0.008922
45,894,0.008842
55,894,0.009584
65,894,0.009228
70,894,0.008957
75,894,0.007744
0,896,0.003025
15,896,0.003868
25,896,0.007381
35,896,0.008829
45,896,0.00892
55,896,0.009556
65,896,0.009252
70,896,0.008978
75,896,0.007705
0,898,0.003057
15,898,0.00404
25,898,0.007742
35,898,0.008717
45,898,0.008958
55,898,0.009488
65,898,0.009278
70,898,0.008969
75,898,0.007651
0,900,0.003097
15,900,0.004259
25,900,0.008042
35,900,0.008571
45,900,0.009033
55,900,0.009471
65,900,0.009294
70,900,0.008988
75,900,0.007638
