0,250,0
0,252,0
0,254,0
0,256,0
0,258,0
0,260,0
0,262,0
0,264,0
0,266,0
0,268,0
0,270,0
0,272,0
0,274,0
0,276,0
0,278,0
0,280,0.0003
0,282,0.0018
0,284,0.006
0,286,0.0134
0,288,0.0269
0,290,0.0465
0,292,0.0741
0,294,0.0897
0,296,0.0885
0,298,0.0591
0,300,0.0748
0,302,0.1255
0,304,0.0428
0,306,0.0071
0,308,0.0361
0,310,0.0474
0,312,0.0137
0,314,0.0026
0,316,0.0075
0,318,0.0182
0,320,0.0099
0,322,0.0055
0,324,0.0023
0,326,0.0024
0,328,0.0152
0,330,0.0638
0,332,0.0693
0,334,0.0786
0,336,0.098
0,338,0.2641
0,340,0.6947
0,342,0.6688
0,344,0.6583
0,346,0.7965
0,348,0.8181
0,350,0.8587
0,352,0.9196
0,354,0.8917
0,356,0.8945
0,358,0.9456
0,360,0.9694
0,362,0.9716
0,364,0.974
0,366,0.9669
0,368,0.9274
0,370,0.8913
0,372,0.9174
0,374,0.9633
0,376,0.9585
0,378,0.9458
0,380,0.9616
0,382,0.9633
0,384,0.9605
0,386,0.969
0,388,0.9479
0,390,0.9122
0,392,0.9223
0,394,0.96
0,396,0.9583
0,398,0.934
0,400,0.943
0,402,0.9669
0,404,0.9658
0,406,0.9573
0,408,0.9686
0,410,0.9705
0,412,0.941
0,414,0.9177
0,416,0.9349
0,418,0.9652
0,420,0.9651
0,422,0.9447
0,424,0.9436
0,426,0.9632
0,428,0.9727
0,430,0.9641
0,432,0.9599
0,434,0.9705
0,436,0.9755
0,438,0.9587
0,440,0.9379
0,442,0.9384
0,444,0.9597
0,446,0.9765
0,448,0.971
0,450,0.9557
0,452,0.952
0,454,0.9623
0,456,0.9728
0,458,0.972
0,460,0.9652
0,462,0.9631
0,464,0.9678
0,466,0.9723
0,468,0.9708
0,470,0.9661
0,472,0.9647
0,474,0.9691
0,476,0.9746
0,478,0.9755
0,480,0.9711
0,482,0.9654
0,484,0.9631
0,486,0.9655
0,488,0.9716
0,490,0.9778
0,492,0.9805
0,494,0.9778
0,496,0.9707
0,498,0.9646
0,500,0.9645
0,502,0.9713
0,504,0.9799
0,506,0.9831
0,508,0.9785
0,510,0.9709
0,512,0.9679
0,514,0.9721
0,516,0.9783
0,518,0.9803
0,520,0.9786
0,522,0.9796
0,524,0.9854
0,526,0.9868
0,528,0.9717
0,530,0.9421
0,532,0.9122
0,534,0.8824
0,536,0.8309
0,538,0.7613
0,540,0.7379
0,542,0.7429
0,544,0.538
0,546,0.176
0,548,0.0371
0,550,0.0098
0,552,0.0034
0,554,0.0014
0,556,0.0007
0,558,0.0003
0,560,0.0002
0,562,0.0002
0,564,0.0001
0,566,0.0001
0,568,0.0001
0,570,0.0002
0,572,0.0003
0,574,0.0005
0,576,0.0005
0,578,0.0001
0,580,0
0,582,0
0,584,0
0,586,0
0,588,0
0,590,0
0,592,0
0,594,0
0,596,0
0,598,0
0,600,0
0,602,0
0,604,0
0,606,0
0,608,0
0,610,0
0,612,0
0,614,0
0,616,0
0,618,0
0,620,0
0,622,0
0,624,0
0,626,0
0,628,0
0,630,0
0,632,0
0,634,0
0,636,0
0,638,0
0,640,0
0,642,0
0,644,0
0,646,0
0,648,0
0,650,0
0,652,0
0,654,0
0,656,0
0,658,0
0,660,0
0,662,0
0,664,0
0,666,0
0,668,0.0001
0,670,0.001
0,672,0.0038
0,674,0.0028
0,676,0.0004
0,678,0.0001
0,680,0.0001
0,682,0.0001
0,684,0.0001
0,686,0.0001
0,688,0.0001
0,690,0.0001
0,692,0.0002
0,694,0.0002
0,696,0.0003
0,698,0.0004
0,700,0.0008
0,702,0.0014
0,704,0.0033
0,706,0.0115
0,708,0.0804
0,710,0.1354
0,712,0.0733
0,714,0.0204
0,716,0.011
0,718,0.0084
0,720,0.0077
0,722,0.0079
0,724,0.0089
0,726,0.0108
0,728,0.0141
0,730,0.0199
0,732,0.0304
0,734,0.0511
0,736,0.0951
0,738,0.1966
0,740,0.417
0,742,0.7116
0,744,0.8217
0,746,0.7206
0,748,0.5956
0,750,0.5297
0,752,0.5156
0,754,0.5353
0,756,0.5721
0,758,0.608
0,760,0.6274
0,762,0.6251
0,764,0.6087
0,766,0.5924
0,768,0.5878
0,770,0.6029
0,772,0.6425
0,774,0.7057
0,776,0.7821
0,778,0.8425
0,780,0.8446
0,782,0.7688
0,784,0.6431
0,786,0.5126
0,788,0.4045
0,790,0.3254
0,792,0.2703
0,794,0.2337
0,796,0.2103
0,798,0.197
0,800,0.1919
0,802,0.194
0,804,0.204
0,806,0.2223
0,808,0.2514
0,810,0.2938
0,812,0.3535
0,814,0.4339
0,816,0.5331
0,818,0.6376
0,820,0.7163
0,822,0.7377
0,824,0.6977
0,826,0.6222
0,828,0.5399
0,830,0.4692
0,832,0.4145
0,834,0.3756
0,836,0.3504
0,838,0.3364
0,840,0.332
0,842,0.3365
0,844,0.3491
0,846,0.3704
0,848,0.3997
0,850,0.437
0,852,0.4817
0,854,0.5316
0,856,0.5813
0,858,0.6265
0,860,0.6625
0,862,0.6842
0,864,0.6919
0,866,0.6886
0,868,0.6756
0,870,0.6639
0,872,0.6512
0,874,0.6445
0,876,0.6447
0,878,0.651
0,880,0.665
0,882,0.6845
0,884,0.7092
0,886,0.7386
0,888,0.766
0,890,0.7928
0,892,0.8086
0,894,0.8134
0,896,0.8078
0,898,0.7902
0,900,0.7694
5,250,0
5,252,0
5,254,0
5,256,0
5,258,0
5,260,0
5,262,0
5,264,0
5,266,0
5,268,0
5,270,0
5,272,0
5,274,0
5,276,0
5,278,0
5,280,0.0005
5,282,0.0022
5,284,0.0066
5,286,0.0143
5,288,0.0275
5,290,0.0484
5,292,0.0738
5,294,0.0832
5,296,0.0801
5,298,0.0595
5,300,0.0857
5,302,0.1004
5,304,0.038
5,306,0.0124
5,308,0.039
5,310,0.0381
5,312,0.0117
5,314,0.0032
5,316,0.0107
5,318,0.0154
5,320,0.0094
5,322,0.0048
5,324,0.0023
5,326,0.0042
5,328,0.0272
5,330,0.0613
5,332,0.0704
5,334,0.0811
5,336,0.1296
5,338,0.3823
5,340,0.6771
5,342,0.6623
5,344,0.6946
5,346,0.7984
5,348,0.8283
5,350,0.8761
5,352,0.9107
5,354,0.8924
5,356,0.9089
5,358,0.9518
5,360,0.97
5,362,0.973
5,364,0.974
5,366,0.9575
5,368,0.9169
5,370,0.898
5,372,0.9304
5,374,0.9621
5,376,0.9552
5,378,0.9504
5,380,0.9613
5,382,0.9604
5,384,0.9626
5,386,0.9634
5,388,0.936
5,390,0.9136
5,392,0.9338
5,394,0.9605
5,396,0.9506
5,398,0.9364
5,400,0.9504
5,402,0.9658
5,404,0.9613
5,406,0.9601
5,408,0.9702
5,410,0.9611
5,412,0.932
5,414,0.9218
5,416,0.945
5,418,0.9664
5,420,0.9587
5,422,0.9439
5,424,0.9496
5,426,0.9663
5,428,0.9693
5,430,0.9619
5,432,0.9631
5,434,0.9726
5,436,0.9702
5,438,0.9515
5,440,0.9378
5,442,0.9455
5,444,0.9647
5,446,0.9725
5,448,0.9629
5,450,0.9514
5,452,0.9521
5,454,0.9623
5,456,0.9687
5,458,0.9665
5,460,0.9627
5,462,0.9642
5,464,0.97
5,466,0.9735
5,468,0.972
5,470,0.9692
5,472,0.9702
5,474,0.9747
5,476,0.9783
5,478,0.9778
5,480,0.9731
5,482,0.9674
5,484,0.9644
5,486,0.9662
5,488,0.9707
5,490,0.9749
5,492,0.9753
5,494,0.9702
5,496,0.9621
5,498,0.9569
5,500,0.9595
5,502,0.9685
5,504,0.9774
5,506,0.9799
5,508,0.9754
5,510,0.9702
5,512,0.9708
5,514,0.9772
5,516,0.9834
5,518,0.9841
5,520,0.9823
5,522,0.9845
5,524,0.9894
5,526,0.9856
5,528,0.9649
5,530,0.9343
5,532,0.9044
5,534,0.8669
5,536,0.8057
5,538,0.7489
5,540,0.7409
5,542,0.6734
5,544,0.3899
5,546,0.114
5,548,0.0249
5,550,0.0069
5,552,0.0025
5,554,0.001
5,556,0.0005
5,558,0.0003
5,560,0.0002
5,562,0.0001
5,564,0.0001
5,566,0.0001
5,568,0.0001
5,570,0.0002
5,572,0.0004
5,574,0.0005
5,576,0.0003
5,578,0.0001
5,580,0
5,582,0
5,584,0
5,586,0
5,588,0
5,590,0
5,592,0
5,594,0
5,596,0
5,598,0
5,600,0
5,602,0
5,604,0
5,606,0
5,608,0
5,610,0
5,612,0
5,614,0
5,616,0
5,618,0
5,620,0
5,622,0
5,624,0
5,626,0
5,628,0
5,630,0
5,632,0
5,634,0
5,636,0
5,638,0
5,640,0
5,642,0
5,644,0
5,646,0
5,648,0
5,650,0
5,652,0
5,654,0
5,656,0
5,658,0
5,660,0
5,662,0
5,664,0
5,666,0.0001
5,668,0.0005
5,670,0.0026
5,672,0.0032
5,674,0.0013
5,676,0.0002
5,678,0.0001
5,680,0.0001
5,682,0.0001
5,684,0.0001
5,686,0.0001
5,688,0.0001
5,690,0.0001
5,692,0.0002
5,694,0.0002
5,696,0.0004
5,698,0.0006
5,700,0.0011
5,702,0.0024
5,704,0.0079
5,706,0.0466
5,708,0.1169
5,710,0.098
5,712,0.0378
5,714,0.0137
5,716,0.009
5,718,0.0077
5,720,0.0075
5,722,0.0082
5,724,0.0097
5,726,0.0123
5,728,0.017
5,730,0.0253
5,732,0.0414
5,734,0.075
5,736,0.1516
5,738,0.3219
5,740,0.5914
5,742,0.7832
5,744,0.7575
5,746,0.6334
5,748,0.5432
5,750,0.5101
5,752,0.5176
5,754,0.5485
5,756,0.5855
5,758,0.6115
5,760,0.6173
5,762,0.6058
5,764,0.5889
5,766,0.5798
5,768,0.5878
5,770,0.6188
5,772,0.674
5,774,0.7471
5,776,0.8156
5,778,0.8405
5,780,0.7921
5,782,0.6809
5,784,0.5495
5,786,0.433
5,788,0.3444
5,790,0.282
5,792,0.2397
5,794,0.2124
5,796,0.196
5,798,0.1884
5,800,0.1882
5,802,0.1955
5,804,0.2109
5,806,0.2359
5,808,0.2736
5,810,0.3269
5,812,0.399
5,814,0.4916
5,816,0.5947
5,818,0.6835
5,820,0.7253
5,822,0.7055
5,824,0.6402
5,826,0.5592
5,828,0.484
5,830,0.4243
5,832,0.3805
5,834,0.3509
5,836,0.3336
5,838,0.3262
5,840,0.3278
5,842,0.3376
5,844,0.3559
5,846,0.3825
5,848,0.4171
5,850,0.4594
5,852,0.5072
5,854,0.5577
5,856,0.6046
5,858,0.6442
5,860,0.6704
5,862,0.682
5,864,0.6819
5,866,0.6729
5,868,0.6605
5,870,0.6477
5,872,0.6391
5,874,0.6359
5,876,0.6396
5,878,0.6524
5,880,0.6697
5,882,0.694
5,884,0.7211
5,886,0.7508
5,888,0.7751
5,890,0.7983
5,892,0.8078
5,894,0.8058
5,896,0.7944
5,898,0.7704
5,900,0.7422
10,250,0
10,252,0
10,254,0
10,256,0
10,258,0
10,260,0
10,262,0
10,264,0
10,266,0
10,268,0
10,270,0
10,272,0
10,274,0
10,276,0
10,278,0
10,280,0.0005
10,282,0.0024
10,284,0.0067
10,286,0.0148
10,288,0.0286
10,290,0.0502
10,292,0.071
10,294,0.0753
10,296,0.0668
10,298,0.0561
10,300,0.0952
10,302,0.0734
10,304,0.0182
10,306,0.0204
10,308,0.0466
10,310,0.0265
10,312,0.0061
10,314,0.0053
10,316,0.0162
10,318,0.0143
10,320,0.0078
10,322,0.0035
10,324,0.0025
10,326,0.0122
10,328,0.0483
10,330,0.0703
10,332,0.0811
10,334,0.11
10,336,0.2632
10,338,0.6077
10,340,0.7028
10,342,0.6762
10,344,0.783
10,346,0.837
10,348,0.8636
10,350,0.9122
10,352,0.9061
10,354,0.9018
10,356,0.942
10,358,0.9708
10,360,0.976
10,362,0.9778
10,364,0.9706
10,366,0.9389
10,368,0.9073
10,370,0.9223
10,372,0.9597
10,374,0.9631
10,376,0.9522
10,378,0.961
10,380,0.9664
10,382,0.9662
10,384,0.9713
10,386,0.9538
10,388,0.9245
10,390,0.9316
10,392,0.9616
10,394,0.9623
10,396,0.9435
10,398,0.9497
10,400,0.9682
10,402,0.9683
10,404,0.9638
10,406,0.9726
10,408,0.9712
10,410,0.9458
10,412,0.9282
10,414,0.9441
10,416,0.9685
10,418,0.9672
10,420,0.9515
10,422,0.9519
10,424,0.9675
10,426,0.974
10,428,0.9675
10,430,0.9662
10,432,0.9748
10,434,0.9761
10,436,0.9603
10,438,0.9447
10,440,0.9486
10,442,0.9669
10,444,0.9786
10,446,0.9719
10,448,0.9603
10,450,0.9594
10,452,0.9685
10,454,0.9759
10,456,0.9743
10,458,0.9693
10,460,0.9688
10,462,0.9725
10,464,0.9752
10,466,0.9734
10,468,0.9704
10,470,0.9706
10,472,0.9744
10,474,0.9779
10,476,0.9775
10,478,0.9738
10,480,0.9698
10,482,0.9687
10,484,0.971
10,486,0.9762
10,488,0.9814
10,490,0.9832
10,492,0.9795
10,494,0.9727
10,496,0.9678
10,498,0.97
10,500,0.9779
10,502,0.9848
10,504,0.9849
10,506,0.9783
10,508,0.9717
10,510,0.9717
10,512,0.9774
10,514,0.9833
10,516,0.9839
10,518,0.9822
10,520,0.9843
10,522,0.9891
10,524,0.9865
10,526,0.9681
10,528,0.9405
10,530,0.9136
10,532,0.8788
10,534,0.8217
10,536,0.7684
10,538,0.7524
10,540,0.6613
10,542,0.3749
10,544,0.1118
10,546,0.0245
10,548,0.0068
10,550,0.0024
10,552,0.001
10,554,0.0005
10,556,0.0003
10,558,0.0002
10,560,0.0001
10,562,0.0001
10,564,0.0001
10,566,0.0001
10,568,0.0002
10,570,0.0004
10,572,0.0005
10,574,0.0003
10,576,0.0001
10,578,0
10,580,0
10,582,0
10,584,0
10,586,0
10,588,0
10,590,0
10,592,0
10,594,0
10,596,0
10,598,0
10,600,0
10,602,0
10,604,0
10,606,0
10,608,0
10,610,0
10,612,0
10,614,0
10,616,0
10,618,0
10,620,0
10,622,0
10,624,0
10,626,0
10,628,0
10,630,0
10,632,0
10,634,0
10,636,0
10,638,0
10,640,0
10,642,0
10,644,0
10,646,0
10,648,0
10,650,0
10,652,0
10,654,0
10,656,0
10,658,0
10,660,0
10,662,0
10,664,0.0004
10,666,0.0018
10,668,0.0031
10,670,0.0021
10,672,0.0006
10,674,0.0002
10,676,0.0001
10,678,0.0001
10,680,0.0001
10,682,0.0001
10,684,0.0001
10,686,0.0001
10,688,0.0002
10,690,0.0002
10,692,0.0003
10,694,0.0005
10,696,0.001
10,698,0.0021
10,700,0.0067
10,702,0.0355
10,704,0.0928
10,706,0.1073
10,708,0.0581
10,710,0.0204
10,712,0.0105
10,714,0.0082
10,716,0.0077
10,718,0.0082
10,720,0.0095
10,722,0.0119
10,724,0.0161
10,726,0.0237
10,728,0.0382
10,730,0.0682
10,732,0.1358
10,734,0.2832
10,736,0.5212
10,738,0.7323
10,740,0.7704
10,742,0.6726
10,744,0.572
10,746,0.5239
10,748,0.5214
10,750,0.5466
10,752,0.5821
10,754,0.6109
10,756,0.6216
10,758,0.6145
10,760,0.5992
10,762,0.5887
10,764,0.5933
10,766,0.6196
10,768,0.67
10,770,0.7388
10,772,0.8068
10,774,0.8387
10,776,0.8048
10,778,0.7065
10,780,0.5794
10,782,0.4591
10,784,0.3648
10,786,0.2971
10,788,0.2509
10,790,0.2209
10,792,0.2026
10,794,0.1935
10,796,0.1925
10,798,0.199
10,800,0.2138
10,802,0.2387
10,804,0.2758
10,806,0.3288
10,808,0.4015
10,810,0.4925
10,812,0.5908
10,814,0.6776
10,816,0.7219
10,818,0.7089
10,820,0.6497
10,822,0.5708
10,824,0.4954
10,826,0.4341
10,828,0.3889
10,830,0.3582
10,832,0.3397
10,834,0.3318
10,836,0.3329
10,838,0.3428
10,840,0.361
10,842,0.3878
10,844,0.4227
10,846,0.4646
10,848,0.5127
10,850,0.5624
10,852,0.6095
10,854,0.6484
10,856,0.6746
10,858,0.686
10,860,0.686
10,862,0.6774
10,864,0.6655
10,866,0.6544
10,868,0.6459
10,870,0.6441
10,872,0.6473
10,874,0.6597
10,876,0.6776
10,878,0.7015
10,880,0.728
10,882,0.7557
10,884,0.784
10,886,0.8029
10,888,0.8124
10,890,0.8081
10,892,0.796
10,894,0.7712
10,896,0.7423
10,898,0.7124
10,900,0.6853
15,250,0
15,252,0
15,254,0
15,256,0
15,258,0
15,260,0
15,262,0
15,264,0
15,266,0
15,268,0
15,270,0
15,272,0
15,274,0
15,276,0
15,278,0.0001
15,280,0.0007
15,282,0.0027
15,284,0.0069
15,286,0.0153
15,288,0.0304
15,290,0.0515
15,292,0.0621
15,294,0.0618
15,296,0.0478
15,298,0.0702
15,300,0.0832
15,302,0.0312
15,304,0.0123
15,306,0.0407
15,308,0.0372
15,310,0.0108
15,312,0.0039
15,314,0.0149
15,316,0.0194
15,318,0.0111
15,320,0.0049
15,322,0.0026
15,324,0.009
15,326,0.0425
15,328,0.0719
15,330,0.0886
15,332,0.1274
15,334,0.2764
15,336,0.6096
15,338,0.7264
15,340,0.703
15,342,0.8038
15,344,0.8595
15,346,0.8778
15,348,0.9186
15,350,0.9143
15,352,0.9095
15,354,0.9469
15,356,0.9736
15,358,0.9783
15,360,0.9795
15,362,0.9729
15,364,0.9456
15,366,0.9177
15,368,0.932
15,370,0.9638
15,372,0.9644
15,374,0.9551
15,376,0.9635
15,378,0.9693
15,380,0.9692
15,382,0.9737
15,384,0.9559
15,386,0.9302
15,388,0.9404
15,390,0.9664
15,392,0.9624
15,394,0.9465
15,396,0.9553
15,398,0.9705
15,400,0.9686
15,402,0.9665
15,404,0.9752
15,406,0.9702
15,408,0.9453
15,410,0.9355
15,412,0.9543
15,414,0.9726
15,416,0.966
15,418,0.9534
15,420,0.958
15,422,0.9717
15,424,0.9738
15,426,0.9677
15,428,0.9698
15,430,0.9773
15,432,0.9738
15,434,0.958
15,436,0.9486
15,438,0.9577
15,440,0.9739
15,442,0.9786
15,444,0.9684
15,446,0.959
15,448,0.9618
15,450,0.9698
15,452,0.9731
15,454,0.9699
15,456,0.9669
15,458,0.9685
15,460,0.9728
15,462,0.9748
15,464,0.9746
15,466,0.9747
15,468,0.9772
15,470,0.9807
15,472,0.9823
15,474,0.9807
15,476,0.9776
15,478,0.9754
15,480,0.975
15,482,0.9762
15,484,0.9791
15,486,0.9818
15,488,0.9806
15,490,0.9745
15,492,0.9673
15,494,0.9647
15,496,0.969
15,498,0.9763
15,500,0.9797
15,502,0.9762
15,504,0.9704
15,506,0.9695
15,508,0.9759
15,510,0.9845
15,512,0.9885
15,514,0.987
15,516,0.986
15,518,0.9898
15,520,0.9924
15,522,0.9834
15,524,0.9622
15,526,0.9382
15,528,0.9124
15,530,0.8702
15,532,0.8153
15,534,0.776
15,536,0.7062
15,538,0.4859
15,540,0.1975
15,542,0.0479
15,544,0.0118
15,546,0.0038
15,548,0.0015
15,550,0.0007
15,552,0.0003
15,554,0.0002
15,556,0.0001
15,558,0.0001
15,560,0.0001
15,562,0.0001
15,564,0.0002
15,566,0.0003
15,568,0.0005
15,570,0.0004
15,572,0.0002
15,574,0
15,576,0
15,578,0
15,580,0
15,582,0
15,584,0
15,586,0
15,588,0
15,590,0
15,592,0
15,594,0
15,596,0
15,598,0
15,600,0
15,602,0
15,604,0
15,606,0
15,608,0
15,610,0
15,612,0
15,614,0
15,616,0
15,618,0
15,620,0
15,622,0
15,624,0
15,626,0
15,628,0
15,630,0
15,632,0
15,634,0
15,636,0
15,638,0
15,640,0
15,642,0
15,644,0
15,646,0
15,648,0
15,650,0
15,652,0
15,654,0
15,656,0
15,658,0.0003
15,660,0.0014
15,662,0.0025
15,664,0.0025
15,666,0.0014
15,668,0.0004
15,670,0.0001
15,672,0.0001
15,674,0.0001
15,676,0.0001
15,678,0.0001
15,680,0.0001
15,682,0.0001
15,684,0.0002
15,686,0.0003
15,688,0.0005
15,690,0.0009
15,692,0.002
15,694,0.0067
15,696,0.0327
15,698,0.0737
15,700,0.0936
15,702,0.0731
15,704,0.0368
15,706,0.0157
15,708,0.0095
15,710,0.0083
15,712,0.0084
15,714,0.0095
15,716,0.0118
15,718,0.0159
15,720,0.0232
15,722,0.0374
15,724,0.067
15,726,0.1325
15,728,0.2681
15,730,0.4698
15,732,0.6565
15,734,0.7361
15,736,0.6956
15,738,0.6094
15,740,0.5491
15,742,0.533
15,744,0.5489
15,746,0.5791
15,748,0.6069
15,750,0.6211
15,752,0.6195
15,754,0.6084
15,756,0.5992
15,758,0.6026
15,760,0.6259
15,762,0.672
15,764,0.7351
15,766,0.797
15,768,0.8279
15,770,0.8024
15,772,0.7187
15,774,0.6016
15,776,0.4835
15,778,0.3854
15,780,0.3131
15,782,0.2631
15,784,0.2303
15,786,0.2104
15,788,0.2005
15,790,0.199
15,792,0.2057
15,794,0.2211
15,796,0.2468
15,798,0.2855
15,800,0.3404
15,802,0.4147
15,804,0.5048
15,806,0.5999
15,808,0.6783
15,810,0.7148
15,812,0.7017
15,814,0.6477
15,816,0.5742
15,818,0.5012
15,820,0.4405
15,822,0.3951
15,824,0.3644
15,826,0.3461
15,828,0.3387
15,830,0.3409
15,832,0.3519
15,834,0.3714
15,836,0.3995
15,838,0.4355
15,840,0.4785
15,842,0.5267
15,844,0.5753
15,846,0.6202
15,848,0.6563
15,850,0.6798
15,852,0.6896
15,854,0.6885
15,856,0.6797
15,858,0.6689
15,860,0.6579
15,862,0.6518
15,864,0.6512
15,866,0.6576
15,868,0.6703
15,870,0.6895
15,872,0.7148
15,874,0.7423
15,876,0.7698
15,878,0.7927
15,880,0.81
15,882,0.8139
15,884,0.8113
15,886,0.7924
15,888,0.7673
15,890,0.7391
15,892,0.7106
15,894,0.6814
15,896,0.6551
15,898,0.636
15,900,0.6242
20,250,0
20,252,0
20,254,0
20,256,0
20,258,0
20,260,0
20,262,0
20,264,0
20,266,0
20,268,0
20,270,0
20,272,0
20,274,0
20,276,0
20,278,0.0001
20,280,0.0008
20,282,0.0028
20,284,0.0073
20,286,0.0165
20,288,0.0323
20,290,0.0451
20,292,0.0483
20,294,0.0406
20,296,0.0513
20,298,0.0724
20,300,0.0344
20,302,0.011
20,304,0.0358
20,306,0.041
20,308,0.0135
20,310,0.0045
20,312,0.0167
20,314,0.025
20,316,0.0147
20,318,0.0056
20,320,0.0031
20,322,0.0124
20,324,0.0485
20,326,0.0791
20,328,0.1118
20,330,0.1861
20,332,0.3996
20,334,0.6979
20,336,0.7462
20,338,0.7634
20,340,0.8613
20,342,0.8897
20,344,0.9063
20,346,0.9317
20,348,0.9189
20,350,0.9282
20,352,0.9637
20,354,0.9791
20,356,0.9808
20,358,0.9809
20,360,0.9706
20,362,0.9445
20,364,0.9309
20,366,0.9525
20,368,0.9705
20,370,0.9621
20,372,0.9603
20,374,0.9697
20,376,0.9725
20,378,0.9763
20,380,0.9736
20,382,0.9505
20,384,0.9401
20,386,0.9608
20,388,0.9722
20,390,0.9581
20,392,0.9536
20,394,0.968
20,396,0.9734
20,398,0.9696
20,400,0.9746
20,402,0.9777
20,404,0.9618
20,406,0.9451
20,408,0.9531
20,410,0.9725
20,412,0.9745
20,414,0.962
20,416,0.96
20,418,0.9708
20,420,0.9765
20,422,0.9722
20,424,0.9711
20,426,0.9775
20,428,0.9779
20,430,0.9665
20,432,0.9562
20,434,0.9601
20,436,0.9736
20,438,0.9801
20,440,0.9745
20,442,0.9669
20,444,0.9663
20,446,0.9717
20,448,0.9752
20,450,0.9734
20,452,0.9704
20,454,0.9705
20,456,0.9729
20,458,0.9745
20,460,0.9748
20,462,0.9755
20,464,0.9779
20,466,0.9812
20,468,0.9835
20,470,0.9833
20,472,0.9813
20,474,0.9792
20,476,0.9785
20,478,0.9803
20,480,0.9835
20,482,0.9858
20,484,0.9845
20,486,0.9788
20,488,0.9721
20,490,0.9696
20,492,0.9733
20,494,0.9794
20,496,0.9809
20,498,0.9756
20,500,0.9691
20,502,0.9684
20,504,0.975
20,506,0.9835
20,508,0.9872
20,510,0.9859
20,512,0.9857
20,514,0.9898
20,516,0.9927
20,518,0.9857
20,520,0.9691
20,522,0.9506
20,524,0.929
20,526,0.8911
20,528,0.8366
20,530,0.778
20,532,0.6691
20,534,0.4345
20,536,0.1741
20,538,0.0437
20,540,0.0111
20,542,0.0036
20,544,0.0014
20,546,0.0007
20,548,0.0003
20,550,0.0002
20,552,0.0001
20,554,0.0001
20,556,0.0001
20,558,0.0001
20,560,0.0002
20,562,0.0004
20,564,0.0005
20,566,0.0004
20,568,0.0002
20,570,0
20,572,0
20,574,0
20,576,0
20,578,0
20,580,0
20,582,0
20,584,0
20,586,0
20,588,0
20,590,0
20,592,0
20,594,0
20,596,0
20,598,0
20,600,0
20,602,0
20,604,0
20,606,0
20,608,0
20,610,0
20,612,0
20,614,0
20,616,0
20,618,0
20,620,0
20,622,0
20,624,0
20,626,0
20,628,0
20,630,0
20,632,0
20,634,0
20,636,0
20,638,0
20,640,0
20,642,0
20,644,0
20,646,0
20,648,0
20,650,0.0002
20,652,0.0012
20,654,0.0021
20,656,0.0023
20,658,0.0018
20,660,0.001
20,662,0.0004
20,664,0.0002
20,666,0.0001
20,668,0.0001
20,670,0.0001
20,672,0.0001
20,674,0.0002
20,676,0.0002
20,678,0.0003
20,680,0.0005
20,682,0.0009
20,684,0.0019
20,686,0.0068
20,688,0.0307
20,690,0.0641
20,692,0.0782
20,694,0.0723
20,696,0.0488
20,698,0.028
20,700,0.0162
20,702,0.0103
20,704,0.0091
20,706,0.0099
20,708,0.012
20,710,0.016
20,712,0.0235
20,714,0.0378
20,716,0.0679
20,718,0.1339
20,720,0.2614
20,722,0.4358
20,724,0.5889
20,726,0.6703
20,728,0.6748
20,730,0.634
20,732,0.588
20,734,0.5616
20,736,0.562
20,738,0.5813
20,740,0.6038
20,742,0.6185
20,744,0.6216
20,746,0.6168
20,748,0.6122
20,750,0.617
20,752,0.6385
20,754,0.6798
20,756,0.7351
20,758,0.7878
20,760,0.8137
20,762,0.7935
20,764,0.7249
20,766,0.6232
20,768,0.5124
20,770,0.4135
20,772,0.3362
20,774,0.2814
20,776,0.2448
20,778,0.2224
20,780,0.2112
20,782,0.2094
20,784,0.2165
20,786,0.2331
20,788,0.261
20,790,0.3023
20,792,0.3603
20,794,0.4353
20,796,0.5226
20,798,0.6093
20,800,0.6749
20,802,0.7034
20,804,0.6887
20,806,0.6392
20,808,0.5716
20,810,0.5035
20,812,0.4477
20,814,0.404
20,816,0.3737
20,818,0.3561
20,820,0.3497
20,822,0.3531
20,824,0.3658
20,826,0.3873
20,828,0.4173
20,830,0.455
20,832,0.4991
20,834,0.5464
20,836,0.593
20,838,0.6344
20,840,0.6662
20,842,0.6859
20,844,0.6939
20,846,0.6924
20,848,0.6844
20,850,0.6743
20,852,0.6658
20,854,0.6622
20,856,0.6631
20,858,0.6721
20,860,0.688
20,862,0.7086
20,864,0.733
20,866,0.7596
20,868,0.7844
20,870,0.8042
20,872,0.8173
20,874,0.8192
20,876,0.8089
20,878,0.7913
20,880,0.764
20,882,0.738
20,884,0.7085
20,886,0.6829
20,888,0.6599
20,890,0.6432
20,892,0.6334
20,894,0.6265
20,896,0.631
20,898,0.6406
20,900,0.6508
25,250,0
25,252,0
25,254,0
25,256,0
25,258,0
25,260,0
25,262,0
25,264,0
25,266,0
25,268,0
25,270,0
25,272,0
25,274,0
25,276,0
25,278,0.0002
25,280,0.0009
25,282,0.003
25,284,0.008
25,286,0.0179
25,288,0.0282
25,290,0.0326
25,292,0.0298
25,294,0.0392
25,296,0.0551
25,298,0.0267
25,300,0.0115
25,302,0.0374
25,304,0.0391
25,306,0.0124
25,308,0.0068
25,310,0.0258
25,312,0.0328
25,314,0.0166
25,316,0.0053
25,318,0.0051
25,320,0.0263
25,322,0.067
25,324,0.1047
25,326,0.1871
25,328,0.3536
25,330,0.6316
25,332,0.7878
25,334,0.7904
25,336,0.8661
25,338,0.9181
25,340,0.92
25,342,0.9385
25,344,0.9373
25,346,0.9325
25,348,0.9596
25,350,0.9784
25,352,0.9813
25,354,0.9829
25,356,0.9787
25,358,0.9626
25,360,0.9458
25,362,0.9543
25,364,0.9717
25,366,0.9679
25,368,0.9629
25,370,0.971
25,372,0.976
25,374,0.9797
25,376,0.9808
25,378,0.9664
25,380,0.9511
25,382,0.9651
25,384,0.9764
25,386,0.9657
25,388,0.9598
25,390,0.9703
25,392,0.9758
25,394,0.9733
25,396,0.9771
25,398,0.9799
25,400,0.9674
25,402,0.9552
25,404,0.9624
25,406,0.9769
25,408,0.9767
25,410,0.9672
25,412,0.9664
25,414,0.9745
25,416,0.9777
25,418,0.9743
25,420,0.9748
25,422,0.9795
25,424,0.9779
25,426,0.9688
25,428,0.9636
25,430,0.9691
25,432,0.9782
25,434,0.9801
25,436,0.9751
25,438,0.9711
25,440,0.9733
25,442,0.9777
25,444,0.9778
25,446,0.9751
25,448,0.9738
25,450,0.974
25,452,0.9749
25,454,0.9754
25,456,0.9759
25,458,0.9766
25,460,0.9781
25,462,0.9804
25,464,0.9828
25,466,0.9842
25,468,0.9839
25,470,0.9823
25,472,0.9812
25,474,0.9829
25,476,0.9869
25,478,0.9903
25,480,0.9883
25,482,0.9816
25,484,0.9759
25,486,0.9766
25,488,0.9815
25,490,0.984
25,492,0.9803
25,494,0.9732
25,496,0.9696
25,498,0.9727
25,500,0.9793
25,502,0.9825
25,504,0.981
25,506,0.9796
25,508,0.9832
25,510,0.9893
25,512,0.9902
25,514,0.9819
25,516,0.9696
25,518,0.9563
25,520,0.9284
25,522,0.8758
25,524,0.811
25,526,0.7115
25,528,0.5115
25,530,0.2541
25,532,0.0775
25,534,0.019
25,536,0.0056
25,538,0.0021
25,540,0.0009
25,542,0.0005
25,544,0.0003
25,546,0.0001
25,548,0.0001
25,550,0.0001
25,552,0.0001
25,554,0.0002
25,556,0.0003
25,558,0.0005
25,560,0.0005
25,562,0.0003
25,564,0.0001
25,566,0
25,568,0
25,570,0
25,572,0
25,574,0
25,576,0
25,578,0
25,580,0
25,582,0
25,584,0
25,586,0
25,588,0
25,590,0
25,592,0
25,594,0
25,596,0
25,598,0
25,600,0
25,602,0
25,604,0
25,606,0
25,608,0
25,610,0
25,612,0
25,614,0
25,616,0
25,618,0
25,620,0
25,622,0
25,624,0
25,626,0
25,628,0
25,630,0
25,632,0
25,634,0
25,636,0
25,638,0
25,640,0.0002
25,642,0.001
25,644,0.002
25,646,0.0023
25,648,0.0021
25,650,0.0014
25,652,0.0006
25,654,0.0004
25,656,0.0003
25,658,0.0002
25,660,0.0001
25,662,0.0001
25,664,0.0002
25,666,0.0002
25,668,0.0003
25,670,0.0005
25,672,0.0009
25,674,0.002
25,676,0.0076
25,678,0.0306
25,680,0.0598
25,682,0.0716
25,684,0.0681
25,686,0.052
25,688,0.0315
25,690,0.0218
25,692,0.0184
25,694,0.0136
25,696,0.0114
25,698,0.013
25,700,0.0171
25,702,0.025
25,704,0.0407
25,706,0.0739
25,708,0.1443
25,710,0.2691
25,712,0.4233
25,714,0.5505
25,716,0.6186
25,718,0.6283
25,720,0.607
25,722,0.5917
25,724,0.5912
25,726,0.5949
25,728,0.6003
25,730,0.6091
25,732,0.6171
25,734,0.62
25,736,0.6195
25,738,0.6215
25,740,0.6322
25,742,0.6563
25,744,0.6952
25,746,0.7427
25,748,0.7836
25,750,0.7989
25,752,0.777
25,754,0.7175
25,756,0.6316
25,758,0.5347
25,760,0.4422
25,762,0.3642
25,764,0.305
25,766,0.2644
25,768,0.2392
25,770,0.2267
25,772,0.2248
25,774,0.2332
25,776,0.2524
25,778,0.2841
25,780,0.3303
25,782,0.3931
25,784,0.4695
25,786,0.5515
25,788,0.6245
25,790,0.6725
25,792,0.687
25,794,0.6683
25,796,0.6237
25,798,0.5651
25,800,0.505
25,802,0.452
25,804,0.4112
25,806,0.3839
25,808,0.369
25,810,0.3652
25,812,0.3711
25,814,0.3867
25,816,0.4113
25,818,0.4439
25,820,0.4837
25,822,0.5282
25,824,0.5736
25,826,0.6161
25,828,0.652
25,830,0.678
25,832,0.6932
25,834,0.6979
25,836,0.6953
25,838,0.6884
25,840,0.6812
25,842,0.6758
25,844,0.6757
25,846,0.6813
25,848,0.6932
25,850,0.7107
25,852,0.7331
25,854,0.7581
25,856,0.7827
25,858,0.803
25,860,0.8164
25,862,0.822
25,864,0.8183
25,866,0.8054
25,868,0.7844
25,870,0.7593
25,872,0.7321
25,874,0.7075
25,876,0.6844
25,878,0.6665
25,880,0.6547
25,882,0.6488
25,884,0.6501
25,886,0.6549
25,888,0.6672
25,890,0.6815
25,892,0.6972
25,894,0.7165
25,896,0.729
25,898,0.7356
25,900,0.7348
30,250,0
30,252,0
30,254,0
30,256,0
30,258,0
30,260,0
30,262,0
30,264,0
30,266,0
30,268,0
30,270,0
30,272,0
30,274,0
30,276,0
30,278,0.0002
30,280,0.001
30,282,0.0033
30,284,0.0087
30,286,0.0152
30,288,0.0194
30,290,0.0197
30,292,0.0294
30,294,0.0378
30,296,0.0172
30,298,0.0141
30,300,0.0405
30,302,0.0326
30,304,0.0098
30,306,0.0148
30,308,0.0451
30,310,0.04
30,312,0.0145
30,314,0.0051
30,316,0.0164
30,318,0.0571
30,320,0.1002
30,322,0.1986
30,324,0.3806
30,326,0.6249
30,328,0.8102
30,330,0.8427
30,332,0.8939
30,334,0.9433
30,336,0.9439
30,338,0.9507
30,340,0.9523
30,342,0.9462
30,344,0.9637
30,346,0.9784
30,348,0.9815
30,350,0.9834
30,352,0.982
30,354,0.9732
30,356,0.961
30,358,0.964
30,360,0.9749
30,362,0.9723
30,364,0.9682
30,366,0.9747
30,368,0.9796
30,370,0.9829
30,372,0.9834
30,374,0.9719
30,376,0.964
30,378,0.9737
30,380,0.98
30,382,0.9711
30,384,0.9685
30,386,0.976
30,388,0.9782
30,390,0.9773
30,392,0.9814
30,394,0.9808
30,396,0.9704
30,398,0.9663
30,400,0.9749
30,402,0.9818
30,404,0.9778
30,406,0.9725
30,408,0.9747
30,410,0.9792
30,412,0.9792
30,414,0.9778
30,416,0.9801
30,418,0.9816
30,420,0.9775
30,422,0.9726
30,424,0.9731
30,426,0.9785
30,428,0.9817
30,430,0.9802
30,432,0.9775
30,434,0.9772
30,436,0.9791
30,438,0.9808
30,440,0.9812
30,442,0.981
30,444,0.9791
30,446,0.9774
30,448,0.9779
30,450,0.9793
30,452,0.9801
30,454,0.9797
30,456,0.9794
30,458,0.9807
30,460,0.9833
30,462,0.9851
30,464,0.9848
30,466,0.9836
30,468,0.9845
30,470,0.9885
30,472,0.9922
30,474,0.9916
30,476,0.9872
30,478,0.9838
30,480,0.9845
30,482,0.9878
30,484,0.9886
30,486,0.9843
30,488,0.9779
30,490,0.9749
30,492,0.9778
30,494,0.9827
30,496,0.9835
30,498,0.9789
30,500,0.9747
30,502,0.976
30,504,0.982
30,506,0.9856
30,508,0.9828
30,510,0.9762
30,512,0.9653
30,514,0.9395
30,516,0.8944
30,518,0.8331
30,520,0.7187
30,522,0.5048
30,524,0.2526
30,526,0.0802
30,528,0.0205
30,530,0.0063
30,532,0.0023
30,534,0.001
30,536,0.0005
30,538,0.0003
30,540,0.0002
30,542,0.0001
30,544,0.0001
30,546,0.0001
30,548,0.0002
30,550,0.0004
30,552,0.0006
30,554,0.0005
30,556,0.0003
30,558,0
30,560,0
30,562,0
30,564,0
30,566,0
30,568,0
30,570,0
30,572,0
30,574,0
30,576,0
30,578,0
30,580,0
30,582,0
30,584,0
30,586,0
30,588,0
30,590,0
30,592,0
30,594,0
30,596,0
30,598,0
30,600,0
30,602,0
30,604,0
30,606,0
30,608,0
30,610,0
30,612,0
30,614,0
30,616,0
30,618,0
30,620,0
30,622,0
30,624,0
30,626,0
30,628,0.0001
30,630,0.0005
30,632,0.0016
30,634,0.0024
30,636,0.0024
30,638,0.0021
30,640,0.0014
30,642,0.0006
30,644,0.0003
30,646,0.0003
30,648,0.0003
30,650,0.0002
30,652,0.0002
30,654,0.0002
30,656,0.0003
30,658,0.0005
30,660,0.0008
30,662,0.0016
30,664,0.0049
30,666,0.0214
30,668,0.0498
30,670,0.0672
30,672,0.0685
30,674,0.0623
30,676,0.0445
30,678,0.0236
30,680,0.0168
30,682,0.018
30,684,0.0184
30,686,0.0174
30,688,0.018
30,690,0.0239
30,692,0.0376
30,694,0.0665
30,696,0.1275
30,698,0.2362
30,700,0.3753
30,702,0.4988
30,704,0.5777
30,706,0.6075
30,708,0.5935
30,710,0.5645
30,712,0.5618
30,714,0.5891
30,716,0.6199
30,718,0.6354
30,720,0.6339
30,722,0.6264
30,724,0.6212
30,726,0.6219
30,728,0.6333
30,730,0.6584
30,732,0.6965
30,734,0.7406
30,736,0.7774
30,738,0.7915
30,740,0.7742
30,742,0.7258
30,744,0.6551
30,746,0.5735
30,748,0.4916
30,750,0.4172
30,752,0.3544
30,754,0.3055
30,756,0.2715
30,758,0.252
30,760,0.2457
30,762,0.2517
30,764,0.2701
30,766,0.3019
30,768,0.3488
30,770,0.411
30,772,0.4847
30,774,0.5598
30,776,0.6225
30,778,0.6613
30,780,0.671
30,782,0.6541
30,784,0.6175
30,786,0.57
30,788,0.52
30,790,0.4737
30,792,0.4351
30,794,0.4073
30,796,0.391
30,798,0.3865
30,800,0.3929
30,802,0.4096
30,804,0.4354
30,806,0.4692
30,808,0.5091
30,810,0.5517
30,812,0.5917
30,814,0.6299
30,816,0.6613
30,818,0.6839
30,820,0.6972
30,822,0.7023
30,824,0.7012
30,826,0.6971
30,828,0.693
30,830,0.6913
30,832,0.6934
30,834,0.7012
30,836,0.7145
30,838,0.7331
30,840,0.7548
30,842,0.7777
30,844,0.7987
30,846,0.8156
30,848,0.8255
30,850,0.827
30,852,0.8198
30,854,0.8045
30,856,0.7854
30,858,0.762
30,860,0.7381
30,862,0.7153
30,864,0.6971
30,866,0.6832
30,868,0.6744
30,870,0.6722
30,872,0.6758
30,874,0.6848
30,876,0.6986
30,878,0.7128
30,880,0.7279
30,882,0.7404
30,884,0.7471
30,886,0.7447
30,888,0.7348
30,890,0.7164
30,892,0.6937
30,894,0.6603
30,896,0.6249
30,898,0.5891
30,900,0.5536
35,250,0
35,252,0
35,254,0
35,256,0
35,258,0
35,260,0
35,262,0
35,264,0
35,266,0
35,268,0
35,270,0
35,272,0
35,274,0
35,276,0
35,278,0.0003
35,280,0.0012
35,282,0.0035
35,284,0.007
35,286,0.01
35,288,0.0121
35,290,0.0205
35,292,0.0225
35,294,0.0103
35,296,0.019
35,298,0.0396
35,300,0.023
35,302,0.0099
35,304,0.0392
35,306,0.0705
35,308,0.0369
35,310,0.0098
35,312,0.0124
35,314,0.0473
35,316,0.0996
35,318,0.2291
35,320,0.4349
35,322,0.6567
35,324,0.8299
35,326,0.8895
35,328,0.9276
35,330,0.9597
35,332,0.9602
35,334,0.9612
35,336,0.9618
35,338,0.9573
35,340,0.9677
35,342,0.9753
35,344,0.9774
35,346,0.9801
35,348,0.9797
35,350,0.9767
35,352,0.9697
35,354,0.9705
35,356,0.9768
35,358,0.9734
35,360,0.9717
35,362,0.9768
35,364,0.98
35,366,0.9822
35,368,0.9813
35,370,0.9738
35,372,0.9723
35,374,0.9803
35,376,0.9805
35,378,0.9748
35,380,0.9741
35,382,0.9783
35,384,0.9783
35,386,0.9794
35,388,0.9817
35,390,0.9784
35,392,0.9736
35,394,0.9754
35,396,0.9807
35,398,0.9811
35,400,0.9775
35,402,0.9769
35,404,0.9788
35,406,0.9794
35,408,0.9793
35,410,0.9802
35,412,0.9808
35,414,0.9792
35,416,0.9772
35,418,0.9774
35,420,0.9791
35,422,0.9803
35,424,0.9804
35,426,0.9804
35,428,0.9799
35,430,0.9792
35,432,0.9799
35,434,0.9816
35,436,0.9827
35,438,0.9814
35,440,0.9797
35,442,0.9801
35,444,0.9814
35,446,0.9819
35,448,0.9807
35,450,0.979
35,452,0.9797
35,454,0.9825
35,456,0.9836
35,458,0.9816
35,460,0.9797
35,462,0.9812
35,464,0.9867
35,466,0.9915
35,468,0.9917
35,470,0.9879
35,472,0.9853
35,474,0.9873
35,476,0.9912
35,478,0.9921
35,480,0.9873
35,482,0.9813
35,484,0.9797
35,486,0.9833
35,488,0.9863
35,490,0.9838
35,492,0.977
35,494,0.972
35,496,0.973
35,498,0.9762
35,500,0.9746
35,502,0.9658
35,504,0.9558
35,506,0.9471
35,508,0.9306
35,510,0.8983
35,512,0.8286
35,514,0.6675
35,516,0.4218
35,518,0.1894
35,520,0.057
35,522,0.0157
35,524,0.0052
35,526,0.0021
35,528,0.0009
35,530,0.0005
35,532,0.0003
35,534,0.0002
35,536,0.0001
35,538,0.0001
35,540,0.0002
35,542,0.0003
35,544,0.0006
35,546,0.0007
35,548,0.0005
35,550,0.0002
35,552,0
35,554,0
35,556,0
35,558,0
35,560,0
35,562,0
35,564,0
35,566,0
35,568,0
35,570,0
35,572,0
35,574,0
35,576,0
35,578,0
35,580,0
35,582,0
35,584,0
35,586,0
35,588,0
35,590,0
35,592,0
35,594,0
35,596,0
35,598,0
35,600,0
35,602,0
35,604,0
35,606,0
35,608,0
35,610,0
35,612,0
35,614,0
35,616,0.0001
35,618,0.0006
35,620,0.0018
35,622,0.0027
35,624,0.0027
35,626,0.0025
35,628,0.002
35,630,0.001
35,632,0.0003
35,634,0.0002
35,636,0.0003
35,638,0.0003
35,640,0.0003
35,642,0.0003
35,644,0.0004
35,646,0.0006
35,648,0.001
35,650,0.0021
35,652,0.0071
35,654,0.0271
35,656,0.0544
35,658,0.0682
35,660,0.0686
35,662,0.0633
35,664,0.0495
35,666,0.0279
35,668,0.0147
35,670,0.0135
35,672,0.017
35,674,0.0209
35,676,0.0253
35,678,0.0321
35,680,0.0479
35,682,0.0854
35,684,0.1612
35,686,0.2786
35,688,0.4076
35,690,0.5102
35,692,0.574
35,694,0.5992
35,696,0.5877
35,698,0.5577
35,700,0.541
35,702,0.5555
35,704,0.5953
35,706,0.635
35,708,0.6552
35,710,0.6531
35,712,0.6387
35,714,0.6311
35,716,0.6406
35,718,0.6687
35,720,0.7108
35,722,0.7547
35,724,0.784
35,726,0.7859
35,728,0.7562
35,730,0.7003
35,732,0.6285
35,734,0.5532
35,736,0.4844
35,738,0.4249
35,740,0.3746
35,742,0.3329
35,744,0.3011
35,746,0.2818
35,748,0.2765
35,750,0.2858
35,752,0.3102
35,754,0.3505
35,756,0.406
35,758,0.4734
35,760,0.5438
35,762,0.605
35,764,0.6457
35,766,0.6605
35,768,0.6502
35,770,0.621
35,772,0.5821
35,774,0.5411
35,776,0.5032
35,778,0.4702
35,780,0.4436
35,782,0.4245
35,784,0.4151
35,786,0.4164
35,788,0.4287
35,790,0.451
35,792,0.482
35,794,0.5192
35,796,0.5594
35,798,0.5996
35,800,0.6358
35,802,0.6652
35,804,0.6864
35,806,0.6993
35,808,0.7052
35,810,0.7061
35,812,0.7053
35,814,0.7045
35,816,0.7053
35,818,0.7093
35,820,0.7179
35,822,0.7308
35,824,0.7478
35,826,0.7676
35,828,0.7881
35,830,0.8065
35,832,0.8206
35,834,0.8287
35,836,0.8299
35,838,0.8235
35,840,0.8108
35,842,0.7933
35,844,0.7733
35,846,0.7527
35,848,0.7339
35,850,0.7179
35,852,0.7069
35,854,0.7008
35,856,0.6995
35,858,0.7046
35,860,0.7133
35,862,0.7254
35,864,0.7386
35,866,0.7502
35,868,0.7581
35,870,0.761
35,872,0.7545
35,874,0.7422
35,876,0.7206
35,878,0.6935
35,880,0.6603
35,882,0.6251
35,884,0.5918
35,886,0.5565
35,888,0.5245
35,890,0.4976
35,892,0.4709
35,894,0.4532
35,896,0.4378
35,898,0.4291
35,900,0.424
40,250,0
40,252,0
40,254,0
40,256,0
40,258,0
40,260,0
40,262,0
40,264,0
40,266,0
40,268,0
40,270,0
40,272,0
40,274,0
40,276,0
40,278,0.0003
40,280,0.0012
40,282,0.0027
40,284,0.0045
40,286,0.007
40,288,0.0125
40,290,0.0113
40,292,0.008
40,294,0.0244
40,296,0.0315
40,298,0.0144
40,300,0.028
40,302,0.0867
40,304,0.0738
40,306,0.0215
40,308,0.0134
40,310,0.045
40,312,0.1005
40,314,0.2556
40,316,0.5143
40,318,0.71
40,320,0.8525
40,322,0.9208
40,324,0.9451
40,326,0.96
40,328,0.9628
40,330,0.9649
40,332,0.9662
40,334,0.9646
40,336,0.9687
40,338,0.969
40,340,0.9713
40,342,0.9727
40,344,0.9733
40,346,0.9756
40,348,0.9727
40,350,0.9738
40,352,0.9767
40,354,0.9737
40,356,0.9739
40,358,0.9766
40,360,0.9765
40,362,0.9782
40,364,0.9781
40,366,0.9755
40,368,0.9766
40,370,0.98
40,372,0.9783
40,374,0.9768
40,376,0.9775
40,378,0.9779
40,380,0.9776
40,382,0.9789
40,384,0.9789
40,386,0.9779
40,388,0.9774
40,390,0.9781
40,392,0.9787
40,394,0.9789
40,396,0.9788
40,398,0.9779
40,400,0.9778
40,402,0.9792
40,404,0.9797
40,406,0.9784
40,408,0.9781
40,410,0.9793
40,412,0.9799
40,414,0.9784
40,416,0.9775
40,418,0.9795
40,420,0.9817
40,422,0.9804
40,424,0.9781
40,426,0.9788
40,428,0.9822
40,430,0.9831
40,432,0.9802
40,434,0.978
40,436,0.9801
40,438,0.9839
40,440,0.9845
40,442,0.9813
40,444,0.9781
40,446,0.9799
40,448,0.9832
40,450,0.9827
40,452,0.9782
40,454,0.9759
40,456,0.9788
40,458,0.9841
40,460,0.987
40,462,0.9862
40,464,0.9845
40,466,0.986
40,468,0.99
40,470,0.9919
40,472,0.9891
40,474,0.9841
40,476,0.9826
40,478,0.9864
40,480,0.9899
40,482,0.9877
40,484,0.9794
40,486,0.9718
40,488,0.9678
40,490,0.961
40,492,0.941
40,494,0.9119
40,496,0.892
40,498,0.889
40,500,0.8948
40,502,0.8919
40,504,0.8496
40,506,0.7207
40,508,0.5029
40,510,0.2652
40,512,0.0964
40,514,0.0275
40,516,0.0087
40,518,0.0033
40,520,0.0015
40,522,0.0007
40,524,0.0004
40,526,0.0003
40,528,0.0002
40,530,0.0002
40,532,0.0002
40,534,0.0004
40,536,0.0007
40,538,0.0009
40,540,0.0008
40,542,0.0004
40,544,0.0001
40,546,0
40,548,0
40,550,0
40,552,0
40,554,0
40,556,0
40,558,0
40,560,0
40,562,0
40,564,0
40,566,0
40,568,0
40,570,0
40,572,0
40,574,0
40,576,0
40,578,0
40,580,0
40,582,0
40,584,0
40,586,0
40,588,0
40,590,0
40,592,0
40,594,0
40,596,0
40,598,0
40,600,0
40,602,0
40,604,0.0003
40,606,0.0014
40,608,0.0028
40,610,0.0033
40,612,0.0031
40,614,0.0028
40,616,0.0021
40,618,0.001
40,620,0.0003
40,622,0.0002
40,624,0.0002
40,626,0.0003
40,628,0.0004
40,630,0.0005
40,632,0.0007
40,634,0.001
40,636,0.0019
40,638,0.0056
40,640,0.022
40,642,0.0503
40,644,0.069
40,646,0.0722
40,648,0.0687
40,650,0.0606
40,652,0.042
40,654,0.0223
40,656,0.0146
40,658,0.014
40,660,0.0167
40,662,0.0235
40,664,0.0344
40,666,0.0528
40,668,0.0896
40,670,0.1607
40,672,0.2711
40,674,0.3939
40,676,0.4947
40,678,0.5613
40,680,0.5946
40,682,0.5953
40,684,0.5724
40,686,0.5506
40,688,0.5468
40,690,0.559
40,692,0.5822
40,694,0.6151
40,696,0.6456
40,698,0.6612
40,700,0.6642
40,702,0.6635
40,704,0.6742
40,706,0.7029
40,708,0.7399
40,710,0.7689
40,712,0.7755
40,714,0.7527
40,716,0.7026
40,718,0.6339
40,720,0.5598
40,722,0.4927
40,724,0.4404
40,726,0.4019
40,728,0.372
40,730,0.3479
40,732,0.3302
40,734,0.3223
40,736,0.3285
40,738,0.3519
40,740,0.3929
40,742,0.4493
40,744,0.5143
40,746,0.5772
40,748,0.6263
40,750,0.6535
40,752,0.6562
40,754,0.6369
40,756,0.6024
40,758,0.5621
40,760,0.5252
40,762,0.4968
40,764,0.4765
40,766,0.4624
40,768,0.4536
40,770,0.4509
40,772,0.4559
40,774,0.4701
40,776,0.4939
40,778,0.5255
40,780,0.562
40,782,0.5997
40,784,0.6346
40,786,0.664
40,788,0.6861
40,790,0.7001
40,792,0.7077
40,794,0.7107
40,796,0.7114
40,798,0.7126
40,800,0.716
40,802,0.7227
40,804,0.7328
40,806,0.7464
40,808,0.7628
40,810,0.7805
40,812,0.797
40,814,0.813
40,816,0.8255
40,818,0.833
40,820,0.8339
40,822,0.8292
40,824,0.8189
40,826,0.805
40,828,0.789
40,830,0.7727
40,832,0.7577
40,834,0.7447
40,836,0.7353
40,838,0.7305
40,840,0.7298
40,842,0.734
40,844,0.7418
40,846,0.752
40,848,0.7621
40,850,0.7711
40,852,0.7763
40,854,0.7752
40,856,0.7675
40,858,0.7526
40,860,0.7313
40,862,0.7039
40,864,0.6735
40,866,0.6403
40,868,0.6066
40,870,0.5741
40,872,0.5448
40,874,0.5182
40,876,0.4965
40,878,0.4785
40,880,0.4664
40,882,0.4586
40,884,0.4557
40,886,0.4584
40,888,0.4657
40,890,0.4753
40,892,0.491
40,894,0.511
40,896,0.5307
40,898,0.5561
40,900,0.5771
45,250,0
45,252,0
45,254,0
45,256,0
45,258,0
45,260,0
45,262,0
45,264,0
45,266,0
45,268,0
45,270,0
45,272,0
45,274,0
45,276,0
45,278,0.0003
45,280,0.0009
45,282,0.0018
45,284,0.0037
45,286,0.0063
45,288,0.0055
45,290,0.0095
45,292,0.0239
45,294,0.0202
45,296,0.0183
45,298,0.0724
45,300,0.1002
45,302,0.0401
45,304,0.0171
45,306,0.0447
45,308,0.102
45,310,0.2667
45,312,0.5142
45,314,0.6901
45,316,0.8456
45,318,0.9108
45,320,0.9211
45,322,0.9343
45,324,0.9466
45,326,0.9544
45,328,0.9614
45,330,0.9627
45,332,0.9611
45,334,0.9591
45,336,0.9604
45,338,0.957
45,340,0.9615
45,342,0.9699
45,344,0.9692
45,346,0.9715
45,348,0.9738
45,350,0.972
45,352,0.9714
45,354,0.969
45,356,0.9678
45,358,0.9723
45,360,0.9741
45,362,0.971
45,364,0.9719
45,366,0.9761
45,368,0.977
45,370,0.9748
45,372,0.9745
45,374,0.9749
45,376,0.974
45,378,0.9748
45,380,0.9785
45,382,0.977
45,384,0.9726
45,386,0.9732
45,388,0.9785
45,390,0.9794
45,392,0.9757
45,394,0.9759
45,396,0.9792
45,398,0.9786
45,400,0.9755
45,402,0.9765
45,404,0.9806
45,406,0.9799
45,408,0.9748
45,410,0.9741
45,412,0.9793
45,414,0.9819
45,416,0.9783
45,418,0.9755
45,420,0.9785
45,422,0.983
45,424,0.9816
45,426,0.9771
45,428,0.9767
45,430,0.9814
45,432,0.9842
45,434,0.9814
45,436,0.9776
45,438,0.9789
45,440,0.983
45,442,0.984
45,444,0.9799
45,446,0.9761
45,448,0.9777
45,450,0.9827
45,452,0.9862
45,454,0.9858
45,456,0.9836
45,458,0.9838
45,460,0.9866
45,462,0.9885
45,464,0.9863
45,466,0.9816
45,468,0.9792
45,470,0.9815
45,472,0.9844
45,474,0.9815
45,476,0.9715
45,478,0.9577
45,480,0.9385
45,482,0.9054
45,484,0.8575
45,486,0.809
45,488,0.7782
45,490,0.7778
45,492,0.7995
45,494,0.8179
45,496,0.8005
45,498,0.701
45,500,0.5124
45,502,0.2927
45,504,0.1182
45,506,0.0366
45,508,0.0121
45,510,0.0048
45,512,0.0022
45,514,0.0011
45,516,0.0006
45,518,0.0004
45,520,0.0003
45,522,0.0002
45,524,0.0003
45,526,0.0005
45,528,0.0009
45,530,0.0012
45,532,0.0011
45,534,0.0006
45,536,0.0002
45,538,0
45,540,0
45,542,0
45,544,0
45,546,0
45,548,0
45,550,0
45,552,0
45,554,0
45,556,0
45,558,0
45,560,0
45,562,0
45,564,0
45,566,0
45,568,0
45,570,0
45,572,0
45,574,0
45,576,0
45,578,0
45,580,0
45,582,0
45,584,0
45,586,0
45,588,0.0001
45,590,0.0002
45,592,0.0013
45,594,0.0032
45,596,0.0042
45,598,0.0041
45,600,0.0037
45,602,0.0031
45,604,0.0019
45,606,0.0006
45,608,0.0004
45,610,0.0003
45,612,0.0003
45,614,0.0004
45,616,0.0005
45,618,0.0008
45,620,0.0012
45,622,0.0023
45,624,0.0067
45,626,0.0248
45,628,0.055
45,630,0.0747
45,632,0.0783
45,634,0.0749
45,636,0.067
45,638,0.0493
45,640,0.0277
45,642,0.0175
45,644,0.0165
45,646,0.0188
45,648,0.0245
45,650,0.0362
45,652,0.0608
45,654,0.1089
45,656,0.1928
45,658,0.3073
45,660,0.4217
45,662,0.5112
45,664,0.5703
45,666,0.5991
45,668,0.5984
45,670,0.5778
45,672,0.5598
45,674,0.5577
45,676,0.5675
45,678,0.5802
45,680,0.5911
45,682,0.603
45,684,0.6261
45,686,0.6571
45,688,0.6857
45,690,0.7112
45,692,0.7319
45,694,0.747
45,696,0.7552
45,698,0.7487
45,700,0.7216
45,702,0.6741
45,704,0.6116
45,706,0.5438
45,708,0.4818
45,710,0.434
45,712,0.4035
45,714,0.3879
45,716,0.3809
45,718,0.3786
45,720,0.3819
45,722,0.3949
45,724,0.4221
45,726,0.4655
45,728,0.5211
45,730,0.5786
45,732,0.6267
45,734,0.6564
45,736,0.6632
45,738,0.6481
45,740,0.6162
45,742,0.5748
45,744,0.5334
45,746,0.5007
45,748,0.4811
45,750,0.4743
45,752,0.4762
45,754,0.4831
45,756,0.4939
45,758,0.509
45,760,0.5296
45,762,0.5564
45,764,0.5882
45,766,0.6214
45,768,0.6528
45,770,0.679
45,772,0.6986
45,774,0.7105
45,776,0.7164
45,778,0.7181
45,780,0.7182
45,782,0.7198
45,784,0.7247
45,786,0.7338
45,788,0.7471
45,790,0.7638
45,792,0.7822
45,794,0.8004
45,796,0.8172
45,798,0.8308
45,800,0.8394
45,802,0.8426
45,804,0.8403
45,806,0.8328
45,808,0.8217
45,810,0.808
45,812,0.7953
45,814,0.7828
45,816,0.7725
45,818,0.7649
45,820,0.7607
45,822,0.7599
45,824,0.7625
45,826,0.7681
45,828,0.7755
45,830,0.7838
45,832,0.7909
45,834,0.7953
45,836,0.7949
45,838,0.788
45,840,0.7754
45,842,0.7564
45,844,0.7322
45,846,0.704
45,848,0.6735
45,850,0.6427
45,852,0.6129
45,854,0.5844
45,856,0.5584
45,858,0.5367
45,860,0.5196
45,862,0.5064
45,864,0.4979
45,866,0.495
45,868,0.497
45,870,0.5032
45,872,0.5154
45,874,0.5294
45,876,0.5491
45,878,0.5702
45,880,0.5928
45,882,0.6178
45,884,0.6424
45,886,0.6635
45,888,0.6839
45,890,0.6976
45,892,0.7109
45,894,0.7175
45,896,0.7156
45,898,0.7123
45,900,0.7079
50,250,0
50,252,0
50,254,0
50,256,0
50,258,0
50,260,0
50,262,0
50,264,0
50,266,0
50,268,0
50,270,0
50,272,0
50,274,0
50,276,0
50,278,0.0002
50,280,0.0006
50,282,0.0017
50,284,0.0028
50,286,0.0035
50,288,0.0101
50,290,0.0176
50,292,0.0145
50,294,0.04
50,296,0.0874
50,298,0.055
50,300,0.0226
50,302,0.0428
50,304,0.0946
50,306,0.2402
50,308,0.4444
50,310,0.6053
50,312,0.7644
50,314,0.8291
50,316,0.8538
50,318,0.8857
50,320,0.9046
50,322,0.9235
50,324,0.9435
50,326,0.9489
50,328,0.9445
50,330,0.9416
50,332,0.9352
50,334,0.9276
50,336,0.9429
50,338,0.9556
50,340,0.9563
50,342,0.9619
50,344,0.9645
50,346,0.9612
50,348,0.956
50,350,0.9501
50,352,0.9541
50,354,0.9614
50,356,0.9573
50,358,0.9526
50,360,0.9608
50,362,0.9687
50,364,0.9662
50,366,0.9645
50,368,0.9656
50,370,0.963
50,372,0.963
50,374,0.9681
50,376,0.9656
50,378,0.9558
50,380,0.9569
50,382,0.968
50,384,0.9699
50,386,0.9641
50,388,0.9659
50,390,0.9713
50,392,0.9683
50,394,0.9632
50,396,0.967
50,398,0.9722
50,400,0.9678
50,402,0.9606
50,404,0.9633
50,406,0.9717
50,408,0.972
50,410,0.9657
50,412,0.965
50,414,0.9716
50,416,0.9746
50,418,0.9696
50,420,0.9661
50,422,0.9698
50,424,0.9751
50,426,0.9741
50,428,0.9692
50,430,0.968
50,432,0.9719
50,434,0.9736
50,436,0.9704
50,438,0.9659
50,440,0.9657
50,442,0.9697
50,444,0.9719
50,446,0.9714
50,448,0.9707
50,450,0.9711
50,452,0.9737
50,454,0.9758
50,456,0.9747
50,458,0.9712
50,460,0.9701
50,462,0.9728
50,464,0.9746
50,466,0.9682
50,468,0.9508
50,470,0.9253
50,472,0.8967
50,474,0.8657
50,476,0.8298
50,478,0.7917
50,480,0.7587
50,482,0.7401
50,484,0.7366
50,486,0.7383
50,488,0.7171
50,490,0.634
50,492,0.4751
50,494,0.2806
50,496,0.1198
50,498,0.0405
50,500,0.0145
50,502,0.0062
50,504,0.0032
50,506,0.0018
50,508,0.0011
50,510,0.0007
50,512,0.0005
50,514,0.0004
50,516,0.0005
50,518,0.0008
50,520,0.0014
50,522,0.0019
50,524,0.0016
50,526,0.001
50,528,0.0003
50,530,0
50,532,0
50,534,0
50,536,0
50,538,0
50,540,0
50,542,0
50,544,0
50,546,0
50,548,0
50,550,0
50,552,0
50,554,0
50,556,0
50,558,0
50,560,0
50,562,0
50,564,0
50,566,0
50,568,0
50,570,0
50,572,0
50,574,0.0001
50,576,0.0003
50,578,0.0014
50,580,0.0039
50,582,0.0056
50,584,0.0056
50,586,0.0051
50,588,0.0043
50,590,0.0029
50,592,0.0011
50,594,0.0005
50,596,0.0004
50,598,0.0004
50,600,0.0005
50,602,0.0007
50,604,0.0009
50,606,0.0015
50,608,0.003
50,610,0.009
50,612,0.0312
50,614,0.0651
50,616,0.0847
50,618,0.0876
50,620,0.0833
50,622,0.0736
50,624,0.0529
50,626,0.0297
50,628,0.02
50,630,0.0195
50,632,0.0228
50,634,0.0306
50,636,0.046
50,638,0.0772
50,640,0.1379
50,642,0.2369
50,644,0.3563
50,646,0.4631
50,648,0.5405
50,650,0.5869
50,652,0.6038
50,654,0.5943
50,656,0.5734
50,658,0.5616
50,660,0.5649
50,662,0.5761
50,664,0.5874
50,666,0.5952
50,668,0.5999
50,670,0.6057
50,672,0.6208
50,674,0.6568
50,676,0.7071
50,678,0.7492
50,680,0.7694
50,682,0.7599
50,684,0.7245
50,686,0.6753
50,688,0.6188
50,690,0.5599
50,692,0.5042
50,694,0.4569
50,696,0.4218
50,698,0.4004
50,700,0.3941
50,702,0.4021
50,704,0.4204
50,706,0.445
50,708,0.4755
50,710,0.513
50,712,0.5572
50,714,0.6033
50,716,0.6428
50,718,0.6676
50,720,0.6727
50,722,0.6575
50,724,0.6259
50,726,0.5848
50,728,0.5425
50,730,0.5064
50,732,0.4817
50,734,0.4714
50,736,0.4763
50,738,0.4936
50,740,0.5179
50,742,0.5448
50,744,0.5724
50,746,0.6002
50,748,0.6279
50,750,0.6552
50,752,0.6803
50,754,0.701
50,756,0.7156
50,758,0.7238
50,760,0.7268
50,762,0.7264
50,764,0.7254
50,766,0.7266
50,768,0.7315
50,770,0.7413
50,772,0.7565
50,774,0.7752
50,776,0.7957
50,778,0.8153
50,780,0.8315
50,782,0.8428
50,784,0.848
50,786,0.8472
50,788,0.8411
50,790,0.8307
50,792,0.818
50,794,0.8048
50,796,0.793
50,798,0.7839
50,800,0.7789
50,802,0.7774
50,804,0.7799
50,806,0.7854
50,808,0.7927
50,810,0.8001
50,812,0.8066
50,814,0.8121
50,816,0.8143
50,818,0.8124
50,820,0.8052
50,822,0.7921
50,824,0.7737
50,826,0.7506
50,828,0.7242
50,830,0.6962
50,832,0.6676
50,834,0.6405
50,836,0.6156
50,838,0.593
50,840,0.5738
50,842,0.5581
50,844,0.5465
50,846,0.5397
50,848,0.5372
50,850,0.54
50,852,0.5475
50,854,0.5594
50,856,0.5748
50,858,0.5945
50,860,0.616
50,862,0.6388
50,864,0.6619
50,866,0.6841
50,868,0.7038
50,870,0.7221
50,872,0.7339
50,874,0.7414
50,876,0.7439
50,878,0.7438
50,880,0.7396
50,882,0.7317
50,884,0.724
50,886,0.7137
50,888,0.7073
50,890,0.7018
50,892,0.6933
50,894,0.6911
50,896,0.6918
50,898,0.6939
50,900,0.6976
55,250,0
55,252,0
55,254,0
55,256,0
55,258,0
55,260,0
55,262,0
55,264,0
55,266,0
55,268,0
55,270,0
55,272,0
55,274,0
55,276,0
55,278,0.0002
55,280,0.0006
55,282,0.0012
55,284,0.0026
55,286,0.0079
55,288,0.0114
55,290,0.017
55,292,0.0498
55,294,0.058
55,296,0.029
55,298,0.0366
55,300,0.0736
55,302,0.1734
55,304,0.3206
55,306,0.4579
55,308,0.6077
55,310,0.6854
55,312,0.7477
55,314,0.8032
55,316,0.8365
55,318,0.871
55,320,0.9113
55,322,0.9253
55,324,0.9207
55,326,0.9138
55,328,0.8941
55,330,0.8885
55,332,0.9177
55,334,0.9321
55,336,0.9348
55,338,0.9445
55,340,0.9459
55,342,0.9402
55,344,0.9309
55,346,0.927
55,348,0.9367
55,350,0.9378
55,352,0.9252
55,354,0.9297
55,356,0.9488
55,358,0.9517
55,360,0.9481
55,362,0.9513
55,364,0.9488
55,366,0.9444
55,368,0.9504
55,370,0.9483
55,372,0.9324
55,374,0.9313
55,376,0.95
55,378,0.9569
55,380,0.9476
55,382,0.9515
55,384,0.9603
55,386,0.9547
55,388,0.9467
55,390,0.9528
55,392,0.9584
55,394,0.9497
55,396,0.9421
55,398,0.9502
55,400,0.9597
55,402,0.9563
55,404,0.9489
55,406,0.9526
55,408,0.9611
55,410,0.9606
55,412,0.954
55,414,0.9538
55,416,0.9604
55,418,0.9634
55,420,0.9592
55,422,0.9549
55,424,0.9559
55,426,0.9582
55,428,0.9566
55,430,0.9524
55,432,0.9506
55,434,0.9529
55,436,0.9567
55,438,0.9594
55,440,0.9599
55,442,0.9604
55,444,0.961
55,446,0.9626
55,448,0.9632
55,450,0.9604
55,452,0.9563
55,454,0.9522
55,456,0.9458
55,458,0.9313
55,460,0.9081
55,462,0.8822
55,464,0.8614
55,466,0.8461
55,468,0.8297
55,470,0.8094
55,472,0.7912
55,474,0.7844
55,476,0.7881
55,478,0.7854
55,480,0.7503
55,482,0.6567
55,484,0.4924
55,486,0.2986
55,488,0.1379
55,490,0.05
55,492,0.0184
55,494,0.008
55,496,0.0043
55,498,0.0027
55,500,0.0019
55,502,0.0013
55,504,0.0012
55,506,0.001
55,508,0.001
55,510,0.0014
55,512,0.0022
55,514,0.003
55,516,0.0028
55,518,0.0018
55,520,0.0007
55,522,0.0002
55,524,0
55,526,0
55,528,0
55,530,0
55,532,0
55,534,0
55,536,0
55,538,0
55,540,0
55,542,0
55,544,0
55,546,0
55,548,0
55,550,0
55,552,0
55,554,0
55,556,0
55,558,0
55,560,0.0001
55,562,0.0002
55,564,0.0011
55,566,0.0039
55,568,0.0074
55,570,0.0083
55,572,0.0077
55,574,0.0066
55,576,0.0048
55,578,0.0023
55,580,0.0008
55,582,0.0006
55,584,0.0006
55,586,0.0007
55,588,0.0008
55,590,0.0011
55,592,0.0017
55,594,0.0032
55,596,0.0085
55,598,0.03
55,600,0.069
55,602,0.0966
55,604,0.1019
55,606,0.0973
55,608,0.0859
55,610,0.062
55,612,0.0347
55,614,0.0231
55,616,0.0224
55,618,0.0261
55,620,0.0347
55,622,0.0523
55,624,0.0877
55,626,0.1544
55,628,0.2578
55,630,0.3775
55,632,0.4823
55,634,0.5565
55,636,0.5977
55,638,0.6069
55,640,0.5904
55,642,0.5683
55,644,0.5601
55,646,0.5666
55,648,0.5791
55,650,0.5904
55,652,0.5978
55,654,0.6024
55,656,0.6082
55,658,0.62
55,660,0.6408
55,662,0.6702
55,664,0.7075
55,666,0.7434
55,668,0.7538
55,670,0.7277
55,672,0.6694
55,674,0.593
55,676,0.5206
55,678,0.4638
55,680,0.4248
55,682,0.4034
55,684,0.3962
55,686,0.4009
55,688,0.4173
55,690,0.4474
55,692,0.491
55,694,0.543
55,696,0.5954
55,698,0.6416
55,700,0.6756
55,702,0.6939
55,704,0.6949
55,706,0.679
55,708,0.6481
55,710,0.6074
55,712,0.5642
55,714,0.5258
55,716,0.4972
55,718,0.4809
55,720,0.4779
55,722,0.4889
55,724,0.5139
55,726,0.5501
55,728,0.5914
55,730,0.6313
55,732,0.6657
55,734,0.6932
55,736,0.7134
55,738,0.7277
55,740,0.737
55,742,0.7415
55,744,0.7419
55,746,0.7399
55,748,0.7379
55,750,0.738
55,752,0.7416
55,754,0.7499
55,756,0.7632
55,758,0.7805
55,760,0.7999
55,762,0.8194
55,764,0.8363
55,766,0.8479
55,768,0.853
55,770,0.8513
55,772,0.8437
55,774,0.8321
55,776,0.8187
55,778,0.8056
55,780,0.7947
55,782,0.7874
55,784,0.7849
55,786,0.7874
55,788,0.7942
55,790,0.8042
55,792,0.8153
55,794,0.8261
55,796,0.8338
55,798,0.8375
55,800,0.8358
55,802,0.8286
55,804,0.8156
55,806,0.7973
55,808,0.7746
55,810,0.7486
55,812,0.7236
55,814,0.6973
55,816,0.6719
55,818,0.6489
55,820,0.6292
55,822,0.613
55,824,0.6001
55,826,0.591
55,828,0.5858
55,830,0.5842
55,832,0.587
55,834,0.594
55,836,0.6053
55,838,0.6205
55,840,0.6391
55,842,0.6604
55,844,0.6824
55,846,0.7046
55,848,0.7254
55,850,0.7435
55,852,0.758
55,854,0.7679
55,856,0.7739
55,858,0.7753
55,860,0.7736
55,862,0.7689
55,864,0.7626
55,866,0.7545
55,868,0.7478
55,870,0.7417
55,872,0.7367
55,874,0.7352
55,876,0.734
55,878,0.7363
55,880,0.7429
55,882,0.7469
55,884,0.7576
55,886,0.7683
55,888,0.7806
55,890,0.7923
55,892,0.8097
55,894,0.8239
55,896,0.8394
55,898,0.8565
55,900,0.866
60,250,0
60,252,0
60,254,0
60,256,0
60,258,0
60,260,0
60,262,0
60,264,0
60,266,0
60,268,0
60,270,0
60,272,0
60,274,0
60,276,0
60,278,0.0002
60,280,0.0005
60,282,0.0017
60,284,0.0049
60,286,0.0078
60,288,0.0183
60,290,0.0388
60,292,0.0328
60,294,0.029
60,296,0.0486
60,298,0.1024
60,300,0.1964
60,302,0.2923
60,304,0.4114
60,306,0.5019
60,308,0.612
60,310,0.6885
60,312,0.7308
60,314,0.7831
60,316,0.8579
60,318,0.8902
60,320,0.8844
60,322,0.8689
60,324,0.8362
60,326,0.8368
60,328,0.8794
60,330,0.8924
60,332,0.8975
60,334,0.9106
60,336,0.9118
60,338,0.9054
60,340,0.8946
60,342,0.8949
60,344,0.9046
60,346,0.8911
60,348,0.8791
60,350,0.9032
60,352,0.923
60,354,0.9194
60,356,0.9243
60,358,0.9268
60,360,0.916
60,362,0.9183
60,364,0.9198
60,366,0.8976
60,368,0.8909
60,370,0.9168
60,372,0.9309
60,374,0.9202
60,376,0.9225
60,378,0.9387
60,380,0.9321
60,382,0.9187
60,384,0.9254
60,386,0.9324
60,388,0.9203
60,390,0.9124
60,392,0.9241
60,394,0.9347
60,396,0.9285
60,398,0.9221
60,400,0.9293
60,402,0.9377
60,404,0.9347
60,406,0.9289
60,408,0.932
60,410,0.939
60,412,0.9394
60,414,0.9343
60,416,0.9305
60,418,0.9298
60,420,0.9296
60,422,0.9274
60,424,0.9251
60,426,0.9243
60,428,0.9266
60,430,0.931
60,432,0.9346
60,434,0.9357
60,436,0.9368
60,438,0.9405
60,440,0.9438
60,442,0.9405
60,444,0.9251
60,446,0.9027
60,448,0.8808
60,450,0.8563
60,452,0.828
60,454,0.8027
60,456,0.7889
60,458,0.7872
60,460,0.7877
60,462,0.7821
60,464,0.7746
60,466,0.7786
60,468,0.7985
60,470,0.8185
60,472,0.812
60,474,0.7488
60,476,0.6023
60,478,0.3956
60,480,0.1992
60,482,0.0762
60,484,0.0267
60,486,0.0109
60,488,0.0055
60,490,0.0034
60,492,0.0024
60,494,0.002
60,496,0.0018
60,498,0.0018
60,500,0.0019
60,502,0.0023
60,504,0.0035
60,506,0.0049
60,508,0.005
60,510,0.0037
60,512,0.0018
60,514,0.0006
60,516,0.0002
60,518,0
60,520,0
60,522,0
60,524,0
60,526,0
60,528,0
60,530,0
60,532,0
60,534,0
60,536,0
60,538,0
60,540,0
60,542,0
60,544,0
60,546,0.0001
60,548,0.0002
60,550,0.0005
60,552,0.0023
60,554,0.0073
60,556,0.0121
60,558,0.0125
60,560,0.0112
60,562,0.0089
60,564,0.0052
60,566,0.0017
60,568,0.001
60,570,0.0009
60,572,0.0009
60,574,0.001
60,576,0.0012
60,578,0.0017
60,580,0.0029
60,582,0.006
60,584,0.0198
60,586,0.0586
60,588,0.1042
60,590,0.1219
60,592,0.1195
60,594,0.1068
60,596,0.0795
60,598,0.0449
60,600,0.0273
60,602,0.0248
60,604,0.0276
60,606,0.0354
60,608,0.0515
60,610,0.0838
60,612,0.1463
60,614,0.2477
60,616,0.3706
60,618,0.4808
60,620,0.5577
60,622,0.5973
60,624,0.6014
60,626,0.58
60,628,0.5565
60,630,0.549
60,632,0.5566
60,634,0.5705
60,636,0.5831
60,638,0.5912
60,640,0.5959
60,642,0.6017
60,644,0.6133
60,646,0.6335
60,648,0.6602
60,650,0.6855
60,652,0.6991
60,654,0.6959
60,656,0.6815
60,658,0.6516
60,660,0.598
60,662,0.5286
60,664,0.4574
60,666,0.404
60,668,0.3768
60,670,0.3715
60,672,0.3852
60,674,0.4142
60,676,0.4555
60,678,0.5076
60,680,0.5698
60,682,0.6366
60,684,0.695
60,686,0.7314
60,688,0.7398
60,690,0.7223
60,692,0.6865
60,694,0.6413
60,696,0.5944
60,698,0.5522
60,700,0.5192
60,702,0.498
60,704,0.4894
60,706,0.4931
60,708,0.5085
60,710,0.535
60,712,0.5725
60,714,0.6187
60,716,0.6676
60,718,0.7104
60,720,0.7411
60,722,0.7584
60,724,0.7642
60,726,0.7629
60,728,0.7586
60,730,0.7537
60,732,0.7496
60,734,0.7483
60,736,0.7505
60,738,0.7566
60,740,0.7671
60,742,0.7805
60,744,0.796
60,746,0.8117
60,748,0.8259
60,750,0.8369
60,752,0.8429
60,754,0.8434
60,756,0.8383
60,758,0.8285
60,760,0.8162
60,762,0.8038
60,764,0.7933
60,766,0.7866
60,768,0.7848
60,770,0.7878
60,772,0.7955
60,774,0.807
60,776,0.8204
60,778,0.8334
60,780,0.8434
60,782,0.8482
60,784,0.8461
60,786,0.8371
60,788,0.8215
60,790,0.8008
60,792,0.776
60,794,0.75
60,796,0.7236
60,798,0.6988
60,800,0.6769
60,802,0.6586
60,804,0.6446
60,806,0.6351
60,808,0.6297
60,810,0.6275
60,812,0.6285
60,814,0.6329
60,816,0.6405
60,818,0.6511
60,820,0.6651
60,822,0.6816
60,824,0.7006
60,826,0.7207
60,828,0.7405
60,830,0.7595
60,832,0.776
60,834,0.7891
60,836,0.7985
60,838,0.8041
60,840,0.8058
60,842,0.8042
60,844,0.8
60,846,0.7947
60,848,0.7889
60,850,0.7834
60,852,0.7791
60,854,0.7764
60,856,0.7757
60,858,0.7779
60,860,0.7818
60,862,0.7871
60,864,0.7943
60,866,0.8039
60,868,0.8142
60,870,0.8238
60,872,0.8329
60,874,0.8462
60,876,0.8549
60,878,0.868
60,880,0.8753
60,882,0.8847
60,884,0.8872
60,886,0.8926
60,888,0.8982
60,890,0.8997
60,892,0.9006
60,894,0.8999
60,896,0.9031
60,898,0.902
60,900,0.903
65,250,0
65,252,0
65,254,0
65,256,0
65,258,0
65,260,0
65,262,0
65,264,0
65,266,0
65,268,0
65,270,0
65,272,0
65,274,0
65,276,0.0001
65,278,0.0002
65,280,0.0009
65,282,0.0025
65,284,0.0051
65,286,0.0136
65,288,0.0241
65,290,0.023
65,292,0.0288
65,294,0.0478
65,296,0.0972
65,298,0.1529
65,300,0.2295
65,302,0.3032
65,304,0.4381
65,306,0.5397
65,308,0.596
65,310,0.6488
65,312,0.7535
65,314,0.8202
65,316,0.8222
65,318,0.8093
65,320,0.7634
65,322,0.7594
65,324,0.8106
65,326,0.8239
65,328,0.8296
65,330,0.8465
65,332,0.8523
65,334,0.8506
65,336,0.8383
65,338,0.8389
65,340,0.8435
65,342,0.818
65,344,0.8129
65,346,0.8526
65,348,0.8666
65,350,0.8654
65,352,0.8811
65,354,0.8744
65,356,0.8609
65,358,0.868
65,360,0.8505
65,362,0.8231
65,364,0.8454
65,366,0.8783
65,368,0.8707
65,370,0.8668
65,372,0.8905
65,374,0.8935
65,376,0.8706
65,378,0.8682
65,380,0.8818
65,382,0.8707
65,384,0.8581
65,386,0.8697
65,388,0.8838
65,390,0.8786
65,392,0.8714
65,394,0.8785
65,396,0.8879
65,398,0.886
65,400,0.882
65,402,0.8855
65,404,0.8914
65,406,0.8923
65,408,0.8883
65,410,0.8822
65,412,0.8771
65,414,0.8757
65,416,0.8763
65,418,0.8743
65,420,0.8712
65,422,0.8727
65,424,0.8795
65,426,0.884
65,428,0.8847
65,430,0.888
65,432,0.8955
65,434,0.8938
65,436,0.87
65,438,0.8325
65,440,0.7963
65,442,0.7656
65,444,0.7342
65,446,0.7057
65,448,0.6891
65,450,0.6855
65,452,0.6897
65,454,0.6911
65,456,0.689
65,458,0.6971
65,460,0.7294
65,462,0.7792
65,464,0.8171
65,466,0.8083
65,468,0.7234
65,470,0.5485
65,472,0.3274
65,474,0.1462
65,476,0.0542
65,478,0.0213
65,480,0.0098
65,482,0.0052
65,484,0.0033
65,486,0.0025
65,488,0.0021
65,490,0.0021
65,492,0.0023
65,494,0.0029
65,496,0.0043
65,498,0.0066
65,500,0.0083
65,502,0.0078
65,504,0.0051
65,506,0.0023
65,508,0.001
65,510,0.0005
65,512,0.0003
65,514,0.0001
65,516,0.0001
65,518,0
65,520,0
65,522,0
65,524,0
65,526,0
65,528,0
65,530,0.0001
65,532,0.0001
65,534,0.0002
65,536,0.0003
65,538,0.0006
65,540,0.002
65,542,0.0078
65,544,0.0171
65,546,0.0203
65,548,0.0182
65,550,0.0138
65,552,0.0072
65,554,0.0023
65,556,0.0014
65,558,0.0012
65,560,0.0012
65,562,0.0013
65,564,0.0016
65,566,0.0022
65,568,0.0034
65,570,0.0068
65,572,0.0209
65,574,0.0651
65,576,0.1246
65,578,0.1497
65,580,0.1444
65,582,0.121
65,584,0.0783
65,586,0.0393
65,588,0.0277
65,590,0.0267
65,592,0.0306
65,594,0.0401
65,596,0.0594
65,598,0.098
65,600,0.171
65,602,0.2841
65,604,0.4124
65,606,0.517
65,608,0.5771
65,610,0.5908
65,612,0.5679
65,614,0.5349
65,616,0.5184
65,618,0.5225
65,620,0.5374
65,622,0.5531
65,624,0.5642
65,626,0.5701
65,628,0.5741
65,630,0.5817
65,632,0.5974
65,634,0.6219
65,636,0.6499
65,638,0.6712
65,640,0.675
65,642,0.6549
65,644,0.6122
65,646,0.5573
65,648,0.5091
65,650,0.4704
65,652,0.4312
65,654,0.3908
65,656,0.3605
65,658,0.3537
65,660,0.37
65,662,0.4063
65,664,0.4614
65,666,0.5296
65,668,0.602
65,670,0.6689
65,672,0.7213
65,674,0.7495
65,676,0.7456
65,678,0.7112
65,680,0.6576
65,682,0.6005
65,684,0.5523
65,686,0.5179
65,688,0.498
65,690,0.4917
65,692,0.4977
65,694,0.5146
65,696,0.541
65,698,0.575
65,700,0.6145
65,702,0.6575
65,704,0.7016
65,706,0.741
65,708,0.7679
65,710,0.7788
65,712,0.776
65,714,0.7657
65,716,0.7552
65,718,0.7484
65,720,0.7467
65,722,0.7495
65,724,0.7562
65,726,0.7661
65,728,0.7776
65,730,0.7891
65,732,0.7993
65,734,0.8065
65,736,0.8105
65,738,0.8111
65,740,0.8086
65,742,0.8032
65,744,0.7955
65,746,0.7865
65,748,0.7778
65,750,0.7711
65,752,0.768
65,754,0.7693
65,756,0.7748
65,758,0.7838
65,760,0.7953
65,762,0.8077
65,764,0.8192
65,766,0.8273
65,768,0.8301
65,770,0.8262
65,772,0.8148
65,774,0.7969
65,776,0.7742
65,778,0.7492
65,780,0.7241
65,782,0.7006
65,784,0.6807
65,786,0.6649
65,788,0.654
65,790,0.6483
65,792,0.6475
65,794,0.6512
65,796,0.6587
65,798,0.6692
65,800,0.6821
65,802,0.6965
65,804,0.7124
65,806,0.7293
65,808,0.7469
65,810,0.7641
65,812,0.7792
65,814,0.7939
65,816,0.8062
65,818,0.8154
65,820,0.8215
65,822,0.8243
65,824,0.8243
65,826,0.8221
65,828,0.8187
65,830,0.8149
65,832,0.8113
65,834,0.8081
65,836,0.8068
65,838,0.8073
65,840,0.8093
65,842,0.8134
65,844,0.8189
65,846,0.8258
65,848,0.8339
65,850,0.842
65,852,0.8489
65,854,0.8561
65,856,0.8624
65,858,0.8679
65,860,0.8726
65,862,0.8744
65,864,0.8779
65,866,0.8775
65,868,0.8799
65,870,0.8811
65,872,0.8807
65,874,0.8817
65,876,0.8821
65,878,0.8811
65,880,0.8836
65,882,0.8877
65,884,0.89
65,886,0.8905
65,888,0.8982
65,890,0.9027
65,892,0.9064
65,894,0.9092
65,896,0.9212
65,898,0.9192
65,900,0.9264
70,250,0.0002
70,252,0.0002
70,254,0.0002
70,256,0.0001
70,258,0.0001
70,260,0.0001
70,262,0.0001
70,264,0.0001
70,266,0.0001
70,268,0.0001
70,270,0.0001
70,272,0.0001
70,274,0.0001
70,276,0.0002
70,278,0.0004
70,280,0.0012
70,282,0.0027
70,284,0.0075
70,286,0.0142
70,288,0.0169
70,290,0.0213
70,292,0.0356
70,294,0.0643
70,296,0.1006
70,298,0.1427
70,300,0.2286
70,302,0.3602
70,304,0.4388
70,306,0.4911
70,308,0.5748
70,310,0.6905
70,312,0.73
70,314,0.7206
70,316,0.7028
70,318,0.6663
70,320,0.7007
70,322,0.728
70,324,0.7275
70,326,0.7469
70,328,0.762
70,330,0.771
70,332,0.7606
70,334,0.7516
70,336,0.7578
70,338,0.7304
70,340,0.7167
70,342,0.7616
70,344,0.7807
70,346,0.7815
70,348,0.8069
70,350,0.7972
70,352,0.7793
70,354,0.7875
70,356,0.7598
70,358,0.7312
70,360,0.7676
70,362,0.7989
70,364,0.7836
70,366,0.7917
70,368,0.8228
70,370,0.812
70,372,0.7863
70,374,0.7928
70,376,0.8005
70,378,0.784
70,380,0.7789
70,382,0.7962
70,384,0.8033
70,386,0.7949
70,388,0.7942
70,390,0.8032
70,392,0.8082
70,394,0.8077
70,396,0.8083
70,398,0.8115
70,400,0.8153
70,402,0.8165
70,404,0.8093
70,406,0.7971
70,408,0.7923
70,410,0.7964
70,412,0.7965
70,414,0.7887
70,416,0.786
70,418,0.7936
70,420,0.8002
70,422,0.801
70,424,0.8066
70,426,0.8175
70,428,0.8078
70,430,0.7684
70,432,0.7221
70,434,0.6932
70,436,0.6782
70,438,0.6585
70,440,0.6293
70,442,0.6013
70,444,0.584
70,446,0.5806
70,448,0.5795
70,450,0.5756
70,452,0.585
70,454,0.6262
70,456,0.6969
70,458,0.7605
70,460,0.775
70,462,0.7141
70,464,0.56
70,466,0.3425
70,468,0.1585
70,470,0.0619
70,472,0.0254
70,474,0.012
70,476,0.0066
70,478,0.0042
70,480,0.0031
70,482,0.0026
70,484,0.0026
70,486,0.0029
70,488,0.0037
70,490,0.0055
70,492,0.009
70,494,0.0127
70,496,0.0127
70,498,0.0085
70,500,0.0042
70,502,0.0023
70,504,0.0016
70,506,0.001
70,508,0.0007
70,510,0.0005
70,512,0.0004
70,514,0.0003
70,516,0.0003
70,518,0.0003
70,520,0.0003
70,522,0.0004
70,524,0.0004
70,526,0.0006
70,528,0.0009
70,530,0.002
70,532,0.0077
70,534,0.0219
70,536,0.0323
70,538,0.0297
70,540,0.0208
70,542,0.009
70,544,0.003
70,546,0.0019
70,548,0.0016
70,550,0.0015
70,552,0.0017
70,554,0.002
70,556,0.0026
70,558,0.0039
70,560,0.0072
70,562,0.0206
70,564,0.0688
70,566,0.1455
70,568,0.183
70,570,0.1705
70,572,0.1247
70,574,0.0638
70,576,0.0332
70,578,0.0269
70,580,0.0272
70,582,0.0319
70,584,0.0425
70,586,0.064
70,588,0.1073
70,590,0.1893
70,592,0.3126
70,594,0.4434
70,596,0.5347
70,598,0.5656
70,600,0.5437
70,602,0.5
70,604,0.4701
70,606,0.4655
70,608,0.4784
70,610,0.4977
70,612,0.5138
70,614,0.5225
70,616,0.5255
70,618,0.5292
70,620,0.5396
70,622,0.5599
70,624,0.5883
70,626,0.6163
70,628,0.6316
70,630,0.6241
70,632,0.5905
70,634,0.5368
70,636,0.4747
70,638,0.4167
70,640,0.3755
70,642,0.3604
70,644,0.3583
70,646,0.3511
70,648,0.3459
70,650,0.3608
70,652,0.3994
70,654,0.4554
70,656,0.5244
70,658,0.5967
70,660,0.6574
70,662,0.6933
70,664,0.7013
70,666,0.6844
70,668,0.6468
70,670,0.5953
70,672,0.5429
70,674,0.5023
70,676,0.4793
70,678,0.4728
70,680,0.4802
70,682,0.4991
70,684,0.5273
70,686,0.5619
70,688,0.5997
70,690,0.637
70,692,0.6711
70,694,0.7008
70,696,0.7259
70,698,0.7444
70,700,0.7512
70,702,0.7456
70,704,0.7338
70,706,0.7239
70,708,0.7207
70,710,0.7239
70,712,0.7315
70,714,0.7414
70,716,0.7513
70,718,0.7593
70,720,0.7638
70,722,0.764
70,724,0.7602
70,726,0.7535
70,728,0.7451
70,730,0.737
70,732,0.7301
70,734,0.725
70,736,0.7217
70,738,0.7204
70,740,0.7218
70,742,0.7265
70,744,0.7341
70,746,0.7438
70,748,0.7541
70,750,0.7637
70,752,0.7709
70,754,0.7744
70,756,0.7733
70,758,0.7673
70,760,0.7555
70,762,0.7385
70,764,0.7179
70,766,0.696
70,768,0.6749
70,770,0.6571
70,772,0.6433
70,774,0.6348
70,776,0.6316
70,778,0.634
70,780,0.6414
70,782,0.6536
70,784,0.6697
70,786,0.6883
70,788,0.7083
70,790,0.7279
70,792,0.7468
70,794,0.7642
70,796,0.7796
70,798,0.7928
70,800,0.8034
70,802,0.8113
70,804,0.8162
70,806,0.8184
70,808,0.8188
70,810,0.8168
70,812,0.8151
70,814,0.8133
70,816,0.8114
70,818,0.8108
70,820,0.8113
70,822,0.8136
70,824,0.817
70,826,0.8211
70,828,0.8271
70,830,0.8332
70,832,0.8391
70,834,0.8451
70,836,0.8498
70,838,0.8531
70,840,0.855
70,842,0.8547
70,844,0.853
70,846,0.8497
70,848,0.8455
70,850,0.8408
70,852,0.8366
70,854,0.8331
70,856,0.8302
70,858,0.8283
70,860,0.8282
70,862,0.8287
70,864,0.8316
70,866,0.8344
70,868,0.8398
70,870,0.8447
70,872,0.8509
70,874,0.8599
70,876,0.8658
70,878,0.8746
70,880,0.8793
70,882,0.8825
70,884,0.887
70,886,0.8868
70,888,0.8868
70,890,0.8856
70,892,0.8803
70,894,0.8731
70,896,0.8638
70,898,0.8536
70,900,0.8456
75,250,0.0492
75,252,0.0494
75,254,0.0494
75,256,0.0493
75,258,0.0492
75,260,0.0493
75,262,0.0492
75,264,0.0493
75,266,0.0494
75,268,0.0493
75,270,0.0495
75,272,0.0497
75,274,0.0497
75,276,0.0497
75,278,0.05
75,280,0.0505
75,282,0.0524
75,284,0.0562
75,286,0.059
75,288,0.0612
75,290,0.068
75,292,0.0807
75,294,0.0987
75,296,0.1193
75,298,0.1912
75,300,0.2806
75,302,0.3488
75,304,0.3938
75,306,0.4723
75,308,0.5667
75,310,0.5881
75,312,0.5872
75,314,0.5725
75,316,0.5513
75,318,0.5869
75,320,0.5884
75,322,0.5964
75,324,0.6153
75,326,0.6338
75,328,0.641
75,330,0.6234
75,332,0.6236
75,334,0.6174
75,336,0.5858
75,338,0.6074
75,340,0.6428
75,342,0.6414
75,344,0.6663
75,346,0.6752
75,348,0.6495
75,350,0.6551
75,352,0.64
75,354,0.6007
75,356,0.6225
75,358,0.6616
75,360,0.6515
75,362,0.6536
75,364,0.6874
75,366,0.6831
75,368,0.6553
75,370,0.6574
75,372,0.6647
75,374,0.6517
75,376,0.644
75,378,0.6556
75,380,0.6679
75,382,0.6641
75,384,0.6621
75,386,0.6669
75,388,0.6733
75,390,0.6784
75,392,0.6783
75,394,0.6771
75,396,0.6822
75,398,0.6866
75,400,0.6761
75,402,0.6602
75,404,0.6581
75,406,0.6652
75,408,0.6613
75,410,0.6501
75,412,0.6493
75,414,0.6573
75,416,0.6608
75,418,0.6646
75,420,0.6788
75,422,0.6809
75,424,0.6474
75,426,0.6022
75,428,0.5802
75,430,0.5751
75,432,0.5683
75,434,0.5486
75,436,0.5204
75,438,0.498
75,440,0.4857
75,442,0.4765
75,444,0.4639
75,446,0.4587
75,448,0.4782
75,450,0.5329
75,452,0.6118
75,454,0.6723
75,456,0.6708
75,458,0.5927
75,460,0.4389
75,462,0.2591
75,464,0.1346
75,466,0.0812
75,468,0.0629
75,470,0.0561
75,472,0.0531
75,474,0.0517
75,476,0.0512
75,478,0.0513
75,480,0.0521
75,482,0.0521
75,484,0.051
75,486,0.0521
75,488,0.0563
75,490,0.0597
75,492,0.0567
75,494,0.0494
75,496,0.0441
75,498,0.0418
75,500,0.0408
75,502,0.0409
75,504,0.0422
75,506,0.0442
75,508,0.0466
75,510,0.0489
75,512,0.0506
75,514,0.0517
75,516,0.0523
75,518,0.0523
75,520,0.0522
75,522,0.0527
75,524,0.0571
75,526,0.0717
75,528,0.0902
75,530,0.0913
75,532,0.0756
75,534,0.0568
75,536,0.052
75,538,0.0508
75,540,0.0499
75,542,0.0494
75,544,0.0493
75,546,0.0495
75,548,0.0499
75,550,0.051
75,552,0.0537
75,554,0.0646
75,556,0.108
75,558,0.1884
75,560,0.2386
75,562,0.2157
75,564,0.1406
75,566,0.0839
75,568,0.0706
75,570,0.0676
75,572,0.0686
75,574,0.0731
75,576,0.0826
75,578,0.1019
75,580,0.1418
75,582,0.2181
75,584,0.3315
75,586,0.4454
75,588,0.5082
75,590,0.5008
75,592,0.4528
75,594,0.4114
75,596,0.3959
75,598,0.4016
75,600,0.4179
75,602,0.4352
75,604,0.4473
75,606,0.4528
75,608,0.4543
75,610,0.4579
75,612,0.4698
75,614,0.4915
75,616,0.5189
75,618,0.5422
75,620,0.5495
75,622,0.5324
75,624,0.4923
75,626,0.4399
75,628,0.3877
75,630,0.3443
75,632,0.3137
75,634,0.298
75,636,0.303
75,638,0.3231
75,640,0.3386
75,642,0.3534
75,644,0.3862
75,646,0.4356
75,648,0.4904
75,650,0.541
75,652,0.5771
75,654,0.591
75,656,0.5815
75,658,0.5569
75,660,0.5273
75,662,0.4962
75,664,0.4651
75,666,0.4405
75,668,0.4296
75,670,0.4339
75,672,0.4506
75,674,0.4763
75,676,0.5079
75,678,0.5419
75,680,0.5744
75,682,0.6017
75,684,0.6213
75,686,0.6333
75,688,0.6407
75,690,0.647
75,692,0.6513
75,694,0.65
75,696,0.6439
75,698,0.6399
75,700,0.6421
75,702,0.6494
75,704,0.6586
75,706,0.6668
75,708,0.6717
75,710,0.6722
75,712,0.6677
75,714,0.659
75,716,0.6475
75,718,0.6351
75,720,0.624
75,722,0.6157
75,724,0.6117
75,726,0.6115
75,728,0.6147
75,730,0.6201
75,732,0.6274
75,734,0.6363
75,736,0.6455
75,738,0.6539
75,740,0.66
75,742,0.6629
75,744,0.6615
75,746,0.6562
75,748,0.6479
75,750,0.6371
75,752,0.6243
75,754,0.61
75,756,0.5953
75,758,0.5817
75,760,0.5707
75,762,0.5639
75,764,0.5617
75,766,0.5648
75,768,0.5728
75,770,0.5857
75,772,0.6025
75,774,0.6225
75,776,0.6446
75,778,0.6673
75,780,0.6883
75,782,0.7068
75,784,0.7214
75,786,0.7321
75,788,0.739
75,790,0.7424
75,792,0.7433
75,794,0.7422
75,796,0.7402
75,798,0.7375
75,800,0.7355
75,802,0.7348
75,804,0.7353
75,806,0.7375
75,808,0.7419
75,810,0.7471
75,812,0.7542
75,814,0.7616
75,816,0.7687
75,818,0.7752
75,820,0.7805
75,822,0.7835
75,824,0.7845
75,826,0.7824
75,828,0.7782
75,830,0.7722
75,832,0.7638
75,834,0.7539
75,836,0.7439
75,838,0.7338
75,840,0.7248
75,842,0.7169
75,844,0.7111
75,846,0.7071
75,848,0.7056
75,850,0.7061
75,852,0.7092
75,854,0.7129
75,856,0.7199
75,858,0.7264
75,860,0.7346
75,862,0.7431
75,864,0.7507
75,866,0.7567
75,868,0.7633
75,870,0.7667
75,872,0.77
75,874,0.7693
75,876,0.768
75,878,0.7627
75,880,0.7594
75,882,0.7487
75,884,0.7402
75,886,0.7305
75,888,0.7246
75,890,0.7166
75,892,0.7084
75,894,0.7001
75,896,0.6975
75,898,0.6954
75,900,0.6982
