0,250,0
0,252,0
0,254,0
0,256,0
0,258,0
0,260,0
0,262,0
0,264,0
0,266,0
0,268,0
0,270,0
0,272,0
0,274,0
0,276,0
0,278,0
0,280,0
0,282,0
0,284,0
0,286,0.0001
0,288,0.0014
0,290,0.0055
0,292,0.0063
0,294,0.0032
0,296,0.0024
0,298,0.0069
0,300,0.0273
0,302,0.0481
0,304,0.0312
0,306,0.0195
0,308,0.049
0,310,0.0998
0,312,0.1017
0,314,0.0611
0,316,0.0664
0,318,0.0488
0,320,0.0197
0,322,0.0233
0,324,0.0274
0,326,0.0126
0,328,0.0037
0,330,0.0038
0,332,0.0179
0,334,0.023
0,336,0.0089
0,338,0.0057
0,340,0.0071
0,342,0.0037
0,344,0.0011
0,346,0.0007
0,348,0.0017
0,350,0.0239
0,352,0.1088
0,354,0.1144
0,356,0.033
0,358,0.0049
0,360,0.0062
0,362,0.0157
0,364,0.0095
0,366,0.0008
0,368,0.0001
0,370,0
0,372,0.0001
0,374,0.0004
0,376,0
0,378,0.0001
0,380,0.0002
0,382,0.0002
0,384,0.0004
0,386,0.0004
0,388,0.0006
0,390,0.0026
0,392,0.0023
0,394,0.0003
0,396,0.0001
0,398,0.0001
0,400,0.0001
0,402,0.0001
0,404,0.0001
0,406,0.0001
0,408,0.0001
0,410,0.0001
0,412,0.0001
0,414,0.0001
0,416,0.0001
0,418,0.0001
0,420,0.0001
0,422,0.0001
0,424,0.0001
0,426,0.0001
0,428,0
0,430,0
0,432,0.0001
0,434,0.0001
0,436,0.0001
0,438,0.0001
0,440,0.0001
0,442,0.0002
0,444,0.0006
0,446,0.0009
0,448,0.0013
0,450,0.0023
0,452,0.0035
0,454,0.0033
0,456,0.0024
0,458,0.0024
0,460,0.0036
0,462,0.0048
0,464,0.0036
0,466,0.0015
0,468,0.0005
0,470,0.0002
0,472,0.0002
0,474,0.0002
0,476,0.0005
0,478,0.0016
0,480,0.0049
0,482,0.0073
0,484,0.004
0,486,0.0012
0,488,0.0007
0,490,0.0006
0,492,0.0006
0,494,0.0007
0,496,0.0007
0,498,0.0008
0,500,0.0009
0,502,0.0013
0,504,0.0022
0,506,0.0052
0,508,0.0112
0,510,0.0158
0,512,0.0126
0,514,0.0073
0,516,0.0048
0,518,0.004
0,520,0.004
0,522,0.0045
0,524,0.0057
0,526,0.0081
0,528,0.0126
0,530,0.0218
0,532,0.0425
0,534,0.0935
0,536,0.2175
0,538,0.4545
0,540,0.7346
0,542,0.8882
0,544,0.895
0,546,0.8787
0,548,0.8953
0,550,0.9292
0,552,0.9544
0,554,0.9595
0,556,0.9507
0,558,0.9411
0,560,0.939
0,562,0.9448
0,564,0.9535
0,566,0.9585
0,568,0.9563
0,570,0.948
0,572,0.9381
0,574,0.9311
0,576,0.9301
0,578,0.9355
0,580,0.9454
0,582,0.9565
0,584,0.9651
0,586,0.9691
0,588,0.9685
0,590,0.9649
0,592,0.9607
0,594,0.9579
0,596,0.9578
0,598,0.96
0,600,0.9631
0,602,0.9652
0,604,0.9646
0,606,0.9604
0,608,0.9532
0,610,0.9442
0,612,0.9355
0,614,0.9291
0,616,0.9265
0,618,0.9281
0,620,0.9339
0,622,0.9428
0,624,0.953
0,626,0.9627
0,628,0.97
0,630,0.974
0,632,0.9743
0,634,0.9713
0,636,0.9663
0,638,0.9608
0,640,0.956
0,642,0.9527
0,644,0.9513
0,646,0.9519
0,648,0.954
0,650,0.9566
0,652,0.9588
0,654,0.9599
0,656,0.9596
0,658,0.9575
0,660,0.9541
0,662,0.9499
0,664,0.9455
0,666,0.9421
0,668,0.9401
0,670,0.9397
0,672,0.9413
0,674,0.9446
0,676,0.9492
0,678,0.9545
0,680,0.96
0,682,0.9649
0,684,0.9686
0,686,0.9709
0,688,0.9717
0,690,0.9713
0,692,0.9699
0,694,0.9677
0,696,0.9657
0,698,0.964
0,700,0.9628
0,702,0.9626
0,704,0.9633
0,706,0.9646
0,708,0.9667
0,710,0.9688
0,712,0.9709
0,714,0.9726
0,716,0.9736
0,718,0.9738
0,720,0.9732
0,722,0.9719
0,724,0.9701
0,726,0.9679
0,728,0.9658
0,730,0.9642
0,732,0.9628
0,734,0.962
0,736,0.9623
0,738,0.9633
0,740,0.9645
0,742,0.9663
0,744,0.9682
0,746,0.9702
0,748,0.972
0,750,0.9733
0,752,0.9743
0,754,0.9747
0,756,0.9745
0,758,0.9738
0,760,0.9728
0,762,0.9716
0,764,0.9703
0,766,0.969
0,768,0.968
0,770,0.9674
0,772,0.9671
0,774,0.9673
0,776,0.9679
0,778,0.9688
0,780,0.9698
0,782,0.9711
0,784,0.9723
0,786,0.973
0,788,0.9739
0,790,0.9743
0,792,0.9741
0,794,0.9734
0,796,0.9728
0,798,0.9717
0,800,0.9703
0,802,0.9689
0,804,0.9674
0,806,0.9662
0,808,0.9649
0,810,0.9636
0,812,0.9629
0,814,0.9629
0,816,0.9634
0,818,0.964
0,820,0.9651
0,822,0.9664
0,824,0.9678
0,826,0.9695
0,828,0.9708
0,830,0.9722
0,832,0.9734
0,834,0.9743
0,836,0.9751
0,838,0.9753
0,840,0.975
0,842,0.9747
0,844,0.9744
0,846,0.9735
0,848,0.972
0,850,0.9717
0,852,0.9706
0,854,0.9694
0,856,0.969
0,858,0.968
0,860,0.9677
0,862,0.9677
0,864,0.9665
0,866,0.968
0,868,0.9694
0,870,0.9692
0,872,0.9706
0,874,0.9714
0,876,0.9707
0,878,0.9709
0,880,0.9732
0,882,0.9731
0,884,0.9723
0,886,0.9708
0,888,0.9733
0,890,0.973
0,892,0.9724
0,894,0.9699
0,896,0.9711
0,898,0.971
0,900,0.9742
5,250,0
5,252,0
5,254,0
5,256,0
5,258,0
5,260,0
5,262,0
5,264,0
5,266,0
5,268,0
5,270,0
5,272,0
5,274,0
5,276,0
5,278,0
5,280,0
5,282,0
5,284,0
5,286,0.0002
5,288,0.0021
5,290,0.0048
5,292,0.0034
5,294,0.0018
5,296,0.0028
5,298,0.0109
5,300,0.0343
5,302,0.0395
5,304,0.0194
5,306,0.0274
5,308,0.0688
5,310,0.1047
5,312,0.0738
5,314,0.0598
5,316,0.0594
5,318,0.0246
5,320,0.017
5,322,0.0259
5,324,0.0167
5,326,0.005
5,328,0.0027
5,330,0.0118
5,332,0.0254
5,334,0.0133
5,336,0.0051
5,338,0.0069
5,340,0.0047
5,342,0.0013
5,344,0.0007
5,346,0.001
5,348,0.0076
5,350,0.076
5,352,0.1322
5,354,0.0535
5,356,0.0075
5,358,0.0031
5,360,0.0124
5,362,0.0127
5,364,0.0019
5,366,0.0001
5,368,0
5,370,0.0001
5,372,0.0004
5,374,0.0002
5,376,0
5,378,0.0001
5,380,0.0002
5,382,0.0004
5,384,0.0004
5,386,0.0004
5,388,0.0022
5,390,0.0028
5,392,0.0005
5,394,0.0001
5,396,0.0001
5,398,0.0001
5,400,0.0001
5,402,0.0001
5,404,0.0001
5,406,0.0001
5,408,0.0001
5,410,0.0001
5,412,0.0001
5,414,0.0001
5,416,0.0001
5,418,0.0001
5,420,0.0001
5,422,0.0001
5,424,0.0001
5,426,0.0001
5,428,0.0001
5,430,0.0001
5,432,0.0001
5,434,0.0001
5,436,0.0001
5,438,0.0001
5,440,0.0003
5,442,0.0006
5,444,0.0009
5,446,0.0015
5,448,0.0026
5,450,0.0036
5,452,0.0031
5,454,0.0024
5,456,0.0027
5,458,0.004
5,460,0.0048
5,462,0.0031
5,464,0.0012
5,466,0.0005
5,468,0.0003
5,470,0.0002
5,472,0.0003
5,474,0.0007
5,476,0.0023
5,478,0.0059
5,480,0.0069
5,482,0.0029
5,484,0.0009
5,486,0.0006
5,488,0.0005
5,490,0.0006
5,492,0.0006
5,494,0.0007
5,496,0.0009
5,498,0.0012
5,500,0.0018
5,502,0.0037
5,504,0.0085
5,506,0.0145
5,508,0.0147
5,510,0.0093
5,512,0.0056
5,514,0.0042
5,516,0.0038
5,518,0.0041
5,520,0.005
5,522,0.0067
5,524,0.0099
5,526,0.0164
5,528,0.0302
5,530,0.0629
5,532,0.1447
5,534,0.3265
5,536,0.6063
5,538,0.8392
5,540,0.9049
5,542,0.8841
5,544,0.8829
5,546,0.9121
5,548,0.945
5,550,0.9606
5,552,0.957
5,554,0.9461
5,556,0.9397
5,558,0.9421
5,560,0.9501
5,562,0.9572
5,564,0.9589
5,566,0.953
5,568,0.9431
5,570,0.9339
5,572,0.9299
5,574,0.9327
5,576,0.9411
5,578,0.9521
5,580,0.9622
5,582,0.9684
5,584,0.9695
5,586,0.9667
5,588,0.9624
5,590,0.959
5,592,0.958
5,594,0.9594
5,596,0.9625
5,598,0.9654
5,600,0.966
5,602,0.9632
5,604,0.9569
5,606,0.9483
5,608,0.9394
5,610,0.9319
5,612,0.9278
5,614,0.9281
5,616,0.9327
5,618,0.9407
5,620,0.9506
5,622,0.9605
5,624,0.9686
5,626,0.9735
5,628,0.9747
5,630,0.9725
5,632,0.9679
5,634,0.9624
5,636,0.9573
5,638,0.9536
5,640,0.952
5,642,0.9524
5,644,0.9542
5,646,0.9568
5,648,0.9593
5,650,0.9607
5,652,0.9607
5,654,0.9589
5,656,0.9556
5,658,0.9513
5,660,0.9469
5,662,0.9432
5,664,0.9409
5,666,0.9404
5,668,0.9417
5,670,0.9447
5,672,0.9492
5,674,0.9547
5,676,0.9602
5,678,0.9651
5,680,0.9689
5,682,0.9712
5,684,0.9721
5,686,0.9717
5,688,0.9702
5,690,0.968
5,692,0.966
5,694,0.9644
5,696,0.9632
5,698,0.963
5,700,0.9638
5,702,0.9653
5,704,0.9674
5,706,0.9695
5,708,0.9715
5,710,0.9731
5,712,0.974
5,714,0.9743
5,716,0.9738
5,718,0.9726
5,720,0.9706
5,722,0.9684
5,724,0.9665
5,726,0.9647
5,728,0.9634
5,730,0.9629
5,732,0.963
5,734,0.9639
5,736,0.9652
5,738,0.9671
5,740,0.9692
5,742,0.9712
5,744,0.973
5,746,0.9741
5,748,0.9751
5,750,0.9755
5,752,0.975
5,754,0.9745
5,756,0.9734
5,758,0.9722
5,760,0.9709
5,762,0.9696
5,764,0.9687
5,766,0.9682
5,768,0.968
5,770,0.9684
5,772,0.9689
5,774,0.9699
5,776,0.9711
5,778,0.9724
5,780,0.9735
5,782,0.9744
5,784,0.975
5,786,0.975
5,788,0.9749
5,790,0.9742
5,792,0.9734
5,794,0.9723
5,796,0.9709
5,798,0.9694
5,800,0.9679
5,802,0.9666
5,804,0.9656
5,806,0.9652
5,808,0.9647
5,810,0.9644
5,812,0.9647
5,814,0.9657
5,816,0.9666
5,818,0.9679
5,820,0.9695
5,822,0.971
5,824,0.9725
5,826,0.9739
5,828,0.9747
5,830,0.9757
5,832,0.9761
5,834,0.9763
5,836,0.9757
5,838,0.9754
5,840,0.9747
5,842,0.9741
5,844,0.9727
5,846,0.9721
5,848,0.9706
5,850,0.9707
5,852,0.9699
5,854,0.9701
5,856,0.9685
5,858,0.9701
5,860,0.9694
5,862,0.9717
5,864,0.9708
5,866,0.9711
5,868,0.9709
5,870,0.9732
5,872,0.9715
5,874,0.9744
5,876,0.9736
5,878,0.9743
5,880,0.9742
5,882,0.973
5,884,0.9724
5,886,0.9777
5,888,0.9755
5,890,0.9707
5,892,0.9726
5,894,0.9717
5,896,0.9707
5,898,0.9688
5,900,0.9683
10,250,0
10,252,0
10,254,0
10,256,0
10,258,0
10,260,0
10,262,0
10,264,0
10,266,0
10,268,0
10,270,0
10,272,0
10,274,0
10,276,0
10,278,0
10,280,0
10,282,0
10,284,0
10,286,0.0005
10,288,0.0025
10,290,0.003
10,292,0.0016
10,294,0.0015
10,296,0.0048
10,298,0.0185
10,300,0.0367
10,302,0.0261
10,304,0.0187
10,306,0.045
10,308,0.0893
10,310,0.0903
10,312,0.0606
10,314,0.0643
10,316,0.0333
10,318,0.0147
10,320,0.0219
10,322,0.0192
10,324,0.0067
10,326,0.0027
10,328,0.0081
10,330,0.0243
10,332,0.0178
10,334,0.0057
10,336,0.0067
10,338,0.0055
10,340,0.0017
10,342,0.0006
10,344,0.0008
10,346,0.0041
10,348,0.0539
10,350,0.1329
10,352,0.074
10,354,0.0114
10,356,0.0027
10,358,0.0097
10,360,0.0145
10,362,0.0038
10,364,0.0003
10,366,0.0001
10,368,0.0002
10,370,0.0005
10,372,0.0003
10,374,0
10,376,0
10,378,0.0001
10,380,0.0004
10,382,0.0005
10,384,0.0004
10,386,0.0021
10,388,0.0032
10,390,0.0006
10,392,0.0001
10,394,0.0001
10,396,0.0001
10,398,0.0001
10,400,0.0001
10,402,0.0001
10,404,0.0001
10,406,0.0001
10,408,0.0001
10,410,0.0001
10,412,0.0001
10,414,0.0001
10,416,0.0001
10,418,0.0001
10,420,0.0001
10,422,0.0001
10,424,0.0001
10,426,0.0001
10,428,0.0001
10,430,0.0001
10,432,0.0001
10,434,0.0001
10,436,0.0002
10,438,0.0005
10,440,0.0008
10,442,0.0011
10,444,0.0018
10,446,0.0031
10,448,0.0036
10,450,0.0029
10,452,0.0025
10,454,0.0033
10,456,0.0047
10,458,0.0044
10,460,0.0023
10,462,0.001
10,464,0.0005
10,466,0.0003
10,468,0.0003
10,470,0.0005
10,472,0.0014
10,474,0.0042
10,476,0.0073
10,478,0.0053
10,480,0.0016
10,482,0.0006
10,484,0.0005
10,486,0.0005
10,488,0.0005
10,490,0.0006
10,492,0.0008
10,494,0.0011
10,496,0.0018
10,498,0.0036
10,500,0.008
10,502,0.0138
10,504,0.0153
10,506,0.0108
10,508,0.0065
10,510,0.0046
10,512,0.004
10,514,0.0042
10,516,0.0049
10,518,0.0065
10,520,0.0094
10,522,0.0153
10,524,0.0279
10,526,0.0574
10,528,0.1301
10,530,0.2908
10,532,0.5475
10,534,0.7915
10,536,0.8975
10,538,0.8944
10,540,0.8863
10,542,0.9075
10,544,0.9396
10,546,0.9594
10,548,0.9605
10,550,0.9512
10,552,0.9435
10,554,0.9438
10,556,0.9507
10,558,0.9585
10,560,0.9611
10,562,0.9567
10,564,0.948
10,566,0.9389
10,568,0.9339
10,570,0.9351
10,572,0.942
10,574,0.9522
10,576,0.9622
10,578,0.9686
10,580,0.9705
10,582,0.9685
10,584,0.9646
10,586,0.9611
10,588,0.9599
10,590,0.961
10,592,0.9639
10,594,0.9668
10,596,0.9678
10,598,0.9656
10,600,0.9601
10,602,0.9521
10,604,0.9436
10,606,0.9364
10,608,0.9323
10,610,0.9323
10,612,0.9364
10,614,0.9438
10,616,0.9529
10,618,0.9622
10,620,0.9698
10,622,0.9744
10,624,0.9754
10,626,0.9733
10,628,0.969
10,630,0.9638
10,632,0.959
10,634,0.9557
10,636,0.9544
10,638,0.9549
10,640,0.9568
10,642,0.9593
10,644,0.9616
10,646,0.9628
10,648,0.9625
10,650,0.9607
10,652,0.9574
10,654,0.9533
10,656,0.9493
10,658,0.946
10,660,0.9439
10,662,0.9436
10,664,0.9452
10,666,0.9484
10,668,0.9529
10,670,0.9579
10,672,0.963
10,674,0.9675
10,676,0.9709
10,678,0.9727
10,680,0.9732
10,682,0.9723
10,684,0.9707
10,686,0.9688
10,688,0.9667
10,690,0.9653
10,692,0.9646
10,694,0.9648
10,696,0.9658
10,698,0.9673
10,700,0.9694
10,702,0.9717
10,704,0.9736
10,706,0.9749
10,708,0.9757
10,710,0.9755
10,712,0.9745
10,714,0.9731
10,716,0.9712
10,718,0.969
10,720,0.9672
10,722,0.9657
10,724,0.9648
10,726,0.9647
10,728,0.9652
10,730,0.9662
10,732,0.9676
10,734,0.9696
10,736,0.9716
10,738,0.9734
10,740,0.975
10,742,0.9759
10,744,0.9764
10,746,0.9765
10,748,0.976
10,750,0.9753
10,752,0.974
10,754,0.973
10,756,0.9718
10,758,0.9708
10,760,0.97
10,762,0.9698
10,764,0.9697
10,766,0.9702
10,768,0.9712
10,770,0.9723
10,772,0.9734
10,774,0.9745
10,776,0.9755
10,778,0.9761
10,780,0.9762
10,782,0.9762
10,784,0.9758
10,786,0.9749
10,788,0.9737
10,790,0.9725
10,792,0.9712
10,794,0.9697
10,796,0.9685
10,798,0.9676
10,800,0.9669
10,802,0.9664
10,804,0.9664
10,806,0.9669
10,808,0.9676
10,810,0.9681
10,812,0.9692
10,814,0.9706
10,816,0.9721
10,818,0.9733
10,820,0.9749
10,822,0.9757
10,824,0.9766
10,826,0.9768
10,828,0.9772
10,830,0.9773
10,832,0.9769
10,834,0.9765
10,836,0.9755
10,838,0.9748
10,840,0.9741
10,842,0.9731
10,844,0.9721
10,846,0.9716
10,848,0.9713
10,850,0.9713
10,852,0.9711
10,854,0.9714
10,856,0.9721
10,858,0.973
10,860,0.9734
10,862,0.974
10,864,0.9743
10,866,0.9756
10,868,0.9756
10,870,0.9768
10,872,0.9757
10,874,0.975
10,876,0.9755
10,878,0.9752
10,880,0.9733
10,882,0.9736
10,884,0.9746
10,886,0.9727
10,888,0.9733
10,890,0.9745
10,892,0.9709
10,894,0.9693
10,896,0.9682
10,898,0.9691
10,900,0.97
15,250,0
15,252,0
15,254,0
15,256,0
15,258,0
15,260,0
15,262,0
15,264,0
15,266,0
15,268,0
15,270,0
15,272,0
15,274,0
15,276,0
15,278,0
15,280,0
15,282,0
15,284,0.0001
15,286,0.0009
15,288,0.0017
15,290,0.0012
15,292,0.0009
15,294,0.0025
15,296,0.0098
15,298,0.0263
15,300,0.0275
15,302,0.0176
15,304,0.034
15,306,0.0723
15,308,0.0911
15,310,0.0657
15,312,0.0636
15,314,0.0348
15,316,0.0139
15,318,0.0194
15,320,0.0173
15,322,0.0064
15,324,0.0028
15,326,0.0087
15,328,0.0251
15,330,0.0183
15,332,0.0062
15,334,0.0069
15,336,0.0053
15,338,0.0016
15,340,0.0006
15,342,0.0008
15,344,0.0049
15,346,0.0569
15,348,0.1307
15,350,0.0689
15,352,0.0103
15,354,0.0027
15,356,0.0097
15,358,0.0136
15,360,0.0035
15,362,0.0003
15,364,0.0002
15,366,0.0003
15,368,0.0006
15,370,0.0003
15,372,0
15,374,0
15,376,0
15,378,0.0003
15,380,0.0005
15,382,0.0006
15,384,0.0029
15,386,0.003
15,388,0.0003
15,390,0.0001
15,392,0.0001
15,394,0.0001
15,396,0.0001
15,398,0.0001
15,400,0.0001
15,402,0.0001
15,404,0.0001
15,406,0.0001
15,408,0.0001
15,410,0.0001
15,412,0.0001
15,414,0.0001
15,416,0.0001
15,418,0.0001
15,420,0.0001
15,422,0.0001
15,424,0.0001
15,426,0.0001
15,428,0.0001
15,430,0.0001
15,432,0.0002
15,434,0.0005
15,436,0.0009
15,438,0.0012
15,440,0.0019
15,442,0.0029
15,444,0.0035
15,446,0.0031
15,448,0.0027
15,450,0.0034
15,452,0.0047
15,454,0.0045
15,456,0.0027
15,458,0.0013
15,460,0.0008
15,462,0.0006
15,464,0.0005
15,466,0.0007
15,468,0.0018
15,470,0.0048
15,472,0.0076
15,474,0.0057
15,476,0.0019
15,478,0.0006
15,480,0.0003
15,482,0.0003
15,484,0.0004
15,486,0.0006
15,488,0.0008
15,490,0.0013
15,492,0.0024
15,494,0.0054
15,496,0.0109
15,498,0.0151
15,500,0.0137
15,502,0.0093
15,504,0.0062
15,506,0.0048
15,508,0.0044
15,510,0.0048
15,512,0.0059
15,514,0.0081
15,516,0.0125
15,518,0.0215
15,520,0.0418
15,522,0.0913
15,524,0.2071
15,526,0.4177
15,528,0.6669
15,530,0.839
15,532,0.8939
15,534,0.8947
15,536,0.9016
15,538,0.9256
15,540,0.9507
15,542,0.9626
15,544,0.9601
15,546,0.9521
15,548,0.9481
15,550,0.9508
15,552,0.9577
15,554,0.9633
15,556,0.9633
15,558,0.9577
15,560,0.949
15,562,0.9415
15,564,0.9393
15,566,0.9428
15,568,0.9506
15,570,0.9601
15,572,0.9679
15,574,0.972
15,576,0.9719
15,578,0.9692
15,580,0.9657
15,582,0.9634
15,584,0.9635
15,586,0.9656
15,588,0.9685
15,590,0.9705
15,592,0.9701
15,594,0.9663
15,596,0.9599
15,598,0.9522
15,600,0.945
15,602,0.94
15,604,0.9385
15,606,0.9407
15,608,0.9463
15,610,0.954
15,612,0.9626
15,614,0.9701
15,616,0.975
15,618,0.9769
15,620,0.9758
15,622,0.9723
15,624,0.9678
15,626,0.9634
15,628,0.9601
15,630,0.9585
15,632,0.9587
15,634,0.9603
15,636,0.9626
15,638,0.9649
15,640,0.9663
15,642,0.9663
15,644,0.9647
15,646,0.9618
15,648,0.9581
15,650,0.9541
15,652,0.9509
15,654,0.9488
15,656,0.9484
15,658,0.9498
15,660,0.9527
15,662,0.9567
15,664,0.9613
15,666,0.966
15,668,0.9701
15,670,0.9732
15,672,0.975
15,674,0.9754
15,676,0.9746
15,678,0.9731
15,680,0.9712
15,682,0.9694
15,684,0.968
15,686,0.9673
15,688,0.9675
15,690,0.9687
15,692,0.9704
15,694,0.9723
15,696,0.9744
15,698,0.9761
15,700,0.9773
15,702,0.9778
15,704,0.9774
15,706,0.9763
15,708,0.9748
15,710,0.9732
15,712,0.9713
15,714,0.9696
15,716,0.9685
15,718,0.9679
15,720,0.9678
15,722,0.9682
15,724,0.9693
15,726,0.9709
15,728,0.9727
15,730,0.9746
15,732,0.9764
15,734,0.9777
15,736,0.9785
15,738,0.9789
15,740,0.9788
15,742,0.9783
15,744,0.9773
15,746,0.9762
15,748,0.9751
15,750,0.9738
15,752,0.9732
15,754,0.9727
15,756,0.9726
15,758,0.973
15,760,0.9736
15,762,0.9745
15,764,0.9754
15,766,0.9763
15,768,0.9773
15,770,0.9784
15,772,0.9788
15,774,0.9791
15,776,0.9787
15,778,0.978
15,780,0.977
15,782,0.9756
15,784,0.9747
15,786,0.9732
15,788,0.9719
15,790,0.9709
15,792,0.9702
15,794,0.9697
15,796,0.9697
15,798,0.97
15,800,0.9706
15,802,0.9715
15,804,0.9728
15,806,0.974
15,808,0.9754
15,810,0.9765
15,812,0.9776
15,814,0.9786
15,816,0.9794
15,818,0.98
15,820,0.9803
15,822,0.9799
15,824,0.9799
15,826,0.9794
15,828,0.979
15,830,0.9783
15,832,0.9773
15,834,0.9764
15,836,0.9761
15,838,0.9753
15,840,0.9753
15,842,0.9751
15,844,0.9751
15,846,0.9757
15,848,0.9758
15,850,0.9766
15,852,0.9769
15,854,0.9779
15,856,0.9778
15,858,0.9792
15,860,0.9797
15,862,0.9798
15,864,0.98
15,866,0.9797
15,868,0.9796
15,870,0.9799
15,872,0.9783
15,874,0.9767
15,876,0.9768
15,878,0.9771
15,880,0.9766
15,882,0.9755
15,884,0.9751
15,886,0.9733
15,888,0.9748
15,890,0.9735
15,892,0.9741
15,894,0.975
15,896,0.9727
15,898,0.9701
15,900,0.9726
20,250,0
20,252,0
20,254,0
20,256,0
20,258,0
20,260,0
20,262,0
20,264,0
20,266,0
20,268,0
20,270,0
20,272,0
20,274,0
20,276,0
20,278,0
20,280,0
20,282,0
20,284,0.0003
20,286,0.0007
20,288,0.0006
20,290,0.0005
20,292,0.0016
20,294,0.0061
20,296,0.0177
20,298,0.0234
20,300,0.0176
20,302,0.0303
20,304,0.0619
20,306,0.084
20,308,0.0681
20,310,0.0598
20,312,0.0279
20,314,0.0125
20,316,0.0171
20,318,0.0125
20,320,0.0046
20,322,0.0032
20,324,0.0137
20,326,0.0272
20,328,0.0147
20,330,0.0067
20,332,0.0073
20,334,0.0039
20,336,0.0011
20,338,0.0006
20,340,0.0013
20,342,0.0128
20,344,0.0838
20,346,0.1208
20,348,0.041
20,350,0.0055
20,352,0.0038
20,354,0.0121
20,356,0.011
20,358,0.0017
20,360,0.0003
20,362,0.0003
20,364,0.0006
20,366,0.0007
20,368,0.0002
20,370,0
20,372,0
20,374,0
20,376,0
20,378,0.0005
20,380,0.0022
20,382,0.0042
20,384,0.0016
20,386,0.0001
20,388,0.0001
20,390,0.0001
20,392,0.0001
20,394,0.0001
20,396,0.0001
20,398,0.0001
20,400,0.0001
20,402,0.0001
20,404,0.0001
20,406,0.0001
20,408,0.0001
20,410,0.0001
20,412,0.0001
20,414,0.0001
20,416,0.0001
20,418,0.0001
20,420,0.0001
20,422,0.0001
20,424,0.0001
20,426,0.0002
20,428,0.0005
20,430,0.0009
20,432,0.0013
20,434,0.0018
20,436,0.0027
20,438,0.0035
20,440,0.0035
20,442,0.003
20,444,0.0031
20,446,0.0042
20,448,0.0048
20,450,0.0038
20,452,0.0022
20,454,0.0013
20,456,0.001
20,458,0.0009
20,460,0.001
20,462,0.0018
20,464,0.0043
20,466,0.0078
20,468,0.0078
20,470,0.0041
20,472,0.0013
20,474,0.0006
20,476,0.0004
20,478,0.0003
20,480,0.0004
20,482,0.0007
20,484,0.0013
20,486,0.0028
20,488,0.0062
20,490,0.0113
20,492,0.0145
20,494,0.0132
20,496,0.0093
20,498,0.0068
20,500,0.0055
20,502,0.005
20,504,0.0055
20,506,0.0069
20,508,0.0095
20,510,0.0149
20,512,0.0264
20,514,0.0534
20,516,0.1194
20,518,0.2614
20,520,0.4844
20,522,0.708
20,524,0.8397
20,526,0.8785
20,528,0.8922
20,530,0.913
20,532,0.9358
20,534,0.9545
20,536,0.963
20,538,0.9618
20,540,0.9569
20,542,0.9544
20,544,0.957
20,546,0.9623
20,548,0.9662
20,550,0.9659
20,552,0.961
20,554,0.954
20,556,0.9485
20,558,0.9471
20,560,0.9501
20,562,0.9566
20,564,0.9647
20,566,0.971
20,568,0.9741
20,570,0.9739
20,572,0.9714
20,574,0.9686
20,576,0.967
20,578,0.9675
20,580,0.9695
20,582,0.972
20,584,0.9733
20,586,0.9723
20,588,0.9688
20,590,0.9631
20,592,0.9565
20,594,0.9506
20,596,0.947
20,598,0.9465
20,600,0.9494
20,602,0.955
20,604,0.9619
20,606,0.9689
20,608,0.9746
20,610,0.9778
20,612,0.9783
20,614,0.9763
20,616,0.9727
20,618,0.9689
20,620,0.9655
20,622,0.9635
20,624,0.963
20,626,0.964
20,628,0.9659
20,630,0.9681
20,632,0.9698
20,634,0.9703
20,636,0.9693
20,638,0.9672
20,640,0.964
20,642,0.9605
20,644,0.9574
20,646,0.9552
20,648,0.9544
20,650,0.9549
20,652,0.957
20,654,0.9604
20,656,0.9644
20,658,0.9686
20,660,0.9724
20,662,0.9753
20,664,0.9771
20,666,0.9776
20,668,0.977
20,670,0.9757
20,672,0.9742
20,674,0.9726
20,676,0.9712
20,678,0.9707
20,680,0.9708
20,682,0.9718
20,684,0.9733
20,686,0.9751
20,688,0.9769
20,690,0.9785
20,692,0.9796
20,694,0.9802
20,696,0.98
20,698,0.9791
20,700,0.9776
20,702,0.976
20,704,0.9743
20,706,0.9729
20,708,0.9718
20,710,0.9713
20,712,0.9714
20,714,0.9721
20,716,0.9732
20,718,0.9746
20,720,0.9762
20,722,0.9778
20,724,0.9792
20,726,0.9803
20,728,0.9811
20,730,0.9814
20,732,0.9811
20,734,0.9806
20,736,0.9799
20,738,0.9788
20,740,0.9777
20,742,0.977
20,744,0.9765
20,746,0.9763
20,748,0.9763
20,750,0.9767
20,752,0.9771
20,754,0.9781
20,756,0.9792
20,758,0.98
20,760,0.9807
20,762,0.9814
20,764,0.9815
20,766,0.9815
20,768,0.9812
20,770,0.9805
20,772,0.9794
20,774,0.9782
20,776,0.9771
20,778,0.9758
20,780,0.9751
20,782,0.9743
20,784,0.9738
20,786,0.9736
20,788,0.9738
20,790,0.9741
20,792,0.9748
20,794,0.9756
20,796,0.9768
20,798,0.9781
20,800,0.9794
20,802,0.9803
20,804,0.9812
20,806,0.9821
20,808,0.9829
20,810,0.9832
20,812,0.9829
20,814,0.9826
20,816,0.9824
20,818,0.9818
20,820,0.9811
20,822,0.9804
20,824,0.9799
20,826,0.9793
20,828,0.9789
20,830,0.9785
20,832,0.9785
20,834,0.9784
20,836,0.979
20,838,0.9792
20,840,0.9798
20,842,0.9805
20,844,0.9815
20,846,0.9815
20,848,0.9823
20,850,0.983
20,852,0.983
20,854,0.9836
20,856,0.9839
20,858,0.983
20,860,0.983
20,862,0.9831
20,864,0.9832
20,866,0.9809
20,868,0.9811
20,870,0.979
20,872,0.9786
20,874,0.9785
20,876,0.9778
20,878,0.9769
20,880,0.9777
20,882,0.9777
20,884,0.9773
20,886,0.9798
20,888,0.9829
20,890,0.9819
20,892,0.9825
20,894,0.981
20,896,0.9805
20,898,0.9806
20,900,0.9816
25,250,0
25,252,0
25,254,0
25,256,0
25,258,0
25,260,0
25,262,0
25,264,0
25,266,0
25,268,0
25,270,0
25,272,0
25,274,0
25,276,0
25,278,0
25,280,0
25,282,0
25,284,0.0002
25,286,0.0002
25,288,0.0002
25,290,0.001
25,292,0.0041
25,294,0.0118
25,296,0.0184
25,298,0.0175
25,300,0.0287
25,302,0.0553
25,304,0.0756
25,306,0.0671
25,308,0.0508
25,310,0.0193
25,312,0.0114
25,314,0.0139
25,316,0.0076
25,318,0.0031
25,320,0.0059
25,322,0.0219
25,324,0.0258
25,326,0.0104
25,328,0.0078
25,330,0.0065
25,332,0.0022
25,334,0.0007
25,336,0.0008
25,338,0.0034
25,340,0.0394
25,342,0.1154
25,344,0.0869
25,346,0.0162
25,348,0.003
25,350,0.0074
25,352,0.0142
25,354,0.0066
25,356,0.0008
25,358,0.0004
25,360,0.0007
25,362,0.001
25,364,0.0005
25,366,0.0001
25,368,0
25,370,0.0001
25,372,0.0004
25,374,0.0003
25,376,0.0012
25,378,0.0049
25,380,0.0031
25,382,0.0002
25,384,0.0001
25,386,0.0001
25,388,0.0001
25,390,0.0001
25,392,0.0001
25,394,0.0001
25,396,0.0001
25,398,0.0001
25,400,0.0001
25,402,0.0001
25,404,0.0001
25,406,0.0001
25,408,0.0001
25,410,0.0001
25,412,0.0001
25,414,0.0001
25,416,0.0001
25,418,0.0001
25,420,0.0002
25,422,0.0005
25,424,0.0011
25,426,0.0016
25,428,0.002
25,430,0.0028
25,432,0.0037
25,434,0.0038
25,436,0.0035
25,438,0.0035
25,440,0.0042
25,442,0.0047
25,444,0.0041
25,446,0.0026
25,448,0.0016
25,450,0.0011
25,452,0.0011
25,454,0.0014
25,456,0.0024
25,458,0.0053
25,460,0.0089
25,462,0.0092
25,464,0.0056
25,466,0.0021
25,468,0.001
25,470,0.0007
25,472,0.0007
25,474,0.0008
25,476,0.0012
25,478,0.0022
25,480,0.0049
25,482,0.0097
25,484,0.014
25,486,0.0144
25,488,0.0112
25,490,0.0076
25,492,0.0063
25,494,0.0063
25,496,0.0063
25,498,0.007
25,500,0.009
25,502,0.0136
25,504,0.0232
25,506,0.045
25,508,0.0974
25,510,0.2143
25,512,0.4139
25,514,0.6461
25,516,0.8143
25,518,0.8635
25,520,0.8694
25,522,0.8911
25,524,0.9271
25,526,0.9517
25,528,0.9608
25,530,0.9615
25,532,0.9595
25,534,0.9587
25,536,0.9605
25,538,0.9642
25,540,0.9677
25,542,0.9686
25,544,0.9662
25,546,0.9616
25,548,0.9568
25,550,0.9541
25,552,0.955
25,554,0.9592
25,556,0.9652
25,558,0.9709
25,560,0.9749
25,562,0.9767
25,564,0.9757
25,566,0.9736
25,568,0.9719
25,570,0.9716
25,572,0.9726
25,574,0.9745
25,576,0.9762
25,578,0.9764
25,580,0.9745
25,582,0.9705
25,584,0.9652
25,586,0.9602
25,588,0.9566
25,590,0.9553
25,592,0.9567
25,594,0.9604
25,596,0.9658
25,598,0.9715
25,600,0.9764
25,602,0.9794
25,604,0.9802
25,606,0.9791
25,608,0.9765
25,610,0.9733
25,612,0.9704
25,614,0.9686
25,616,0.9681
25,618,0.9689
25,620,0.9706
25,622,0.9725
25,624,0.9738
25,626,0.9744
25,628,0.9738
25,630,0.9719
25,632,0.9692
25,634,0.9664
25,636,0.9635
25,638,0.9614
25,640,0.9608
25,642,0.9617
25,644,0.9636
25,646,0.9664
25,648,0.9699
25,650,0.9734
25,652,0.9765
25,654,0.9789
25,656,0.9801
25,658,0.9803
25,660,0.9798
25,662,0.9785
25,664,0.977
25,666,0.9758
25,668,0.9749
25,670,0.9747
25,672,0.9752
25,674,0.9763
25,676,0.9777
25,678,0.9794
25,680,0.9809
25,682,0.9823
25,684,0.983
25,686,0.9832
25,688,0.9826
25,690,0.9816
25,692,0.9802
25,694,0.9788
25,696,0.9774
25,698,0.9763
25,700,0.9755
25,702,0.9754
25,704,0.9758
25,706,0.9767
25,708,0.9779
25,710,0.9794
25,712,0.9808
25,714,0.9822
25,716,0.9833
25,718,0.9842
25,720,0.9845
25,722,0.9844
25,724,0.984
25,726,0.9835
25,728,0.9828
25,730,0.9818
25,732,0.981
25,734,0.9806
25,736,0.9803
25,738,0.9803
25,740,0.9807
25,742,0.9814
25,744,0.9821
25,746,0.9828
25,748,0.9835
25,750,0.9842
25,752,0.9848
25,754,0.9851
25,756,0.985
25,758,0.9846
25,760,0.984
25,762,0.9832
25,764,0.9822
25,766,0.9811
25,768,0.9801
25,770,0.9795
25,772,0.9788
25,774,0.9784
25,776,0.9783
25,778,0.9784
25,780,0.9788
25,782,0.9795
25,784,0.9803
25,786,0.9815
25,788,0.9827
25,790,0.9837
25,792,0.9846
25,794,0.9854
25,796,0.9862
25,798,0.9866
25,800,0.9866
25,802,0.9868
25,804,0.9862
25,806,0.9861
25,808,0.9854
25,810,0.9848
25,812,0.9844
25,814,0.9841
25,816,0.9835
25,818,0.9831
25,820,0.983
25,822,0.9831
25,824,0.983
25,826,0.9833
25,828,0.9835
25,830,0.9843
25,832,0.985
25,834,0.9854
25,836,0.986
25,838,0.9868
25,840,0.987
25,842,0.9874
25,844,0.9876
25,846,0.9874
25,848,0.9873
25,850,0.9875
25,852,0.9868
25,854,0.9865
25,856,0.9863
25,858,0.9857
25,860,0.9849
25,862,0.9843
25,864,0.9834
25,866,0.9839
25,868,0.9837
25,870,0.983
25,872,0.9849
25,874,0.9842
25,876,0.9843
25,878,0.9846
25,880,0.9844
25,882,0.9869
25,884,0.9851
25,886,0.9862
25,888,0.9868
25,890,0.9896
25,892,0.9873
25,894,0.9889
25,896,0.9892
25,898,0.9879
25,900,0.9913
30,250,0
30,252,0
30,254,0
30,256,0
30,258,0
30,260,0
30,262,0
30,264,0
30,266,0
30,268,0
30,270,0
30,272,0
30,274,0
30,276,0
30,278,0
30,280,0
30,282,0
30,284,0
30,286,0.0001
30,288,0.0006
30,290,0.0027
30,292,0.0079
30,294,0.0142
30,296,0.0174
30,298,0.0281
30,300,0.0506
30,302,0.0668
30,304,0.0608
30,306,0.0363
30,308,0.0124
30,310,0.0104
30,312,0.0093
30,314,0.004
30,316,0.0031
30,318,0.0149
30,320,0.029
30,322,0.0184
30,324,0.0091
30,326,0.0083
30,328,0.0039
30,330,0.0011
30,332,0.0007
30,334,0.0018
30,336,0.0206
30,338,0.0948
30,340,0.1141
30,342,0.0351
30,344,0.005
30,346,0.005
30,348,0.014
30,350,0.0118
30,352,0.0021
30,354,0.0006
30,356,0.0009
30,358,0.0013
30,360,0.0009
30,362,0.0003
30,364,0.0002
30,366,0.0003
30,368,0.0007
30,370,0.0008
30,372,0.0023
30,374,0.0061
30,376,0.0043
30,378,0.0003
30,380,0.0001
30,382,0.0001
30,384,0.0001
30,386,0.0001
30,388,0.0001
30,390,0.0001
30,392,0.0001
30,394,0.0001
30,396,0.0001
30,398,0.0001
30,400,0.0001
30,402,0.0001
30,404,0.0001
30,406,0.0001
30,408,0.0001
30,410,0.0001
30,412,0.0001
30,414,0.0003
30,416,0.0009
30,418,0.0016
30,420,0.0022
30,422,0.0027
30,424,0.0034
30,426,0.0042
30,428,0.0043
30,430,0.0041
30,432,0.0043
30,434,0.0049
30,436,0.005
30,438,0.0041
30,440,0.0026
30,442,0.0016
30,444,0.0012
30,446,0.0013
30,448,0.0018
30,450,0.0036
30,452,0.0074
30,454,0.0107
30,456,0.01
30,458,0.006
30,460,0.0028
30,462,0.0017
30,464,0.0014
30,466,0.0014
30,468,0.0019
30,470,0.0034
30,472,0.007
30,474,0.013
30,476,0.0175
30,478,0.0174
30,480,0.0134
30,482,0.0083
30,484,0.0059
30,486,0.0057
30,488,0.0065
30,490,0.0077
30,492,0.0097
30,494,0.0143
30,496,0.025
30,498,0.05
30,500,0.11
30,502,0.238
30,504,0.4412
30,506,0.6595
30,508,0.8135
30,510,0.873
30,512,0.8734
30,514,0.8832
30,516,0.9194
30,518,0.9549
30,520,0.9694
30,522,0.9669
30,524,0.9623
30,526,0.9623
30,528,0.9663
30,530,0.9709
30,532,0.9735
30,534,0.9731
30,536,0.9704
30,538,0.9668
30,540,0.9637
30,542,0.9622
30,544,0.963
30,546,0.9659
30,548,0.9699
30,550,0.9739
30,552,0.9767
30,554,0.978
30,556,0.9776
30,558,0.9764
30,560,0.9754
30,562,0.975
30,564,0.9755
30,566,0.9769
30,568,0.978
30,570,0.9782
30,572,0.9771
30,574,0.9744
30,576,0.9706
30,578,0.9671
30,580,0.9644
30,582,0.9633
30,584,0.9642
30,586,0.967
30,588,0.9709
30,590,0.975
30,592,0.9784
30,594,0.9804
30,596,0.9808
30,598,0.9798
30,600,0.9778
30,602,0.9754
30,604,0.9733
30,606,0.9723
30,608,0.9722
30,610,0.9731
30,612,0.9745
30,614,0.9759
30,616,0.9768
30,618,0.977
30,620,0.9762
30,622,0.9745
30,624,0.9723
30,626,0.9699
30,628,0.9679
30,630,0.9668
30,632,0.9668
30,634,0.9678
30,636,0.9697
30,638,0.9723
30,640,0.9751
30,642,0.9778
30,644,0.9799
30,646,0.9811
30,648,0.9817
30,650,0.9814
30,652,0.9806
30,654,0.9795
30,656,0.9784
30,658,0.9776
30,660,0.9773
30,662,0.9775
30,664,0.9785
30,666,0.9798
30,668,0.9811
30,670,0.9825
30,672,0.9837
30,674,0.9843
30,676,0.9846
30,678,0.9843
30,680,0.9835
30,682,0.9824
30,684,0.9812
30,686,0.9801
30,688,0.9792
30,690,0.9785
30,692,0.9784
30,694,0.9787
30,696,0.9795
30,698,0.9805
30,700,0.9817
30,702,0.983
30,704,0.9841
30,706,0.9851
30,708,0.9858
30,710,0.9861
30,712,0.9861
30,714,0.9856
30,716,0.9851
30,718,0.9847
30,720,0.9841
30,722,0.9835
30,724,0.983
30,726,0.9828
30,728,0.9831
30,730,0.9834
30,732,0.984
30,734,0.9848
30,736,0.9855
30,738,0.986
30,740,0.9865
30,742,0.9868
30,744,0.9868
30,746,0.9867
30,748,0.9863
30,750,0.9857
30,752,0.9848
30,754,0.9842
30,756,0.9833
30,758,0.9827
30,760,0.982
30,762,0.9817
30,764,0.9817
30,766,0.9817
30,768,0.982
30,770,0.9824
30,772,0.9832
30,774,0.9841
30,776,0.9848
30,778,0.9858
30,780,0.9866
30,782,0.9872
30,784,0.9878
30,786,0.9881
30,788,0.9886
30,790,0.9886
30,792,0.9885
30,794,0.9881
30,796,0.9876
30,798,0.9872
30,800,0.9868
30,802,0.9863
30,804,0.9859
30,806,0.9858
30,808,0.9858
30,810,0.9855
30,812,0.9859
30,814,0.9861
30,816,0.9866
30,818,0.987
30,820,0.9874
30,822,0.9882
30,824,0.9883
30,826,0.9887
30,828,0.9891
30,830,0.9892
30,832,0.9893
30,834,0.9894
30,836,0.9893
30,838,0.9888
30,840,0.9882
30,842,0.988
30,844,0.9876
30,846,0.9874
30,848,0.9869
30,850,0.987
30,852,0.9865
30,854,0.987
30,856,0.9872
30,858,0.9871
30,860,0.9875
30,862,0.9869
30,864,0.989
30,866,0.9885
30,868,0.9882
30,870,0.9897
30,872,0.9902
30,874,0.9912
30,876,0.9912
30,878,0.99
30,880,0.9924
30,882,0.9931
30,884,0.9922
30,886,0.9932
30,888,0.992
30,890,0.9917
30,892,0.9965
30,894,0.9918
30,896,0.9933
30,898,0.9905
30,900,0.9885
35,250,0
35,252,0
35,254,0
35,256,0
35,258,0
35,260,0
35,262,0
35,264,0
35,266,0
35,268,0
35,270,0
35,272,0
35,274,0
35,276,0
35,278,0
35,280,0
35,282,0
35,284,0
35,286,0.0003
35,288,0.0016
35,290,0.0053
35,292,0.0114
35,294,0.0172
35,296,0.0269
35,298,0.0453
35,300,0.0564
35,302,0.048
35,304,0.0216
35,306,0.0089
35,308,0.0083
35,310,0.0049
35,312,0.0026
35,314,0.0082
35,316,0.028
35,318,0.0264
35,320,0.0121
35,322,0.0102
35,324,0.006
35,326,0.0016
35,328,0.0007
35,330,0.0013
35,332,0.0126
35,334,0.0793
35,336,0.1279
35,338,0.0553
35,340,0.0082
35,342,0.0041
35,344,0.0134
35,346,0.0162
35,348,0.0047
35,350,0.0011
35,352,0.0014
35,354,0.0019
35,356,0.0012
35,358,0.0004
35,360,0.0003
35,362,0.0007
35,364,0.0012
35,366,0.0015
35,368,0.0047
35,370,0.0091
35,372,0.0053
35,374,0
35,376,0
35,378,0
35,380,0.0001
35,382,0.0001
35,384,0.0001
35,386,0.0001
35,388,0.0001
35,390,0.0001
35,392,0.0001
35,394,0.0001
35,396,0.0001
35,398,0.0001
35,400,0.0001
35,402,0.0001
35,404,0.0001
35,406,0.0002
35,408,0.0007
35,410,0.0017
35,412,0.0027
35,414,0.0032
35,416,0.0036
35,418,0.0043
35,420,0.0049
35,422,0.0051
35,424,0.005
35,426,0.0054
35,428,0.0058
35,430,0.0054
35,432,0.004
35,434,0.0026
35,436,0.0018
35,438,0.0015
35,440,0.0018
35,442,0.0029
35,444,0.0062
35,446,0.0109
35,448,0.0126
35,450,0.0102
35,452,0.0057
35,454,0.0034
35,456,0.0028
35,458,0.0029
35,460,0.0038
35,462,0.0064
35,464,0.0122
35,466,0.0196
35,468,0.0232
35,470,0.0216
35,472,0.0158
35,474,0.0097
35,476,0.0068
35,478,0.006
35,480,0.0064
35,482,0.0082
35,484,0.0114
35,486,0.0171
35,488,0.0299
35,490,0.0614
35,492,0.1365
35,494,0.2837
35,496,0.4868
35,498,0.6784
35,500,0.8063
35,502,0.8537
35,504,0.8619
35,506,0.8817
35,508,0.9179
35,510,0.9533
35,512,0.972
35,514,0.972
35,516,0.9658
35,518,0.9656
35,520,0.9713
35,522,0.9776
35,524,0.9804
35,526,0.9786
35,528,0.9746
35,530,0.9708
35,532,0.969
35,534,0.9693
35,536,0.9712
35,538,0.9736
35,540,0.9761
35,542,0.9782
35,544,0.9795
35,546,0.9801
35,548,0.9797
35,550,0.9792
35,552,0.9788
35,554,0.9786
35,556,0.979
35,558,0.9797
35,560,0.9803
35,562,0.9803
35,564,0.9797
35,566,0.9781
35,568,0.9757
35,570,0.9734
35,572,0.9716
35,574,0.9709
35,576,0.9716
35,578,0.9734
35,580,0.976
35,582,0.9786
35,584,0.9808
35,586,0.9821
35,588,0.9821
35,590,0.9811
35,592,0.9795
35,594,0.9778
35,596,0.9765
35,598,0.9758
35,600,0.976
35,602,0.9769
35,604,0.9781
35,606,0.9793
35,608,0.9798
35,610,0.9798
35,612,0.979
35,614,0.9775
35,616,0.9757
35,618,0.9739
35,620,0.9727
35,622,0.9722
35,624,0.9726
35,626,0.9739
35,628,0.9756
35,630,0.9777
35,632,0.9798
35,634,0.9815
35,636,0.9827
35,638,0.9833
35,640,0.9834
35,642,0.9828
35,644,0.9819
35,646,0.981
35,648,0.9803
35,650,0.98
35,652,0.9802
35,654,0.9808
35,656,0.9818
35,658,0.9831
35,660,0.9845
35,662,0.9854
35,664,0.9861
35,666,0.9865
35,668,0.9863
35,670,0.9857
35,672,0.9848
35,674,0.9838
35,676,0.9829
35,678,0.982
35,680,0.9815
35,682,0.9815
35,684,0.9817
35,686,0.9823
35,688,0.9833
35,690,0.9843
35,692,0.9854
35,694,0.9864
35,696,0.9873
35,698,0.988
35,700,0.9882
35,702,0.988
35,704,0.9878
35,706,0.9874
35,708,0.987
35,710,0.9866
35,712,0.9862
35,714,0.986
35,716,0.9861
35,718,0.9862
35,720,0.9865
35,722,0.9871
35,724,0.9876
35,726,0.9881
35,728,0.9886
35,730,0.9891
35,732,0.9894
35,734,0.9893
35,736,0.9891
35,738,0.9887
35,740,0.9882
35,742,0.9877
35,744,0.9869
35,746,0.9863
35,748,0.9858
35,750,0.9855
35,752,0.9853
35,754,0.9853
35,756,0.9855
35,758,0.9858
35,760,0.9863
35,762,0.9871
35,764,0.988
35,766,0.9888
35,768,0.9895
35,770,0.9901
35,772,0.9905
35,774,0.9909
35,776,0.9911
35,778,0.9912
35,780,0.9912
35,782,0.9909
35,784,0.9908
35,786,0.9904
35,788,0.9902
35,790,0.9898
35,792,0.9896
35,794,0.9894
35,796,0.9893
35,798,0.9895
35,800,0.9898
35,802,0.99
35,804,0.9901
35,806,0.9903
35,808,0.9909
35,810,0.9914
35,812,0.9914
35,814,0.9917
35,816,0.9922
35,818,0.9923
35,820,0.9922
35,822,0.9922
35,824,0.9921
35,826,0.992
35,828,0.992
35,830,0.9915
35,832,0.9909
35,834,0.9906
35,836,0.9907
35,838,0.9908
35,840,0.991
35,842,0.9912
35,844,0.9911
35,846,0.9918
35,848,0.992
35,850,0.9921
35,852,0.9925
35,854,0.993
35,856,0.9934
35,858,0.9946
35,860,0.9949
35,862,0.9941
35,864,0.9946
35,866,0.9964
35,868,0.9965
35,870,0.9964
35,872,0.997
35,874,0.9959
35,876,0.9954
35,878,0.9964
35,880,0.9947
35,882,0.9952
35,884,0.9927
35,886,0.9949
35,888,0.996
35,890,0.9911
35,892,0.9923
35,894,0.9925
35,896,0.9919
35,898,0.9937
35,900,0.9933
40,250,0
40,252,0
40,254,0
40,256,0
40,258,0
40,260,0
40,262,0
40,264,0
40,266,0
40,268,0
40,270,0
40,272,0
40,274,0
40,276,0
40,278,0
40,280,0
40,282,0
40,284,0.0001
40,286,0.0009
40,288,0.0035
40,290,0.0094
40,292,0.0162
40,294,0.0242
40,296,0.0371
40,298,0.0432
40,300,0.0316
40,302,0.012
40,304,0.0068
40,306,0.005
40,308,0.0025
40,310,0.0042
40,312,0.0205
40,314,0.0312
40,316,0.017
40,318,0.0134
40,320,0.0085
40,322,0.0025
40,324,0.0009
40,326,0.0012
40,328,0.0095
40,330,0.071
40,332,0.1377
40,334,0.076
40,336,0.0125
40,338,0.0042
40,340,0.0139
40,342,0.0209
40,344,0.0085
40,346,0.002
40,348,0.0023
40,350,0.0029
40,352,0.0017
40,354,0.0007
40,356,0.0006
40,358,0.0012
40,360,0.0021
40,362,0.0031
40,364,0.0092
40,366,0.0131
40,368,0.0052
40,370,0.0001
40,372,0
40,374,0
40,376,0
40,378,0
40,380,0.0001
40,382,0.0001
40,384,0.0001
40,386,0.0001
40,388,0.0001
40,390,0.0001
40,392,0.0001
40,394,0.0001
40,396,0.0001
40,398,0.0002
40,400,0.0006
40,402,0.0018
40,404,0.0033
40,406,0.0042
40,408,0.0044
40,410,0.0046
40,412,0.0054
40,414,0.0061
40,416,0.0063
40,418,0.0065
40,420,0.0068
40,422,0.0066
40,424,0.0055
40,426,0.0039
40,428,0.0027
40,430,0.0023
40,432,0.0024
40,434,0.0034
40,436,0.0064
40,438,0.0117
40,440,0.0154
40,442,0.0145
40,444,0.0097
40,446,0.0058
40,448,0.0046
40,450,0.0049
40,452,0.007
40,454,0.0124
40,456,0.0216
40,458,0.0288
40,460,0.0298
40,462,0.025
40,464,0.0166
40,466,0.0106
40,468,0.0083
40,470,0.0079
40,472,0.0087
40,474,0.0111
40,476,0.0161
40,478,0.026
40,480,0.0468
40,482,0.0944
40,484,0.1945
40,486,0.3508
40,488,0.5192
40,490,0.6552
40,492,0.7327
40,494,0.7629
40,496,0.7907
40,498,0.8356
40,500,0.8859
40,502,0.9285
40,504,0.9561
40,506,0.9648
40,508,0.9666
40,510,0.9701
40,512,0.9783
40,514,0.9861
40,516,0.989
40,518,0.9862
40,520,0.9808
40,522,0.9767
40,524,0.9756
40,526,0.9772
40,528,0.9799
40,530,0.9822
40,532,0.9834
40,534,0.9834
40,536,0.9829
40,538,0.9823
40,540,0.9818
40,542,0.9816
40,544,0.9815
40,546,0.9813
40,548,0.9815
40,550,0.9818
40,552,0.982
40,554,0.9821
40,556,0.9819
40,558,0.9812
40,560,0.9798
40,562,0.9779
40,564,0.9765
40,566,0.9759
40,568,0.9761
40,570,0.9771
40,572,0.9788
40,574,0.9805
40,576,0.9819
40,578,0.9825
40,580,0.9823
40,582,0.9813
40,584,0.9799
40,586,0.9784
40,588,0.9774
40,590,0.977
40,592,0.9773
40,594,0.9782
40,596,0.9796
40,598,0.9807
40,600,0.9814
40,602,0.9813
40,604,0.9807
40,606,0.9795
40,608,0.978
40,610,0.9765
40,612,0.9756
40,614,0.9754
40,616,0.9758
40,618,0.977
40,620,0.9786
40,622,0.9803
40,624,0.9819
40,626,0.9831
40,628,0.9837
40,630,0.9838
40,632,0.9834
40,634,0.9825
40,636,0.9816
40,638,0.9808
40,640,0.9804
40,642,0.9805
40,644,0.981
40,646,0.9821
40,648,0.9834
40,650,0.9846
40,652,0.9856
40,654,0.9864
40,656,0.9867
40,658,0.9867
40,660,0.9863
40,662,0.9855
40,664,0.9844
40,666,0.9835
40,668,0.9828
40,670,0.9822
40,672,0.9822
40,674,0.9824
40,676,0.9828
40,678,0.9838
40,680,0.9849
40,682,0.9859
40,684,0.987
40,686,0.9879
40,688,0.9884
40,690,0.9887
40,692,0.9888
40,694,0.9885
40,696,0.988
40,698,0.9876
40,700,0.9872
40,702,0.9867
40,704,0.9866
40,706,0.9866
40,708,0.9869
40,710,0.9873
40,712,0.9877
40,714,0.9882
40,716,0.9889
40,718,0.9894
40,720,0.9898
40,722,0.9901
40,724,0.9902
40,726,0.99
40,728,0.9897
40,730,0.9893
40,732,0.9888
40,734,0.9883
40,736,0.9879
40,738,0.9875
40,740,0.9872
40,742,0.987
40,744,0.9869
40,746,0.9873
40,748,0.9877
40,750,0.9882
40,752,0.9889
40,754,0.9895
40,756,0.9901
40,758,0.9906
40,760,0.9912
40,762,0.9917
40,764,0.992
40,766,0.9923
40,768,0.9924
40,770,0.9921
40,772,0.9921
40,774,0.992
40,776,0.9917
40,778,0.9914
40,780,0.9914
40,782,0.9912
40,784,0.9913
40,786,0.9912
40,788,0.9912
40,790,0.9916
40,792,0.9919
40,794,0.9921
40,796,0.9924
40,798,0.9926
40,800,0.993
40,802,0.9932
40,804,0.9935
40,806,0.9937
40,808,0.9936
40,810,0.9937
40,812,0.9934
40,814,0.9934
40,816,0.9932
40,818,0.993
40,820,0.993
40,822,0.9928
40,824,0.9929
40,826,0.9927
40,828,0.9927
40,830,0.9929
40,832,0.993
40,834,0.9931
40,836,0.9934
40,838,0.9938
40,840,0.9942
40,842,0.9947
40,844,0.9953
40,846,0.9954
40,848,0.9958
40,850,0.9964
40,852,0.997
40,854,0.9971
40,856,0.997
40,858,0.9973
40,860,0.9975
40,862,0.9979
40,864,0.9977
40,866,0.9988
40,868,0.9977
40,870,0.998
40,872,0.9988
40,874,0.9983
40,876,0.997
40,878,0.9969
40,880,0.9973
40,882,0.9988
40,884,0.9966
40,886,0.9975
40,888,0.9957
40,890,0.9958
40,892,0.9974
40,894,0.9991
40,896,0.9974
40,898,0.999
40,900,0.9968
45,250,0
45,252,0
45,254,0
45,256,0
45,258,0
45,260,0
45,262,0
45,264,0
45,266,0
45,268,0
45,270,0
45,272,0
45,274,0
45,276,0
45,278,0
45,280,0
45,282,0
45,284,0
45,286,0.0001
45,288,0.0016
45,290,0.0054
45,292,0.0053
45,294,0.0026
45,296,0.0023
45,298,0.0076
45,300,0.029
45,302,0.046
45,304,0.0267
45,306,0.0202
45,308,0.053
45,310,0.1004
45,312,0.0922
45,314,0.0569
45,316,0.0656
45,318,0.0405
45,320,0.0169
45,322,0.0238
45,324,0.0243
45,326,0.0095
45,328,0.0031
45,330,0.005
45,332,0.0201
45,334,0.0203
45,336,0.0065
45,338,0.0058
45,340,0.0066
45,342,0.0028
45,344,0.0008
45,346,0.0007
45,348,0.0022
45,350,0.0335
45,352,0.12
45,354,0.0984
45,356,0.0215
45,358,0.0035
45,360,0.0075
45,362,0.0161
45,364,0.0071
45,366,0.0005
45,368,0
45,370,0
45,372,0.0002
45,374,0.0004
45,376,0
45,378,0.0001
45,380,0.0002
45,382,0.0003
45,384,0.0004
45,386,0.0004
45,388,0.0009
45,390,0.0029
45,392,0.0017
45,394,0.0001
45,396,0.0001
45,398,0.0001
45,400,0.0001
45,402,0.0001
45,404,0.0001
45,406,0.0001
45,408,0.0001
45,410,0.0001
45,412,0.0001
45,414,0.0001
45,416,0.0001
45,418,0.0001
45,420,0.0001
45,422,0.0001
45,424,0.0001
45,426,0.0001
45,428,0
45,430,0.0001
45,432,0.0001
45,434,0.0001
45,436,0.0001
45,438,0.0001
45,440,0.0001
45,442,0.0003
45,444,0.0007
45,446,0.001
45,448,0.0015
45,450,0.0027
45,452,0.0035
45,454,0.0029
45,456,0.0022
45,458,0.0026
45,460,0.004
45,462,0.0047
45,464,0.0028
45,466,0.001
45,468,0.0004
45,470,0.0002
45,472,0.0002
45,474,0.0003
45,476,0.0007
45,478,0.0023
45,480,0.006
45,482,0.0066
45,484,0.0026
45,486,0.0009
45,488,0.0006
45,490,0.0006
45,492,0.0006
45,494,0.0007
45,496,0.0008
45,498,0.0009
45,500,0.0011
45,502,0.0016
45,504,0.003
45,506,0.0072
45,508,0.0136
45,510,0.015
45,512,0.0098
45,514,0.0057
45,516,0.0042
45,518,0.0038
45,520,0.004
45,522,0.0047
45,524,0.0063
45,526,0.0092
45,528,0.015
45,530,0.0272
45,532,0.0559
45,534,0.128
45,536,0.2946
45,538,0.5687
45,540,0.8198
45,542,0.9025
45,544,0.8831
45,546,0.8785
45,548,0.9066
45,550,0.941
45,552,0.9591
45,554,0.957
45,556,0.9459
45,558,0.9384
45,560,0.9396
45,562,0.9473
45,564,0.9556
45,566,0.9578
45,568,0.9527
45,570,0.9428
45,572,0.9331
45,574,0.9281
45,576,0.93
45,578,0.938
45,580,0.9492
45,582,0.9598
45,584,0.9669
45,586,0.969
45,588,0.9667
45,590,0.9623
45,592,0.9585
45,594,0.9568
45,596,0.9579
45,598,0.9608
45,600,0.9638
45,602,0.965
45,604,0.9627
45,606,0.957
45,608,0.9486
45,610,0.9392
45,612,0.931
45,614,0.9261
45,616,0.9253
45,618,0.9289
45,620,0.9364
45,622,0.9465
45,624,0.957
45,626,0.966
45,628,0.9721
45,630,0.9744
45,632,0.9731
45,634,0.9689
45,636,0.9633
45,638,0.9578
45,640,0.9533
45,642,0.9508
45,644,0.9505
45,646,0.9519
45,648,0.9545
45,650,0.9572
45,652,0.9592
45,654,0.9597
45,656,0.9584
45,658,0.9554
45,660,0.9514
45,662,0.947
45,664,0.9427
45,666,0.9398
45,668,0.9385
45,670,0.9392
45,672,0.9418
45,674,0.946
45,676,0.9512
45,678,0.9568
45,680,0.9621
45,682,0.9665
45,684,0.9697
45,686,0.9712
45,688,0.9713
45,690,0.9702
45,692,0.9684
45,694,0.9661
45,696,0.9641
45,698,0.9627
45,700,0.9619
45,702,0.9623
45,704,0.9635
45,706,0.9654
45,708,0.9676
45,710,0.9698
45,712,0.9717
45,714,0.9731
45,716,0.9739
45,718,0.9736
45,720,0.9724
45,722,0.9707
45,724,0.9687
45,726,0.9667
45,728,0.9647
45,730,0.9631
45,732,0.9622
45,734,0.9619
45,736,0.9624
45,738,0.9636
45,740,0.9652
45,742,0.967
45,744,0.9692
45,746,0.9713
45,748,0.9729
45,750,0.9739
45,752,0.9746
45,754,0.9747
45,756,0.9743
45,758,0.9732
45,760,0.9718
45,762,0.9706
45,764,0.9693
45,766,0.9682
45,768,0.9675
45,770,0.9672
45,772,0.9673
45,774,0.9677
45,776,0.9683
45,778,0.9694
45,780,0.9707
45,782,0.9719
45,784,0.973
45,786,0.9737
45,788,0.9741
45,790,0.9743
45,792,0.9739
45,794,0.9731
45,796,0.9722
45,798,0.9708
45,800,0.9692
45,802,0.9677
45,804,0.9663
45,806,0.9652
45,808,0.9643
45,810,0.9631
45,812,0.963
45,814,0.9633
45,816,0.9638
45,818,0.9648
45,820,0.9658
45,822,0.9673
45,824,0.9689
45,826,0.9704
45,828,0.972
45,830,0.9729
45,832,0.9741
45,834,0.9747
45,836,0.9754
45,838,0.9755
45,840,0.9752
45,842,0.9746
45,844,0.9738
45,846,0.9728
45,848,0.9723
45,850,0.9708
45,852,0.9701
45,854,0.9694
45,856,0.9686
45,858,0.9677
45,860,0.9679
45,862,0.9683
45,864,0.9683
45,866,0.9698
45,868,0.9697
45,870,0.97
45,872,0.971
45,874,0.9708
45,876,0.9727
45,878,0.9713
45,880,0.973
45,882,0.9723
45,884,0.974
45,886,0.9733
45,888,0.9702
45,890,0.9702
45,892,0.9704
45,894,0.9691
45,896,0.9736
45,898,0.9694
45,900,0.9693
50,250,0
50,252,0
50,254,0
50,256,0
50,258,0
50,260,0
50,262,0
50,264,0
50,266,0
50,268,0
50,270,0
50,272,0
50,274,0
50,276,0
50,278,0
50,280,0
50,282,0
50,284,0.0004
50,286,0.0021
50,288,0.0072
50,290,0.0134
50,292,0.0193
50,294,0.0267
50,296,0.0296
50,298,0.0187
50,300,0.0074
50,302,0.0047
50,304,0.0027
50,306,0.0022
50,308,0.0115
50,310,0.0295
50,312,0.0234
50,314,0.0167
50,316,0.0122
50,318,0.0039
50,320,0.0012
50,322,0.0012
50,324,0.0063
50,326,0.0599
50,328,0.1444
50,330,0.1006
50,332,0.0199
50,334,0.0048
50,336,0.0143
50,338,0.0267
50,340,0.0147
50,342,0.0038
50,344,0.004
50,346,0.0044
50,348,0.0025
50,350,0.0011
50,352,0.0011
50,354,0.0023
50,356,0.0038
50,358,0.0065
50,360,0.0164
50,362,0.0182
50,364,0.0052
50,366,0.0003
50,368,0
50,370,0
50,372,0
50,374,0
50,376,0
50,378,0
50,380,0.0001
50,382,0.0001
50,384,0.0001
50,386,0.0001
50,388,0.0002
50,390,0.0002
50,392,0.0005
50,394,0.0017
50,396,0.0039
50,398,0.0057
50,400,0.006
50,402,0.0055
50,404,0.0058
50,406,0.0069
50,408,0.0078
50,410,0.0084
50,412,0.0085
50,414,0.0083
50,416,0.0073
50,418,0.0057
50,420,0.0042
50,422,0.0034
50,424,0.0034
50,426,0.0043
50,428,0.007
50,430,0.0127
50,432,0.019
50,434,0.0207
50,436,0.0167
50,438,0.0109
50,440,0.0084
50,442,0.0088
50,444,0.0126
50,446,0.0216
50,448,0.0327
50,450,0.0381
50,452,0.0356
50,454,0.0267
50,456,0.0169
50,458,0.012
50,460,0.0104
50,462,0.0106
50,464,0.0123
50,466,0.0164
50,468,0.0245
50,470,0.0419
50,472,0.0804
50,474,0.1624
50,476,0.3022
50,478,0.4675
50,480,0.6014
50,482,0.6721
50,484,0.6854
50,486,0.687
50,488,0.7107
50,490,0.752
50,492,0.7966
50,494,0.8399
50,496,0.8847
50,498,0.9246
50,500,0.9483
50,502,0.9599
50,504,0.9703
50,506,0.9794
50,508,0.9841
50,510,0.9838
50,512,0.9801
50,514,0.977
50,516,0.977
50,518,0.98
50,520,0.9838
50,522,0.9864
50,524,0.9867
50,526,0.985
50,528,0.9826
50,530,0.9806
50,532,0.9796
50,534,0.9794
50,536,0.9795
50,538,0.9797
50,540,0.9797
50,542,0.9798
50,544,0.9798
50,546,0.98
50,548,0.9801
50,550,0.9799
50,552,0.9792
50,554,0.9781
50,556,0.977
50,558,0.9764
50,560,0.976
50,562,0.9761
50,564,0.9772
50,566,0.9785
50,568,0.9793
50,570,0.9794
50,572,0.9787
50,574,0.9774
50,576,0.9756
50,578,0.9741
50,580,0.9732
50,582,0.9731
50,584,0.974
50,586,0.9755
50,588,0.9771
50,590,0.9785
50,592,0.9792
50,594,0.9792
50,596,0.9784
50,598,0.9771
50,600,0.9754
50,602,0.974
50,604,0.9732
50,606,0.973
50,608,0.9737
50,610,0.975
50,612,0.9765
50,614,0.9782
50,616,0.9794
50,618,0.9802
50,620,0.9804
50,622,0.9799
50,624,0.9789
50,626,0.9778
50,628,0.9768
50,630,0.9763
50,632,0.9762
50,634,0.9766
50,636,0.9775
50,638,0.9788
50,640,0.9803
50,642,0.9816
50,644,0.9826
50,646,0.9832
50,648,0.9833
50,650,0.9829
50,652,0.982
50,654,0.9808
50,656,0.9796
50,658,0.9786
50,660,0.9779
50,662,0.9777
50,664,0.9778
50,666,0.9786
50,668,0.9794
50,670,0.9805
50,672,0.9819
50,674,0.9831
50,676,0.984
50,678,0.9847
50,680,0.985
50,682,0.9849
50,684,0.9845
50,686,0.984
50,688,0.9833
50,690,0.9828
50,692,0.9824
50,694,0.9823
50,696,0.9824
50,698,0.9826
50,700,0.9831
50,702,0.9838
50,704,0.9845
50,706,0.9853
50,708,0.9861
50,710,0.9866
50,712,0.9872
50,714,0.9873
50,716,0.9871
50,718,0.9868
50,720,0.9863
50,722,0.9856
50,724,0.985
50,726,0.9845
50,728,0.9839
50,730,0.9835
50,732,0.9834
50,734,0.9835
50,736,0.9838
50,738,0.9841
50,740,0.9847
50,742,0.9855
50,744,0.9863
50,746,0.987
50,748,0.9877
50,750,0.9884
50,752,0.9888
50,754,0.9891
50,756,0.9892
50,758,0.9894
50,760,0.9893
50,762,0.9893
50,764,0.9891
50,766,0.9889
50,768,0.9886
50,770,0.9884
50,772,0.9881
50,774,0.9881
50,776,0.9882
50,778,0.9882
50,780,0.9883
50,782,0.9886
50,784,0.989
50,786,0.9892
50,788,0.9898
50,790,0.9902
50,792,0.9905
50,794,0.9907
50,796,0.9909
50,798,0.9909
50,800,0.991
50,802,0.9913
50,804,0.9912
50,806,0.991
50,808,0.9908
50,810,0.9907
50,812,0.9905
50,814,0.9902
50,816,0.9899
50,818,0.9898
50,820,0.9899
50,822,0.9898
50,824,0.99
50,826,0.9901
50,828,0.99
50,830,0.9905
50,832,0.9909
50,834,0.9917
50,836,0.992
50,838,0.9926
50,840,0.9927
50,842,0.9931
50,844,0.9936
50,846,0.9943
50,848,0.9946
50,850,0.9951
50,852,0.9951
50,854,0.9953
50,856,0.9952
50,858,0.9949
50,860,0.9956
50,862,0.9952
50,864,0.9953
50,866,0.9966
50,868,0.9973
50,870,0.9959
50,872,0.9958
50,874,0.9944
50,876,0.9954
50,878,0.9937
50,880,0.9934
50,882,0.9929
50,884,0.998
50,886,0.9959
50,888,0.9935
50,890,0.9957
50,892,0.996
50,894,0.9965
50,896,0.9949
50,898,0.9963
50,900,0.9969
55,250,0
55,252,0
55,254,0
55,256,0
55,258,0
55,260,0
55,262,0
55,264,0
55,266,0
55,268,0
55,270,0
55,272,0
55,274,0
55,276,0
55,278,0
55,280,0
55,282,0.0001
55,284,0.0011
55,286,0.0047
55,288,0.0094
55,290,0.0133
55,292,0.0168
55,294,0.018
55,296,0.0105
55,298,0.0048
55,300,0.0028
55,302,0.0017
55,304,0.0048
55,306,0.0209
55,308,0.0277
55,310,0.0208
55,312,0.0172
55,314,0.0067
55,316,0.0016
55,318,0.0011
55,320,0.0045
55,322,0.0477
55,324,0.1462
55,326,0.1269
55,328,0.0303
55,330,0.0064
55,332,0.0148
55,334,0.034
55,336,0.0239
55,338,0.0073
55,340,0.0069
55,342,0.007
55,344,0.0037
55,346,0.0018
55,348,0.0021
55,350,0.0044
55,352,0.007
55,354,0.0135
55,356,0.0285
55,358,0.0243
55,360,0.0046
55,362,0.0005
55,364,0.0001
55,366,0
55,368,0
55,370,0
55,372,0
55,374,0
55,376,0
55,378,0.0001
55,380,0.0002
55,382,0.0003
55,384,0.0005
55,386,0.0014
55,388,0.0041
55,390,0.0074
55,392,0.0087
55,394,0.0076
55,396,0.0067
55,398,0.0075
55,400,0.0091
55,402,0.0107
55,404,0.0115
55,406,0.011
55,408,0.0096
55,410,0.0078
55,412,0.0061
55,414,0.0051
55,416,0.005
55,418,0.0058
55,420,0.0086
55,422,0.0146
55,424,0.0231
55,426,0.0285
55,428,0.0269
55,430,0.0208
55,432,0.0169
55,434,0.0181
55,436,0.0258
55,438,0.0399
55,440,0.0516
55,442,0.0522
55,444,0.0422
55,446,0.0273
55,448,0.0175
55,450,0.0136
55,452,0.0127
55,454,0.0138
55,456,0.0172
55,458,0.024
55,460,0.038
55,462,0.0679
55,464,0.1327
55,466,0.2547
55,468,0.4239
55,470,0.589
55,472,0.6984
55,474,0.7348
55,476,0.728
55,478,0.7261
55,480,0.7355
55,482,0.7453
55,484,0.7499
55,486,0.7559
55,488,0.7751
55,490,0.8239
55,492,0.8888
55,494,0.9333
55,496,0.9503
55,498,0.9597
55,500,0.966
55,502,0.9654
55,504,0.9632
55,506,0.9613
55,508,0.9662
55,510,0.9738
55,512,0.9808
55,514,0.9848
55,516,0.9848
55,518,0.9816
55,520,0.9771
55,522,0.9735
55,524,0.9717
55,526,0.9716
55,528,0.9725
55,530,0.9733
55,532,0.9736
55,534,0.9733
55,536,0.9728
55,538,0.9724
55,540,0.9721
55,542,0.972
55,544,0.9718
55,546,0.9715
55,548,0.9712
55,550,0.971
55,552,0.9711
55,554,0.9714
55,556,0.972
55,558,0.9722
55,560,0.9715
55,562,0.9699
55,564,0.9683
55,566,0.9662
55,568,0.9642
55,570,0.963
55,572,0.9627
55,574,0.9636
55,576,0.9653
55,578,0.9674
55,580,0.9695
55,582,0.971
55,584,0.9714
55,586,0.9709
55,588,0.9695
55,590,0.9676
55,592,0.9659
55,594,0.9648
55,596,0.9642
55,598,0.9647
55,600,0.966
55,602,0.9677
55,604,0.9694
55,606,0.9707
55,608,0.9715
55,610,0.9714
55,612,0.9706
55,614,0.9692
55,616,0.9675
55,618,0.9662
55,620,0.9653
55,622,0.9652
55,624,0.9659
55,626,0.9672
55,628,0.969
55,630,0.9709
55,632,0.9725
55,634,0.9738
55,636,0.9745
55,638,0.9744
55,640,0.9736
55,642,0.9723
55,644,0.9707
55,646,0.9692
55,648,0.9679
55,650,0.967
55,652,0.9667
55,654,0.9671
55,656,0.9681
55,658,0.9694
55,660,0.971
55,662,0.9726
55,664,0.974
55,666,0.975
55,668,0.9754
55,670,0.9756
55,672,0.9752
55,674,0.9745
55,676,0.9737
55,678,0.9727
55,680,0.9719
55,682,0.9714
55,684,0.9713
55,686,0.9716
55,688,0.9723
55,690,0.9734
55,692,0.9746
55,694,0.9758
55,696,0.9771
55,698,0.9781
55,700,0.9787
55,702,0.9791
55,704,0.9793
55,706,0.9789
55,708,0.9783
55,710,0.9775
55,712,0.9764
55,714,0.9755
55,716,0.9746
55,718,0.974
55,720,0.9736
55,722,0.9734
55,724,0.9736
55,726,0.9742
55,728,0.9749
55,730,0.9757
55,732,0.9768
55,734,0.9779
55,736,0.979
55,738,0.9799
55,740,0.9805
55,742,0.9811
55,744,0.9815
55,746,0.9816
55,748,0.9814
55,750,0.981
55,752,0.9806
55,754,0.9802
55,756,0.9797
55,758,0.9795
55,760,0.9793
55,762,0.9791
55,764,0.979
55,766,0.9791
55,768,0.9796
55,770,0.98
55,772,0.9806
55,774,0.9813
55,776,0.9817
55,778,0.9822
55,780,0.983
55,782,0.9833
55,784,0.9838
55,786,0.9841
55,788,0.9842
55,790,0.9843
55,792,0.9839
55,794,0.9837
55,796,0.9833
55,798,0.9826
55,800,0.9823
55,802,0.9819
55,804,0.9815
55,806,0.981
55,808,0.9806
55,810,0.9804
55,812,0.9803
55,814,0.9805
55,816,0.9807
55,818,0.9813
55,820,0.9813
55,822,0.9818
55,824,0.9823
55,826,0.9827
55,828,0.9837
55,830,0.9844
55,832,0.985
55,834,0.9856
55,836,0.9862
55,838,0.9868
55,840,0.9872
55,842,0.9876
55,844,0.9882
55,846,0.9885
55,848,0.9884
55,850,0.9885
55,852,0.9888
55,854,0.9892
55,856,0.9881
55,858,0.9887
55,860,0.989
55,862,0.9887
55,864,0.9886
55,866,0.9894
55,868,0.9889
55,870,0.9881
55,872,0.9889
55,874,0.9899
55,876,0.9886
55,878,0.9894
55,880,0.9905
55,882,0.9897
55,884,0.9911
55,886,0.9889
55,888,0.9884
55,890,0.9906
55,892,0.9916
55,894,0.9907
55,896,0.9904
55,898,0.9922
55,900,0.9882
60,250,0
60,252,0
60,254,0
60,256,0
60,258,0
60,260,0
60,262,0
60,264,0
60,266,0
60,268,0
60,270,0
60,272,0
60,274,0
60,276,0
60,278,0
60,280,0
60,282,0.0004
60,284,0.0023
60,286,0.0054
60,288,0.0078
60,290,0.0096
60,292,0.0106
60,294,0.0067
60,296,0.0033
60,298,0.0018
60,300,0.0016
60,302,0.0083
60,304,0.0242
60,306,0.0253
60,308,0.023
60,310,0.0137
60,312,0.0037
60,314,0.0013
60,316,0.0024
60,318,0.0245
60,320,0.1207
60,322,0.1651
60,324,0.0621
60,326,0.0114
60,328,0.012
60,330,0.0376
60,332,0.041
60,334,0.0156
60,336,0.0114
60,338,0.0116
60,340,0.0064
60,342,0.0031
60,344,0.0035
60,346,0.0071
60,348,0.012
60,350,0.0217
60,352,0.0433
60,354,0.037
60,356,0.0075
60,358,0.001
60,360,0.0003
60,362,0.0002
60,364,0.0001
60,366,0.0001
60,368,0.0001
60,370,0
60,372,0
60,374,0
60,376,0
60,378,0.0008
60,380,0.0024
60,382,0.0065
60,384,0.0113
60,386,0.0124
60,388,0.0096
60,390,0.0079
60,392,0.0087
60,394,0.0114
60,396,0.0144
60,398,0.0157
60,400,0.0143
60,402,0.0115
60,404,0.009
60,406,0.0074
60,408,0.0069
60,410,0.0075
60,412,0.0097
60,414,0.0148
60,416,0.0237
60,418,0.0337
60,420,0.039
60,422,0.037
60,424,0.0323
60,426,0.0329
60,428,0.0429
60,430,0.0625
60,432,0.0791
60,434,0.0783
60,436,0.0606
60,438,0.0376
60,440,0.0233
60,442,0.0173
60,444,0.0156
60,446,0.0165
60,448,0.02
60,450,0.0274
60,452,0.0428
60,454,0.0759
60,456,0.1461
60,458,0.2722
60,460,0.4412
60,462,0.6001
60,464,0.7005
60,466,0.7293
60,468,0.7292
60,470,0.7431
60,472,0.7718
60,474,0.7963
60,476,0.802
60,478,0.7872
60,480,0.7617
60,482,0.7478
60,484,0.7748
60,486,0.8466
60,488,0.9086
60,490,0.93
60,492,0.9348
60,494,0.9382
60,496,0.9368
60,498,0.9356
60,500,0.9397
60,502,0.9485
60,504,0.9578
60,506,0.9637
60,508,0.9644
60,510,0.9608
60,512,0.9551
60,514,0.9501
60,516,0.9476
60,518,0.9479
60,520,0.9501
60,522,0.9523
60,524,0.9536
60,526,0.9534
60,528,0.9522
60,530,0.9509
60,532,0.9501
60,534,0.9505
60,536,0.9514
60,538,0.9527
60,540,0.9537
60,542,0.9544
60,544,0.9545
60,546,0.9541
60,548,0.9534
60,550,0.952
60,552,0.9501
60,554,0.9477
60,556,0.9451
60,558,0.9427
60,560,0.9409
60,562,0.9401
60,564,0.9405
60,566,0.942
60,568,0.9442
60,570,0.9467
60,572,0.9489
60,574,0.9502
60,576,0.9505
60,578,0.9497
60,580,0.948
60,582,0.9462
60,584,0.9446
60,586,0.9439
60,588,0.944
60,590,0.9451
60,592,0.9468
60,594,0.9485
60,596,0.9499
60,598,0.9506
60,600,0.9503
60,602,0.9492
60,604,0.9474
60,606,0.9453
60,608,0.9433
60,610,0.942
60,612,0.9417
60,614,0.9424
60,616,0.9439
60,618,0.9461
60,620,0.9486
60,622,0.9508
60,624,0.9525
60,626,0.9533
60,628,0.9532
60,630,0.9521
60,632,0.9503
60,634,0.9482
60,636,0.9461
60,638,0.9443
60,640,0.9433
60,642,0.943
60,644,0.9435
60,646,0.9447
60,648,0.9464
60,650,0.9484
60,652,0.9503
60,654,0.952
60,656,0.9531
60,658,0.9536
60,660,0.9534
60,662,0.9527
60,664,0.9515
60,666,0.9501
60,668,0.949
60,670,0.9482
60,672,0.9477
60,674,0.9477
60,676,0.9483
60,678,0.9494
60,680,0.951
60,682,0.9529
60,684,0.9546
60,686,0.9562
60,688,0.9575
60,690,0.9585
60,692,0.9588
60,694,0.9586
60,696,0.9579
60,698,0.9569
60,700,0.9554
60,702,0.954
60,704,0.9527
60,706,0.9516
60,708,0.9508
60,710,0.9504
60,712,0.9504
60,714,0.9509
60,716,0.9518
60,718,0.953
60,720,0.9543
60,722,0.9558
60,724,0.9573
60,726,0.9586
60,728,0.9595
60,730,0.9602
60,732,0.9607
60,734,0.9608
60,736,0.9607
60,738,0.9602
60,740,0.9596
60,742,0.9589
60,744,0.9582
60,746,0.9576
60,748,0.9572
60,750,0.957
60,752,0.957
60,754,0.9573
60,756,0.9578
60,758,0.9585
60,760,0.9593
60,762,0.9602
60,764,0.9612
60,766,0.9621
60,768,0.963
60,770,0.9638
60,772,0.9642
60,774,0.9644
60,776,0.9645
60,778,0.9641
60,780,0.9638
60,782,0.9633
60,784,0.9624
60,786,0.9616
60,788,0.9605
60,790,0.9597
60,792,0.9589
60,794,0.9583
60,796,0.9581
60,798,0.9578
60,800,0.9575
60,802,0.9576
60,804,0.9578
60,806,0.9583
60,808,0.9589
60,810,0.9589
60,812,0.9597
60,814,0.9606
60,816,0.9615
60,818,0.9622
60,820,0.9632
60,822,0.964
60,824,0.9645
60,826,0.9649
60,828,0.9654
60,830,0.9659
60,832,0.9661
60,834,0.9664
60,836,0.9665
60,838,0.9663
60,840,0.9665
60,842,0.9666
60,844,0.9668
60,846,0.9665
60,848,0.9666
60,850,0.9662
60,852,0.9668
60,854,0.9669
60,856,0.9682
60,858,0.968
60,860,0.9677
60,862,0.9687
60,864,0.9687
60,866,0.9709
60,868,0.9698
60,870,0.9721
60,872,0.9717
60,874,0.9729
60,876,0.9745
60,878,0.9735
60,880,0.973
60,882,0.9754
60,884,0.975
60,886,0.9735
60,888,0.973
60,890,0.9706
60,892,0.972
60,894,0.9714
60,896,0.9734
60,898,0.9697
60,900,0.9749
65,250,0
65,252,0
65,254,0
65,256,0
65,258,0
65,260,0
65,262,0
65,264,0
65,266,0
65,268,0
65,270,0
65,272,0
65,274,0
65,276,0
65,278,0
65,280,0.0001
65,282,0.0009
65,284,0.0025
65,286,0.004
65,288,0.0049
65,290,0.0059
65,292,0.0042
65,294,0.0022
65,296,0.0013
65,298,0.002
65,300,0.0111
65,302,0.0244
65,304,0.0267
65,306,0.0237
65,308,0.0097
65,310,0.0024
65,312,0.0016
65,314,0.0072
65,316,0.0753
65,318,0.1915
65,320,0.1183
65,322,0.0252
65,324,0.0095
65,326,0.033
65,328,0.059
65,330,0.0336
65,332,0.0186
65,334,0.0191
65,336,0.012
65,338,0.0056
65,340,0.0054
65,342,0.0107
65,344,0.0197
65,346,0.0324
65,348,0.0637
65,350,0.0604
65,352,0.0157
65,354,0.0023
65,356,0.0007
65,358,0.0004
65,360,0.0003
65,362,0.0003
65,364,0.0003
65,366,0.0003
65,368,0.0004
65,370,0.0006
65,372,0.0012
65,374,0.0027
65,376,0.0074
65,378,0.0152
65,380,0.0179
65,382,0.0132
65,384,0.0095
65,386,0.0095
65,388,0.0129
65,390,0.0187
65,392,0.0221
65,394,0.0195
65,396,0.0141
65,398,0.0104
65,400,0.0089
65,402,0.0091
65,404,0.0111
65,406,0.0157
65,408,0.0239
65,410,0.0351
65,412,0.0458
65,414,0.0516
65,416,0.0521
65,418,0.0541
65,420,0.0659
65,422,0.0922
65,424,0.1215
65,426,0.126
65,428,0.0993
65,430,0.0616
65,432,0.0368
65,434,0.0257
65,436,0.0214
65,438,0.0208
65,440,0.023
65,442,0.029
65,444,0.0417
65,446,0.069
65,448,0.1253
65,450,0.2287
65,452,0.3772
65,454,0.5276
65,456,0.6234
65,458,0.6552
65,460,0.6671
65,462,0.6973
65,464,0.7452
65,466,0.7893
65,468,0.8104
65,470,0.8056
65,472,0.7859
65,474,0.7661
65,476,0.757
65,478,0.7679
65,480,0.8076
65,482,0.8605
65,484,0.8839
65,486,0.8828
65,488,0.8833
65,490,0.8808
65,492,0.8786
65,494,0.8846
65,496,0.8978
65,498,0.9106
65,500,0.9171
65,502,0.916
65,504,0.9115
65,506,0.9049
65,508,0.9035
65,510,0.9056
65,512,0.9098
65,514,0.9142
65,516,0.917
65,518,0.9174
65,520,0.9158
65,522,0.9135
65,524,0.9119
65,526,0.9121
65,528,0.9142
65,530,0.9173
65,532,0.9202
65,534,0.922
65,536,0.9221
65,538,0.9202
65,540,0.9172
65,542,0.9135
65,544,0.9096
65,546,0.9059
65,548,0.9026
65,550,0.9
65,552,0.8985
65,554,0.8981
65,556,0.8989
65,558,0.9007
65,560,0.9027
65,562,0.9047
65,564,0.9069
65,566,0.9081
65,568,0.9084
65,570,0.9078
65,572,0.9066
65,574,0.9054
65,576,0.9044
65,578,0.9043
65,580,0.905
65,582,0.9063
65,584,0.9078
65,586,0.9091
65,588,0.9097
65,590,0.9094
65,592,0.908
65,594,0.9058
65,596,0.9032
65,598,0.9008
65,600,0.8992
65,602,0.8985
65,604,0.8989
65,606,0.9005
65,608,0.9029
65,610,0.9057
65,612,0.9084
65,614,0.9106
65,616,0.9116
65,618,0.9115
65,620,0.9104
65,622,0.9082
65,624,0.9056
65,626,0.903
65,628,0.9009
65,630,0.8995
65,632,0.8991
65,634,0.8996
65,636,0.901
65,638,0.903
65,640,0.9053
65,642,0.9076
65,644,0.9095
65,646,0.9106
65,648,0.9108
65,650,0.9104
65,652,0.9092
65,654,0.9077
65,656,0.9061
65,658,0.9046
65,660,0.9037
65,662,0.9033
65,664,0.9037
65,666,0.9048
65,668,0.9065
65,670,0.9087
65,672,0.911
65,674,0.9133
65,676,0.9154
65,678,0.9169
65,680,0.9176
65,682,0.9178
65,684,0.9171
65,686,0.9158
65,688,0.9141
65,690,0.9122
65,692,0.9104
65,694,0.9088
65,696,0.9075
65,698,0.9067
65,700,0.9065
65,702,0.9069
65,704,0.9078
65,706,0.9092
65,708,0.9109
65,710,0.9129
65,712,0.9148
65,714,0.9166
65,716,0.918
65,718,0.9188
65,720,0.9195
65,722,0.9197
65,724,0.9192
65,726,0.9184
65,728,0.9177
65,730,0.9168
65,732,0.9158
65,734,0.9149
65,736,0.9143
65,738,0.9142
65,740,0.9142
65,742,0.9145
65,744,0.9154
65,746,0.9165
65,748,0.9176
65,750,0.9188
65,752,0.9202
65,754,0.9215
65,756,0.9227
65,758,0.9235
65,760,0.924
65,762,0.9243
65,764,0.9241
65,766,0.9236
65,768,0.9228
65,770,0.9217
65,772,0.9207
65,774,0.9195
65,776,0.9183
65,778,0.9169
65,780,0.9158
65,782,0.915
65,784,0.9142
65,786,0.9138
65,788,0.9137
65,790,0.9139
65,792,0.9142
65,794,0.9148
65,796,0.9156
65,798,0.9165
65,800,0.9177
65,802,0.919
65,804,0.9201
65,806,0.9209
65,808,0.9219
65,810,0.9224
65,812,0.9231
65,814,0.9239
65,816,0.9247
65,818,0.9246
65,820,0.9246
65,822,0.9246
65,824,0.9245
65,826,0.9241
65,828,0.924
65,830,0.9242
65,832,0.924
65,834,0.9243
65,836,0.9246
65,838,0.9245
65,840,0.9252
65,842,0.926
65,844,0.9263
65,846,0.9269
65,848,0.9277
65,850,0.9291
65,852,0.9305
65,854,0.9314
65,856,0.9318
65,858,0.9332
65,860,0.9332
65,862,0.9341
65,864,0.9355
65,866,0.936
65,868,0.936
65,870,0.9363
65,872,0.9366
65,874,0.936
65,876,0.936
65,878,0.9359
65,880,0.9346
65,882,0.9355
65,884,0.9345
65,886,0.935
65,888,0.9346
65,890,0.9346
65,892,0.9299
65,894,0.9306
65,896,0.9304
65,898,0.9289
65,900,0.929
70,250,0.0001
70,252,0.0001
70,254,0.0001
70,256,0.0001
70,258,0.0001
70,260,0.0001
70,262,0.0001
70,264,0.0001
70,266,0.0001
70,268,0.0001
70,270,0.0001
70,272,0.0001
70,274,0.0001
70,276,0.0001
70,278,0.0001
70,280,0.0003
70,282,0.001
70,284,0.0018
70,286,0.0023
70,288,0.0031
70,290,0.0027
70,292,0.0017
70,294,0.0011
70,296,0.002
70,298,0.0111
70,300,0.0241
70,302,0.0294
70,304,0.0235
70,306,0.0081
70,308,0.0022
70,310,0.0023
70,312,0.0168
70,314,0.1201
70,316,0.183
70,318,0.0676
70,320,0.0141
70,322,0.0171
70,324,0.059
70,326,0.0651
70,328,0.0313
70,330,0.0286
70,332,0.0235
70,334,0.0116
70,336,0.0082
70,338,0.0139
70,340,0.0287
70,342,0.0447
70,344,0.0813
70,346,0.1041
70,348,0.0432
70,350,0.007
70,352,0.0018
70,354,0.001
70,356,0.0007
70,358,0.0007
70,360,0.0007
70,362,0.0009
70,364,0.0013
70,366,0.0021
70,368,0.0036
70,370,0.0074
70,372,0.0159
70,374,0.0247
70,376,0.0222
70,378,0.014
70,380,0.0099
70,382,0.0114
70,384,0.0187
70,386,0.0296
70,388,0.0304
70,390,0.0207
70,392,0.0129
70,394,0.0101
70,396,0.0105
70,398,0.0137
70,400,0.0211
70,402,0.0334
70,404,0.0476
70,406,0.0575
70,408,0.0619
70,410,0.066
70,412,0.0777
70,414,0.1059
70,416,0.1538
70,418,0.1947
70,420,0.1867
70,422,0.132
70,424,0.0769
70,426,0.0471
70,428,0.034
70,430,0.0286
70,432,0.0276
70,434,0.0303
70,436,0.0377
70,438,0.0532
70,440,0.0842
70,442,0.1446
70,444,0.2477
70,446,0.3801
70,448,0.4856
70,450,0.5315
70,452,0.5427
70,454,0.565
70,456,0.6137
70,458,0.6742
70,460,0.7229
70,462,0.7451
70,464,0.7425
70,466,0.7294
70,468,0.7197
70,470,0.7184
70,472,0.7249
70,474,0.7431
70,476,0.7791
70,478,0.8089
70,480,0.811
70,482,0.8098
70,484,0.8102
70,486,0.8047
70,488,0.8033
70,490,0.8119
70,492,0.8241
70,494,0.8308
70,496,0.8289
70,498,0.8228
70,500,0.818
70,502,0.818
70,504,0.8223
70,506,0.828
70,508,0.8342
70,510,0.8389
70,512,0.8403
70,514,0.8393
70,516,0.8377
70,518,0.8378
70,520,0.8402
70,522,0.8448
70,524,0.8501
70,526,0.8542
70,528,0.8555
70,530,0.8536
70,532,0.8489
70,534,0.8428
70,536,0.8363
70,538,0.8308
70,540,0.8266
70,542,0.8237
70,544,0.8223
70,546,0.822
70,548,0.8228
70,550,0.8243
70,552,0.8259
70,554,0.8278
70,556,0.8294
70,558,0.8308
70,560,0.8314
70,562,0.8314
70,564,0.8317
70,566,0.8315
70,568,0.8315
70,570,0.8317
70,572,0.8324
70,574,0.8335
70,576,0.8345
70,578,0.835
70,580,0.8347
70,582,0.8334
70,584,0.8314
70,586,0.8288
70,588,0.8261
70,590,0.8237
70,592,0.822
70,594,0.8216
70,596,0.8225
70,598,0.8245
70,600,0.8271
70,602,0.83
70,604,0.8327
70,606,0.8345
70,608,0.8351
70,610,0.8346
70,612,0.8329
70,614,0.8302
70,616,0.8273
70,618,0.8246
70,620,0.8225
70,622,0.8216
70,624,0.8216
70,626,0.8227
70,628,0.8245
70,630,0.8268
70,632,0.8292
70,634,0.8313
70,636,0.8328
70,638,0.8334
70,640,0.8331
70,642,0.8321
70,644,0.8304
70,646,0.8284
70,648,0.8266
70,650,0.8254
70,652,0.8248
70,654,0.8251
70,656,0.8263
70,658,0.8282
70,660,0.8307
70,662,0.8336
70,664,0.8363
70,666,0.8388
70,668,0.8405
70,670,0.8415
70,672,0.8416
70,674,0.8409
70,676,0.8394
70,678,0.8374
70,680,0.8351
70,682,0.8327
70,684,0.8307
70,686,0.8292
70,688,0.8282
70,690,0.8283
70,692,0.829
70,694,0.83
70,696,0.8317
70,698,0.8337
70,700,0.8359
70,702,0.8382
70,704,0.8401
70,706,0.8416
70,708,0.8427
70,710,0.8432
70,712,0.8431
70,714,0.8424
70,716,0.8416
70,718,0.8405
70,720,0.8394
70,722,0.8383
70,724,0.8373
70,726,0.8368
70,728,0.8366
70,730,0.8369
70,732,0.8376
70,734,0.8386
70,736,0.84
70,738,0.8415
70,740,0.8431
70,742,0.8448
70,744,0.8463
70,746,0.8474
70,748,0.8483
70,750,0.8487
70,752,0.8487
70,754,0.8481
70,756,0.847
70,758,0.8459
70,760,0.8443
70,762,0.8428
70,764,0.841
70,766,0.8395
70,768,0.8382
70,770,0.8367
70,772,0.8358
70,774,0.8352
70,776,0.8349
70,778,0.835
70,780,0.8355
70,782,0.8362
70,784,0.8371
70,786,0.8384
70,788,0.8396
70,790,0.8411
70,792,0.8425
70,794,0.8438
70,796,0.8447
70,798,0.8453
70,800,0.8464
70,802,0.8469
70,804,0.8475
70,806,0.8475
70,808,0.8475
70,810,0.847
70,812,0.8476
70,814,0.8475
70,816,0.8472
70,818,0.847
70,820,0.8469
70,822,0.847
70,824,0.8472
70,826,0.8476
70,828,0.8479
70,830,0.8487
70,832,0.8494
70,834,0.8505
70,836,0.8518
70,838,0.8529
70,840,0.8543
70,842,0.8556
70,844,0.8567
70,846,0.8578
70,848,0.8595
70,850,0.8596
70,852,0.8606
70,854,0.8616
70,856,0.862
70,858,0.8629
70,860,0.8622
70,862,0.8626
70,864,0.8625
70,866,0.8618
70,868,0.8617
70,870,0.8616
70,872,0.8601
70,874,0.859
70,876,0.8591
70,878,0.857
70,880,0.8577
70,882,0.8547
70,884,0.8569
70,886,0.8558
70,888,0.8523
70,890,0.8537
70,892,0.8532
70,894,0.8562
70,896,0.8541
70,898,0.8532
70,900,0.8538
75,250,0.0352
75,252,0.0353
75,254,0.0354
75,256,0.0354
75,258,0.0354
75,260,0.0355
75,262,0.0354
75,264,0.0354
75,266,0.0356
75,268,0.0356
75,270,0.0355
75,272,0.0355
75,274,0.0357
75,276,0.0356
75,278,0.0356
75,280,0.0358
75,282,0.0363
75,284,0.0365
75,286,0.0369
75,288,0.037
75,290,0.0364
75,292,0.0358
75,294,0.0361
75,296,0.0426
75,298,0.0559
75,300,0.0641
75,302,0.0585
75,304,0.0431
75,306,0.0371
75,308,0.0371
75,310,0.0515
75,312,0.1454
75,314,0.1795
75,316,0.0816
75,318,0.0451
75,320,0.0529
75,322,0.0983
75,324,0.0912
75,326,0.0636
75,328,0.0644
75,330,0.0545
75,332,0.0436
75,334,0.0439
75,336,0.0582
75,338,0.0843
75,340,0.1101
75,342,0.1615
75,344,0.1489
75,346,0.0641
75,348,0.0366
75,350,0.0325
75,352,0.0319
75,354,0.0319
75,356,0.032
75,358,0.0324
75,360,0.0334
75,362,0.0352
75,364,0.0375
75,366,0.0413
75,368,0.0504
75,370,0.0628
75,372,0.0615
75,374,0.05
75,376,0.0449
75,378,0.0471
75,380,0.0493
75,382,0.0672
75,384,0.0707
75,386,0.0533
75,388,0.0426
75,390,0.0401
75,392,0.041
75,394,0.0463
75,396,0.0602
75,398,0.082
75,400,0.0966
75,402,0.0963
75,404,0.0926
75,406,0.0995
75,408,0.1254
75,410,0.1782
75,412,0.2474
75,414,0.2799
75,416,0.2356
75,418,0.1604
75,420,0.1087
75,422,0.0822
75,424,0.0691
75,426,0.0634
75,428,0.0625
75,430,0.0658
75,432,0.0746
75,434,0.0939
75,436,0.1319
75,438,0.1994
75,440,0.2929
75,442,0.3777
75,444,0.4165
75,446,0.4217
75,448,0.433
75,450,0.4674
75,452,0.5197
75,454,0.5718
75,456,0.6042
75,458,0.6118
75,460,0.6062
75,462,0.6019
75,464,0.6055
75,466,0.6149
75,468,0.6245
75,470,0.6347
75,472,0.6535
75,474,0.6721
75,476,0.6745
75,478,0.6797
75,480,0.6852
75,482,0.6807
75,484,0.6758
75,486,0.679
75,488,0.6863
75,490,0.6905
75,492,0.6881
75,494,0.6828
75,496,0.6803
75,498,0.6831
75,500,0.6892
75,502,0.6953
75,504,0.6991
75,506,0.7
75,508,0.699
75,510,0.6977
75,512,0.698
75,514,0.7007
75,516,0.7061
75,518,0.7124
75,520,0.7177
75,522,0.7203
75,524,0.7189
75,526,0.714
75,528,0.707
75,530,0.6997
75,532,0.6935
75,534,0.6892
75,536,0.6867
75,538,0.686
75,540,0.6863
75,542,0.6872
75,544,0.6884
75,546,0.6895
75,548,0.6903
75,550,0.6911
75,552,0.6923
75,554,0.6935
75,556,0.6948
75,558,0.6959
75,560,0.6969
75,562,0.6979
75,564,0.6991
75,566,0.6999
75,568,0.7004
75,570,0.7004
75,572,0.6999
75,574,0.6987
75,576,0.697
75,578,0.6946
75,580,0.6919
75,582,0.6894
75,584,0.6875
75,586,0.6866
75,588,0.6868
75,590,0.688
75,592,0.6899
75,594,0.6923
75,596,0.6947
75,598,0.6966
75,600,0.6977
75,602,0.6978
75,604,0.6967
75,606,0.6947
75,608,0.6921
75,610,0.6896
75,612,0.6874
75,614,0.686
75,616,0.6856
75,618,0.6861
75,620,0.6874
75,622,0.6893
75,624,0.6915
75,626,0.6935
75,628,0.695
75,630,0.6957
75,632,0.6956
75,634,0.6946
75,636,0.693
75,638,0.6913
75,640,0.6895
75,642,0.6881
75,644,0.6874
75,646,0.6876
75,648,0.6886
75,650,0.6902
75,652,0.6926
75,654,0.6954
75,656,0.6982
75,658,0.7006
75,660,0.7024
75,662,0.7036
75,664,0.7038
75,666,0.703
75,668,0.7015
75,670,0.6995
75,672,0.6973
75,674,0.695
75,676,0.6931
75,678,0.6915
75,680,0.6907
75,682,0.6904
75,684,0.6909
75,686,0.692
75,688,0.6936
75,690,0.6958
75,692,0.6982
75,694,0.7002
75,696,0.702
75,698,0.7034
75,700,0.7043
75,702,0.7046
75,704,0.7045
75,706,0.7038
75,708,0.7028
75,710,0.7016
75,712,0.7002
75,714,0.6992
75,716,0.6986
75,718,0.6981
75,720,0.698
75,722,0.6982
75,724,0.699
75,726,0.7002
75,728,0.7017
75,730,0.7033
75,732,0.705
75,734,0.7065
75,736,0.7079
75,738,0.7089
75,740,0.7094
75,742,0.7095
75,744,0.7092
75,746,0.7085
75,748,0.7074
75,750,0.706
75,752,0.7044
75,754,0.7026
75,756,0.7007
75,758,0.699
75,760,0.6976
75,762,0.6965
75,764,0.6956
75,766,0.6951
75,768,0.6949
75,770,0.6952
75,772,0.6959
75,774,0.6969
75,776,0.6978
75,778,0.6989
75,780,0.7001
75,782,0.7015
75,784,0.7027
75,786,0.7039
75,788,0.7049
75,790,0.7056
75,792,0.7064
75,794,0.7067
75,796,0.7071
75,798,0.7071
75,800,0.7069
75,802,0.7066
75,804,0.7064
75,806,0.7061
75,808,0.7061
75,810,0.7055
75,812,0.707
75,814,0.7074
75,816,0.7078
75,818,0.7084
75,820,0.709
75,822,0.7096
75,824,0.7107
75,826,0.7116
75,828,0.7126
75,830,0.7138
75,832,0.7148
75,834,0.7159
75,836,0.7167
75,838,0.718
75,840,0.7187
75,842,0.7192
75,844,0.7196
75,846,0.7196
75,848,0.7198
75,850,0.7195
75,852,0.7195
75,854,0.7194
75,856,0.7189
75,858,0.719
75,860,0.718
75,862,0.7169
75,864,0.7162
75,866,0.7168
75,868,0.7167
75,870,0.7152
75,872,0.7142
75,874,0.7146
75,876,0.715
75,878,0.7129
75,880,0.7132
75,882,0.7151
75,884,0.7156
75,886,0.7128
75,888,0.7138
75,890,0.7133
75,892,0.7193
75,894,0.7149
75,896,0.716
75,898,0.7203
75,900,0.7195
