0,250,0
0,252,0
0,254,0
0,256,0
0,258,0
0,260,0
0,262,0
0,264,0
0,266,0
0,268,0
0,270,0
0,272,0
0,274,0
0,276,0
0,278,0
0,280,0
0,282,0
0,284,0
0,286,0
0,288,0
0,290,0
0,292,0
0,294,0
0,296,0
0,298,0
0,300,0
0,302,0
0,304,0
0,306,0
0,308,0
0,310,0
0,312,0
0,314,0
0,316,0
0,318,0
0,320,0.0084
0,322,0.0095
0,324,0.0088
0,326,0.0069
0,328,0.0054
0,330,0.0055
0,332,0.0053
0,334,0.0045
0,336,0.0044
0,338,0.0043
0,340,0.0038
0,342,0.004
0,344,0.0044
0,346,0.0059
0,348,0.0085
0,350,0.0151
0,352,0.0283
0,354,0.0515
0,356,0.0862
0,358,0.1291
0,360,0.1778
0,362,0.2358
0,364,0.3013
0,366,0.362
0,368,0.4206
0,370,0.4874
0,372,0.5423
0,374,0.5793
0,376,0.6148
0,378,0.676
0,380,0.7177
0,382,0.7342
0,384,0.7422
0,386,0.77
0,388,0.8104
0,390,0.8398
0,392,0.8427
0,394,0.8343
0,396,0.8382
0,398,0.8574
0,400,0.8791
0,402,0.887
0,404,0.8749
0,406,0.8604
0,408,0.8558
0,410,0.8623
0,412,0.8773
0,414,0.8917
0,416,0.8951
0,418,0.8973
0,420,0.9003
0,422,0.9055
0,424,0.9145
0,426,0.9187
0,428,0.92
0,430,0.9189
0,432,0.917
0,434,0.9158
0,436,0.9128
0,438,0.9073
0,440,0.9021
0,442,0.8908
0,444,0.8654
0,446,0.7876
0,448,0.6326
0,450,0.4321
0,452,0.2579
0,454,0.1446
0,456,0.082
0,458,0.0489
0,460,0.0302
0,462,0.0183
0,464,0.0102
0,466,0.0042
0,468,0.0006
0,470,0
0,472,0
0,474,0
0,476,0
0,478,0
0,480,0
0,482,0
0,484,0.002
0,486,0.0036
0,488,0.0053
0,490,0.007
0,492,0.0088
0,494,0.011
0,496,0.0128
0,498,0.0141
0,500,0.0146
0,502,0.0144
0,504,0.0126
0,506,0.009
0,508,0.0048
0,510,0.0012
0,512,0
0,514,0
0,516,0
0,518,0
0,520,0
0,522,0
0,524,0
0,526,0
0,528,0
0,530,0
0,532,0
0,534,0
0,536,0
0,538,0.0006
0,540,0.0016
0,542,0.0028
0,544,0.0036
0,546,0.0037
0,548,0.0031
0,550,0.0022
0,552,0.0013
0,554,0.0011
0,556,0.0008
0,558,0.0006
0,560,0.0008
0,562,0.0018
0,564,0.0022
0,566,0.0021
0,568,0.0022
0,570,0.0024
0,572,0.0029
0,574,0.0037
0,576,0.005
0,578,0.0067
0,580,0.0082
0,582,0.008
0,584,0.0062
0,586,0.0042
0,588,0.0026
0,590,0.0019
0,592,0.0017
0,594,0.0013
0,596,0.001
0,598,0.0008
0,600,0.0008
0,602,0.0007
0,604,0.0006
0,606,0.0006
0,608,0.0007
0,610,0.0007
0,612,0.0007
0,614,0.0007
0,616,0.0008
0,618,0.0008
0,620,0.0007
0,622,0.0008
0,624,0.0009
0,626,0.0012
0,628,0.0013
0,630,0.0018
0,632,0.0027
0,634,0.0043
0,636,0.0068
0,638,0.0111
0,640,0.0162
0,642,0.0175
0,644,0.0136
0,646,0.0087
0,648,0.0054
0,650,0.0038
0,652,0.0028
0,654,0.0023
0,656,0.002
0,658,0.0015
0,660,0.0012
0,662,0.0013
0,664,0.0012
0,666,0.001
0,668,0.001
0,670,0.001
0,672,0.001
0,674,0.0011
0,676,0.0011
0,678,0.0008
0,680,0.0011
0,682,0.0015
0,684,0.0014
0,686,0.0018
0,688,0.0024
0,690,0.0025
0,692,0.0028
0,694,0.0035
0,696,0.0041
0,698,0.005
0,700,0.0065
0,702,0.0086
0,704,0.0115
0,706,0.0144
0,708,0.0172
0,710,0.0188
0,712,0.0183
0,714,0.0161
0,716,0.0132
0,718,0.0108
0,720,0.0091
0,722,0.0075
0,724,0.0062
0,726,0.0052
0,728,0.0046
0,730,0.0044
0,732,0.0038
0,734,0.0034
0,736,0.0035
0,738,0.0033
0,740,0.003
0,742,0.0032
0,744,0.0032
0,746,0.003
0,748,0.0026
0,750,0.0032
0,752,0.0033
0,754,0.0033
0,756,0.0036
0,758,0.0038
0,760,0.0043
0,762,0.0047
0,764,0.0056
0,766,0.0062
0,768,0.0071
0,770,0.0078
0,772,0.0091
0,774,0.0106
0,776,0.0125
0,778,0.0147
0,780,0.0175
0,782,0.0223
0,784,0.0267
0,786,0.0331
0,788,0.0422
0,790,0.0546
0,792,0.0714
0,794,0.0944
0,796,0.1258
0,798,0.1689
0,800,0.2248
0,802,0.2904
0,804,0.3536
0,806,0.3999
0,808,0.4158
0,810,0.4037
0,812,0.3742
0,814,0.3393
0,816,0.3067
0,818,0.2802
0,820,0.2583
0,822,0.2416
0,824,0.232
0,826,0.2242
0,828,0.2207
0,830,0.2203
0,832,0.2231
0,834,0.2285
0,836,0.2388
0,838,0.2515
0,840,0.2685
0,842,0.2914
0,844,0.3175
0,846,0.3521
0,848,0.3935
0,850,0.4412
0,852,0.4976
0,854,0.5596
0,856,0.6327
0,858,0.7013
0,860,0.7754
0,862,0.8221
0,864,0.8625
0,866,0.8734
0,868,0.8646
0,870,0.8431
0,872,0.7965
0,874,0.7453
0,876,0.6917
0,878,0.6487
0,880,0.5982
0,882,0.5395
0,884,0.5043
0,886,0.4726
0,888,0.4448
0,890,0.4262
0,892,0.4165
0,894,0.403
0,896,0.3917
0,898,0.3819
0,900,0.394
15,250,0
15,252,0
15,254,0
15,256,0
15,258,0
15,260,0
15,262,0
15,264,0
15,266,0
15,268,0
15,270,0
15,272,0
15,274,0
15,276,0
15,278,0
15,280,0
15,282,0
15,284,0
15,286,0
15,288,0
15,290,0
15,292,0
15,294,0
15,296,0
15,298,0
15,300,0
15,302,0
15,304,0
15,306,0
15,308,0
15,310,0
15,312,0
15,314,0
15,316,0
15,318,0
15,320,0.0033
15,322,0.0033
15,324,0.0032
15,326,0.003
15,328,0.0027
15,330,0.0022
15,332,0.0022
15,334,0.0021
15,336,0.0018
15,338,0.002
15,340,0.0016
15,342,0.0018
15,344,0.0028
15,346,0.0049
15,348,0.0093
15,350,0.0185
15,352,0.0344
15,354,0.0581
15,356,0.0903
15,358,0.1323
15,360,0.1778
15,362,0.2216
15,364,0.2731
15,366,0.34
15,368,0.3999
15,370,0.437
15,372,0.4748
15,374,0.5346
15,376,0.6026
15,378,0.66
15,380,0.7006
15,382,0.7345
15,384,0.7596
15,386,0.7752
15,388,0.7855
15,390,0.7994
15,392,0.8191
15,394,0.8368
15,396,0.842
15,398,0.8341
15,400,0.8286
15,402,0.8336
15,404,0.8423
15,406,0.8511
15,408,0.8537
15,410,0.8532
15,412,0.8534
15,414,0.8629
15,416,0.8747
15,418,0.8859
15,420,0.8925
15,422,0.8917
15,424,0.8883
15,426,0.8867
15,428,0.8846
15,430,0.8781
15,432,0.8663
15,434,0.8482
15,436,0.8187
15,438,0.7542
15,440,0.6315
15,442,0.4547
15,444,0.2776
15,446,0.1532
15,448,0.0848
15,450,0.0493
15,452,0.0304
15,454,0.0203
15,456,0.0143
15,458,0.0105
15,460,0.0075
15,462,0.005
15,464,0.0029
15,466,0.0012
15,468,0
15,470,0
15,472,0
15,474,0
15,476,0
15,478,0
15,480,0
15,482,0.0003
15,484,0.0022
15,486,0.0037
15,488,0.0053
15,490,0.0074
15,492,0.0097
15,494,0.011
15,496,0.0107
15,498,0.0095
15,500,0.008
15,502,0.0064
15,504,0.0046
15,506,0.0029
15,508,0.0015
15,510,0.0003
15,512,0
15,514,0
15,516,0
15,518,0
15,520,0
15,522,0
15,524,0
15,526,0.0008
15,528,0.0019
15,530,0.0032
15,532,0.0043
15,534,0.0046
15,536,0.0041
15,538,0.0032
15,540,0.0024
15,542,0.0018
15,544,0.0015
15,546,0.0012
15,548,0.0011
15,550,0.0011
15,552,0.0011
15,554,0.0012
15,556,0.0015
15,558,0.0018
15,560,0.0027
15,562,0.0042
15,564,0.0058
15,566,0.0075
15,568,0.009
15,570,0.0094
15,572,0.008
15,574,0.0058
15,576,0.004
15,578,0.0027
15,580,0.002
15,582,0.0016
15,584,0.0014
15,586,0.0011
15,588,0.0009
15,590,0.0008
15,592,0.0008
15,594,0.0009
15,596,0.0008
15,598,0.0008
15,600,0.0009
15,602,0.0008
15,604,0.001
15,606,0.0012
15,608,0.0014
15,610,0.0017
15,612,0.0023
15,614,0.0032
15,616,0.0046
15,618,0.0072
15,620,0.0114
15,622,0.0161
15,624,0.018
15,626,0.0157
15,628,0.0117
15,630,0.0086
15,632,0.0064
15,634,0.0046
15,636,0.0033
15,638,0.0025
15,640,0.0021
15,642,0.0017
15,644,0.0015
15,646,0.0013
15,648,0.0011
15,650,0.0011
15,652,0.0011
15,654,0.0011
15,656,0.0011
15,658,0.0011
15,660,0.0011
15,662,0.0013
15,664,0.0015
15,666,0.0017
15,668,0.0019
15,670,0.0021
15,672,0.0025
15,674,0.0031
15,676,0.0038
15,678,0.0048
15,680,0.0061
15,682,0.0081
15,684,0.0106
15,686,0.0135
15,688,0.0165
15,690,0.0188
15,692,0.0194
15,694,0.0184
15,696,0.0164
15,698,0.0141
15,700,0.0118
15,702,0.0097
15,704,0.0082
15,706,0.007
15,708,0.0061
15,710,0.0055
15,712,0.005
15,714,0.0046
15,716,0.0043
15,718,0.0041
15,720,0.004
15,722,0.0039
15,724,0.0039
15,726,0.0039
15,728,0.0038
15,730,0.004
15,732,0.0042
15,734,0.0044
15,736,0.0048
15,738,0.0051
15,740,0.0054
15,742,0.006
15,744,0.0068
15,746,0.0077
15,748,0.0085
15,750,0.0098
15,752,0.0112
15,754,0.0131
15,756,0.0157
15,758,0.0187
15,760,0.0227
15,762,0.0281
15,764,0.0349
15,766,0.0441
15,768,0.0567
15,770,0.074
15,772,0.0975
15,774,0.1296
15,776,0.1717
15,778,0.2238
15,780,0.2814
15,782,0.3361
15,784,0.3764
15,786,0.3953
15,788,0.3935
15,790,0.3783
15,792,0.3549
15,794,0.3281
15,796,0.303
15,798,0.2813
15,800,0.2643
15,802,0.2522
15,804,0.2445
15,806,0.241
15,808,0.2414
15,810,0.2463
15,812,0.2509
15,814,0.2615
15,816,0.2768
15,818,0.2969
15,820,0.3209
15,822,0.3519
15,824,0.3879
15,826,0.4299
15,828,0.4798
15,830,0.5337
15,832,0.5933
15,834,0.6548
15,836,0.7133
15,838,0.7637
15,840,0.7994
15,842,0.8186
15,844,0.8216
15,846,0.8071
15,848,0.7794
15,850,0.7427
15,852,0.6991
15,854,0.6518
15,856,0.611
15,858,0.5681
15,860,0.5381
15,862,0.4988
15,864,0.4735
15,866,0.447
15,868,0.4265
15,870,0.4127
15,872,0.3953
15,874,0.3898
15,876,0.383
15,878,0.3821
15,880,0.3806
15,882,0.3801
15,884,0.3793
15,886,0.3947
15,888,0.4054
15,890,0.4133
15,892,0.4204
15,894,0.4467
15,896,0.4661
15,898,0.4927
15,900,0.5218
25,250,0
25,252,0
25,254,0
25,256,0
25,258,0
25,260,0
25,262,0
25,264,0
25,266,0
25,268,0
25,270,0
25,272,0
25,274,0
25,276,0
25,278,0
25,280,0
25,282,0
25,284,0
25,286,0
25,288,0
25,290,0
25,292,0
25,294,0
25,296,0
25,298,0
25,300,0
25,302,0
25,304,0
25,306,0
25,308,0
25,310,0
25,312,0
25,314,0
25,316,0
25,318,0.001
25,320,0.0015
25,322,0.0013
25,324,0.0013
25,326,0.0011
25,328,0.001
25,330,0.0009
25,332,0.0007
25,334,0.0008
25,336,0.0006
25,338,0.0007
25,340,0.0009
25,342,0.0015
25,344,0.003
25,346,0.0062
25,348,0.0122
25,350,0.022
25,352,0.0357
25,354,0.0518
25,356,0.0719
25,358,0.1022
25,360,0.1405
25,362,0.1734
25,364,0.2038
25,366,0.2537
25,368,0.3346
25,370,0.4287
25,372,0.5059
25,374,0.5624
25,376,0.6079
25,378,0.6504
25,380,0.6914
25,382,0.7224
25,384,0.7477
25,386,0.7642
25,388,0.7724
25,390,0.7803
25,392,0.7886
25,394,0.7915
25,396,0.7912
25,398,0.7879
25,400,0.7919
25,402,0.8047
25,404,0.8238
25,406,0.8442
25,408,0.8551
25,410,0.8568
25,412,0.8498
25,414,0.8369
25,416,0.8205
25,418,0.7975
25,420,0.769
25,422,0.7358
25,424,0.6994
25,426,0.6622
25,428,0.5972
25,430,0.4746
25,432,0.3133
25,434,0.1769
25,436,0.0943
25,438,0.0517
25,440,0.0299
25,442,0.0184
25,444,0.0124
25,446,0.0092
25,448,0.0071
25,450,0.0058
25,452,0.0051
25,454,0.0047
25,456,0.0044
25,458,0.004
25,460,0.0036
25,462,0.0032
25,464,0.0028
25,466,0.0027
25,468,0.003
25,470,0.0037
25,472,0.0051
25,474,0.0069
25,476,0.0082
25,478,0.008
25,480,0.0064
25,482,0.0049
25,484,0.004
25,486,0.0033
25,488,0.003
25,490,0.003
25,492,0.0032
25,494,0.0034
25,496,0.0038
25,498,0.004
25,500,0.0041
25,502,0.0041
25,504,0.0039
25,506,0.004
25,508,0.0044
25,510,0.0053
25,512,0.0065
25,514,0.0076
25,516,0.0078
25,518,0.0071
25,520,0.0057
25,522,0.0044
25,524,0.0035
25,526,0.0029
25,528,0.0025
25,530,0.0024
25,532,0.0023
25,534,0.0025
25,536,0.0028
25,538,0.0033
25,540,0.0041
25,542,0.0052
25,544,0.0068
25,546,0.0092
25,548,0.0124
25,550,0.0154
25,552,0.0166
25,554,0.015
25,556,0.0117
25,558,0.0086
25,560,0.0064
25,562,0.0051
25,564,0.0042
25,566,0.0036
25,568,0.0032
25,570,0.003
25,572,0.0029
25,574,0.0029
25,576,0.0031
25,578,0.0033
25,580,0.0038
25,582,0.0046
25,584,0.0058
25,586,0.0078
25,588,0.0109
25,590,0.0154
25,592,0.0209
25,594,0.026
25,596,0.0284
25,598,0.0257
25,600,0.0192
25,602,0.013
25,604,0.0089
25,606,0.0064
25,608,0.005
25,610,0.0042
25,612,0.0039
25,614,0.0036
25,616,0.0031
25,618,0.0026
25,620,0.0023
25,622,0.0022
25,624,0.0021
25,626,0.002
25,628,0.0021
25,630,0.0021
25,632,0.0023
25,634,0.0024
25,636,0.0027
25,638,0.0031
25,640,0.0035
25,642,0.0041
25,644,0.0049
25,646,0.006
25,648,0.0075
25,650,0.0095
25,652,0.0121
25,654,0.0152
25,656,0.0185
25,658,0.0213
25,660,0.0231
25,662,0.0231
25,664,0.0215
25,666,0.0189
25,668,0.0162
25,670,0.0139
25,672,0.0121
25,674,0.0108
25,676,0.0097
25,678,0.0087
25,680,0.0078
25,682,0.0071
25,684,0.0066
25,686,0.0062
25,688,0.0059
25,690,0.0058
25,692,0.0058
25,694,0.0058
25,696,0.0059
25,698,0.006
25,700,0.0063
25,702,0.0067
25,704,0.0071
25,706,0.0077
25,708,0.0084
25,710,0.0093
25,712,0.0103
25,714,0.0117
25,716,0.0133
25,718,0.0154
25,720,0.0181
25,722,0.0215
25,724,0.0259
25,726,0.0316
25,728,0.0391
25,730,0.0492
25,732,0.0628
25,734,0.0811
25,736,0.1054
25,738,0.1373
25,740,0.1773
25,742,0.225
25,744,0.2777
25,746,0.3298
25,748,0.3727
25,750,0.3981
25,752,0.4026
25,754,0.3894
25,756,0.3666
25,758,0.3421
25,760,0.3209
25,762,0.3052
25,764,0.2955
25,766,0.2911
25,768,0.2902
25,770,0.2907
25,772,0.2918
25,774,0.295
25,776,0.3019
25,778,0.3132
25,780,0.3293
25,782,0.3506
25,784,0.3775
25,786,0.4101
25,788,0.4476
25,790,0.4905
25,792,0.5381
25,794,0.5872
25,796,0.6347
25,798,0.6804
25,800,0.7192
25,802,0.7468
25,804,0.7604
25,806,0.76
25,808,0.7473
25,810,0.7253
25,812,0.7014
25,814,0.6715
25,816,0.6411
25,818,0.613
25,820,0.5881
25,822,0.5652
25,824,0.5437
25,826,0.5229
25,828,0.5033
25,830,0.4847
25,832,0.4677
25,834,0.4523
25,836,0.4405
25,838,0.4326
25,840,0.4263
25,842,0.4255
25,844,0.4259
25,846,0.4294
25,848,0.4351
25,850,0.4433
25,852,0.4547
25,854,0.4677
25,856,0.4835
25,858,0.5017
25,860,0.5217
25,862,0.5436
25,864,0.5697
25,866,0.594
25,868,0.6227
25,870,0.65
25,872,0.6769
25,874,0.7058
25,876,0.7348
25,878,0.7659
25,880,0.7852
25,882,0.8145
25,884,0.8284
25,886,0.8509
25,888,0.8652
25,890,0.8682
25,892,0.8702
25,894,0.8686
25,896,0.8797
25,898,0.8891
25,900,0.8884
35,250,0
35,252,0
35,254,0
35,256,0
35,258,0
35,260,0
35,262,0
35,264,0
35,266,0
35,268,0
35,270,0
35,272,0
35,274,0
35,276,0
35,278,0
35,280,0
35,282,0
35,284,0
35,286,0
35,288,0
35,290,0
35,292,0
35,294,0
35,296,0
35,298,0
35,300,0
35,302,0
35,304,0
35,306,0
35,308,0
35,310,0
35,312,0
35,314,0
35,316,0
35,318,0.0006
35,320,0.0007
35,322,0.0006
35,324,0.0006
35,326,0.0005
35,328,0.0004
35,330,0.0004
35,332,0.0004
35,334,0.0004
35,336,0.0004
35,338,0.0005
35,340,0.0008
35,342,0.0013
35,344,0.0022
35,346,0.0038
35,348,0.0066
35,350,0.011
35,352,0.0175
35,354,0.0266
35,356,0.0429
35,358,0.0741
35,360,0.1245
35,362,0.1872
35,364,0.2543
35,366,0.3231
35,368,0.3889
35,370,0.4465
35,372,0.4935
35,374,0.53
35,376,0.5589
35,378,0.5841
35,380,0.6063
35,382,0.6241
35,384,0.6429
35,386,0.6588
35,388,0.6701
35,390,0.6766
35,392,0.6733
35,394,0.6602
35,396,0.6486
35,398,0.645
35,400,0.6456
35,402,0.645
35,404,0.6351
35,406,0.6186
35,408,0.6022
35,410,0.5832
35,412,0.5357
35,414,0.4308
35,416,0.2863
35,418,0.1648
35,420,0.0915
35,422,0.0526
35,424,0.032
35,426,0.021
35,428,0.0149
35,430,0.0112
35,432,0.0091
35,434,0.0077
35,436,0.007
35,438,0.0067
35,440,0.0068
35,442,0.0073
35,444,0.0086
35,446,0.0107
35,448,0.0132
35,450,0.016
35,452,0.0182
35,454,0.0186
35,456,0.0165
35,458,0.0132
35,460,0.0101
35,462,0.0078
35,464,0.0061
35,466,0.005
35,468,0.0043
35,470,0.004
35,472,0.0039
35,474,0.0042
35,476,0.0047
35,478,0.0055
35,480,0.0067
35,482,0.0085
35,484,0.0109
35,486,0.0135
35,488,0.0157
35,490,0.0169
35,492,0.0166
35,494,0.0152
35,496,0.0135
35,498,0.0122
35,500,0.0112
35,502,0.0105
35,504,0.0101
35,506,0.0102
35,508,0.0108
35,510,0.0121
35,512,0.0143
35,514,0.0181
35,516,0.0239
35,518,0.032
35,520,0.0423
35,522,0.0532
35,524,0.0621
35,526,0.0655
35,528,0.0617
35,530,0.0535
35,532,0.0451
35,534,0.0389
35,536,0.0354
35,538,0.0343
35,540,0.0355
35,542,0.039
35,544,0.0449
35,546,0.0527
35,548,0.0618
35,550,0.0714
35,552,0.0798
35,554,0.0837
35,556,0.0785
35,558,0.0644
35,560,0.0471
35,562,0.0328
35,564,0.0232
35,566,0.0171
35,568,0.0132
35,570,0.0107
35,572,0.009
35,574,0.0078
35,576,0.007
35,578,0.0065
35,580,0.0062
35,582,0.006
35,584,0.0061
35,586,0.0063
35,588,0.0066
35,590,0.0071
35,592,0.0078
35,594,0.0086
35,596,0.0098
35,598,0.0115
35,600,0.0137
35,602,0.0165
35,604,0.02
35,606,0.0239
35,608,0.0283
35,610,0.0328
35,612,0.0367
35,614,0.0393
35,616,0.0397
35,618,0.0378
35,620,0.0342
35,622,0.0298
35,624,0.0256
35,626,0.022
35,628,0.0191
35,630,0.0169
35,632,0.0153
35,634,0.0141
35,636,0.0132
35,638,0.0127
35,640,0.0124
35,642,0.0124
35,644,0.0125
35,646,0.0127
35,648,0.0129
35,650,0.0133
35,652,0.0139
35,654,0.0148
35,656,0.016
35,658,0.0176
35,660,0.0196
35,662,0.0221
35,664,0.0253
35,666,0.0294
35,668,0.0346
35,670,0.0415
35,672,0.0503
35,674,0.0619
35,676,0.0769
35,678,0.0961
35,680,0.1204
35,682,0.1506
35,684,0.1872
35,686,0.23
35,688,0.2787
35,690,0.3299
35,692,0.3803
35,694,0.424
35,696,0.4531
35,698,0.4642
35,700,0.4585
35,702,0.4413
35,704,0.4188
35,706,0.3964
35,708,0.3771
35,710,0.3627
35,712,0.3534
35,714,0.3494
35,716,0.3508
35,718,0.3566
35,720,0.3673
35,722,0.3836
35,724,0.4048
35,726,0.431
35,728,0.4621
35,730,0.498
35,732,0.5381
35,734,0.5799
35,736,0.6193
35,738,0.6551
35,740,0.686
35,742,0.7121
35,744,0.7301
35,746,0.7395
35,748,0.7394
35,750,0.7301
35,752,0.7124
35,754,0.6891
35,756,0.6623
35,758,0.633
35,760,0.6046
35,762,0.5782
35,764,0.5543
35,766,0.5338
35,768,0.5165
35,770,0.5033
35,772,0.4936
35,774,0.4879
35,776,0.4864
35,778,0.4889
35,780,0.496
35,782,0.507
35,784,0.5207
35,786,0.5361
35,788,0.552
35,790,0.5652
35,792,0.576
35,794,0.5845
35,796,0.5931
35,798,0.603
35,800,0.6163
35,802,0.6312
35,804,0.649
35,806,0.668
35,808,0.6889
35,810,0.709
35,812,0.7269
35,814,0.7462
35,816,0.7654
35,818,0.7828
35,820,0.7988
35,822,0.8114
35,824,0.8226
35,826,0.8317
35,828,0.8371
35,830,0.8417
35,832,0.8445
35,834,0.8451
35,836,0.8438
35,838,0.8417
35,840,0.8382
35,842,0.8366
35,844,0.8334
35,846,0.8313
35,848,0.8298
35,850,0.8278
35,852,0.8277
35,854,0.8276
35,856,0.8286
35,858,0.8309
35,860,0.8331
35,862,0.8356
35,864,0.8363
35,866,0.8368
35,868,0.8414
35,870,0.8406
35,872,0.8437
35,874,0.8446
35,876,0.8473
35,878,0.8481
35,880,0.8534
35,882,0.8566
35,884,0.8652
35,886,0.8656
35,888,0.8724
35,890,0.8761
35,892,0.8761
35,894,0.8789
35,896,0.8805
35,898,0.889
35,900,0.8849
45,250,0
45,252,0
45,254,0
45,256,0
45,258,0
45,260,0
45,262,0
45,264,0
45,266,0
45,268,0
45,270,0
45,272,0
45,274,0
45,276,0
45,278,0
45,280,0
45,282,0
45,284,0
45,286,0
45,288,0
45,290,0
45,292,0
45,294,0
45,296,0
45,298,0
45,300,0
45,302,0
45,304,0
45,306,0
45,308,0
45,310,0
45,312,0
45,314,0
45,316,0
45,318,0
45,320,0.0003
45,322,0.0003
45,324,0.0003
45,326,0.0003
45,328,0.0003
45,330,0.0002
45,332,0.0002
45,334,0.0002
45,336,0.0002
45,338,0.0003
45,340,0.0004
45,342,0.0007
45,344,0.0014
45,346,0.0027
45,348,0.0057
45,350,0.012
45,352,0.024
45,354,0.0435
45,356,0.071
45,358,0.1066
45,360,0.148
45,362,0.1922
45,364,0.237
45,366,0.2757
45,368,0.2992
45,370,0.3118
45,372,0.3307
45,374,0.3631
45,376,0.4041
45,378,0.4436
45,380,0.4763
45,382,0.5006
45,384,0.5262
45,386,0.5509
45,388,0.5634
45,390,0.5588
45,392,0.5441
45,394,0.5292
45,396,0.5067
45,398,0.4514
45,400,0.3508
45,402,0.234
45,404,0.1426
45,406,0.087
45,408,0.0565
45,410,0.0399
45,412,0.0306
45,414,0.0252
45,416,0.0225
45,418,0.0216
45,420,0.0222
45,422,0.0243
45,424,0.0277
45,426,0.032
45,428,0.036
45,430,0.0382
45,432,0.037
45,434,0.0325
45,436,0.0264
45,438,0.0211
45,440,0.0173
45,442,0.0148
45,444,0.0136
45,446,0.0134
45,448,0.014
45,450,0.0155
45,452,0.018
45,454,0.0219
45,456,0.0273
45,458,0.0338
45,460,0.0408
45,462,0.047
45,464,0.0507
45,466,0.0508
45,468,0.0477
45,470,0.0431
45,472,0.0388
45,474,0.0356
45,476,0.0342
45,478,0.0344
45,480,0.0362
45,482,0.0402
45,484,0.0476
45,486,0.0603
45,488,0.0798
45,490,0.1079
45,492,0.1465
45,494,0.1956
45,496,0.2509
45,498,0.3032
45,500,0.3428
45,502,0.3659
45,504,0.3767
45,506,0.3832
45,508,0.3896
45,510,0.3955
45,512,0.3959
45,514,0.3833
45,516,0.3518
45,518,0.3017
45,520,0.24
45,522,0.1788
45,524,0.1284
45,526,0.0923
45,528,0.0688
45,530,0.0533
45,532,0.043
45,534,0.0362
45,536,0.0316
45,538,0.0286
45,540,0.0267
45,542,0.0257
45,544,0.0256
45,546,0.0262
45,548,0.0275
45,550,0.0296
45,552,0.0327
45,554,0.0368
45,556,0.0418
45,558,0.0479
45,560,0.0549
45,562,0.0625
45,564,0.0702
45,566,0.0771
45,568,0.0824
45,570,0.085
45,572,0.0843
45,574,0.0803
45,576,0.0738
45,578,0.066
45,580,0.0582
45,582,0.0513
45,584,0.0455
45,586,0.041
45,588,0.0377
45,590,0.0353
45,592,0.0336
45,594,0.0327
45,596,0.0324
45,598,0.0327
45,600,0.0336
45,602,0.035
45,604,0.0371
45,606,0.0401
45,608,0.0439
45,610,0.0489
45,612,0.0554
45,614,0.0637
45,616,0.0741
45,618,0.0872
45,620,0.1035
45,622,0.1238
45,624,0.1485
45,626,0.1783
45,628,0.2132
45,630,0.2534
45,632,0.2986
45,634,0.3473
45,636,0.3968
45,638,0.4438
45,640,0.4848
45,642,0.5162
45,644,0.5354
45,646,0.5423
45,648,0.5382
45,650,0.5263
45,652,0.5111
45,654,0.4958
45,656,0.483
45,658,0.4741
45,660,0.4701
45,662,0.4712
45,664,0.4769
45,666,0.4872
45,668,0.5015
45,670,0.5196
45,672,0.5409
45,674,0.5649
45,676,0.5906
45,678,0.617
45,680,0.6428
45,682,0.6671
45,684,0.6886
45,686,0.7055
45,688,0.7175
45,690,0.7242
45,692,0.7249
45,694,0.7203
45,696,0.7111
45,698,0.699
45,700,0.6849
45,702,0.6684
45,704,0.6497
45,706,0.6298
45,708,0.6106
45,710,0.5937
45,712,0.5799
45,714,0.5692
45,716,0.5613
45,718,0.5562
45,720,0.5537
45,722,0.5538
45,724,0.556
45,726,0.561
45,728,0.5681
45,730,0.5769
45,732,0.5879
45,734,0.6012
45,736,0.6159
45,738,0.6322
45,740,0.6503
45,742,0.6704
45,744,0.6928
45,746,0.717
45,748,0.7435
45,750,0.7712
45,752,0.7988
45,754,0.8238
45,756,0.8419
45,758,0.8514
45,760,0.8524
45,762,0.8495
45,764,0.8445
45,766,0.8398
45,768,0.8355
45,770,0.832
45,772,0.8289
45,774,0.8253
45,776,0.8216
45,778,0.8179
45,780,0.8148
45,782,0.8118
45,784,0.8084
45,786,0.8061
45,788,0.8047
45,790,0.8038
45,792,0.8035
45,794,0.8043
45,796,0.8061
45,798,0.8086
45,800,0.8128
45,802,0.8179
45,804,0.8239
45,806,0.831
45,808,0.8387
45,810,0.8468
45,812,0.8556
45,814,0.8648
45,816,0.8741
45,818,0.8825
45,820,0.8896
45,822,0.8958
45,824,0.9001
45,826,0.9033
45,828,0.9036
45,830,0.9033
45,832,0.9015
45,834,0.8995
45,836,0.8961
45,838,0.893
45,840,0.8888
45,842,0.8849
45,844,0.8816
45,846,0.878
45,848,0.8743
45,850,0.8695
45,852,0.8667
45,854,0.8628
45,856,0.8596
45,858,0.8563
45,860,0.8542
45,862,0.8513
45,864,0.8502
45,866,0.8489
45,868,0.8468
45,870,0.8423
45,872,0.8434
45,874,0.8431
45,876,0.8447
45,878,0.8446
45,880,0.8448
45,882,0.8418
45,884,0.8438
45,886,0.8452
45,888,0.8441
45,890,0.8471
45,892,0.8457
45,894,0.843
45,896,0.846
45,898,0.8526
45,900,0.852
55,250,0
55,252,0
55,254,0
55,256,0
55,258,0
55,260,0
55,262,0
55,264,0
55,266,0
55,268,0
55,270,0
55,272,0
55,274,0
55,276,0
55,278,0
55,280,0
55,282,0
55,284,0
55,286,0
55,288,0
55,290,0
55,292,0
55,294,0
55,296,0
55,298,0
55,300,0
55,302,0
55,304,0
55,306,0
55,308,0
55,310,0
55,312,0
55,314,0
55,316,0
55,318,0
55,320,0.0002
55,322,0.0002
55,324,0.0002
55,326,0.0002
55,328,0.0002
55,330,0.0002
55,332,0.0002
55,334,0.0001
55,336,0.0002
55,338,0.0003
55,340,0.0004
55,342,0.0009
55,344,0.0022
55,346,0.0048
55,348,0.0098
55,350,0.0182
55,352,0.0307
55,354,0.0475
55,356,0.0673
55,358,0.0894
55,360,0.1144
55,362,0.1453
55,364,0.184
55,366,0.2273
55,368,0.2703
55,370,0.3118
55,372,0.3547
55,374,0.3973
55,376,0.4291
55,378,0.444
55,380,0.4483
55,382,0.4484
55,384,0.4394
55,386,0.4009
55,388,0.3264
55,390,0.2397
55,392,0.1681
55,394,0.1207
55,396,0.0926
55,398,0.0775
55,400,0.0706
55,402,0.0695
55,404,0.0729
55,406,0.0798
55,408,0.0878
55,410,0.0933
55,412,0.0932
55,414,0.0865
55,416,0.0752
55,418,0.0634
55,420,0.0539
55,422,0.0477
55,424,0.0446
55,426,0.0445
55,428,0.0472
55,430,0.053
55,432,0.0622
55,434,0.075
55,436,0.0908
55,438,0.107
55,440,0.1209
55,442,0.1299
55,444,0.133
55,446,0.1326
55,448,0.1316
55,450,0.1324
55,452,0.1377
55,454,0.1503
55,456,0.1723
55,458,0.2059
55,460,0.2529
55,462,0.3149
55,464,0.3906
55,466,0.4745
55,468,0.5578
55,470,0.6324
55,472,0.6909
55,474,0.7283
55,476,0.7435
55,478,0.7394
55,480,0.7178
55,482,0.6804
55,484,0.635
55,486,0.583
55,488,0.5191
55,490,0.446
55,492,0.371
55,494,0.3021
55,496,0.246
55,498,0.2041
55,500,0.1742
55,502,0.1533
55,504,0.1391
55,506,0.1303
55,508,0.1261
55,510,0.1257
55,512,0.1287
55,514,0.1351
55,516,0.1446
55,518,0.1567
55,520,0.1707
55,522,0.1855
55,524,0.1998
55,526,0.2117
55,528,0.2195
55,530,0.2224
55,532,0.2198
55,534,0.2116
55,536,0.1989
55,538,0.1834
55,540,0.1667
55,542,0.1506
55,544,0.1363
55,546,0.1245
55,548,0.1156
55,550,0.1092
55,552,0.1052
55,554,0.1034
55,556,0.1035
55,558,0.1057
55,560,0.1098
55,562,0.1161
55,564,0.1249
55,566,0.1364
55,568,0.1511
55,570,0.1693
55,572,0.1915
55,574,0.2183
55,576,0.2495
55,578,0.2849
55,580,0.3246
55,582,0.3672
55,584,0.4111
55,586,0.4548
55,588,0.4968
55,590,0.5351
55,592,0.5677
55,594,0.5934
55,596,0.6112
55,598,0.621
55,600,0.6238
55,602,0.6212
55,604,0.6148
55,606,0.6073
55,608,0.6006
55,610,0.5958
55,612,0.5936
55,614,0.5946
55,616,0.599
55,618,0.6062
55,620,0.616
55,622,0.6279
55,624,0.6411
55,626,0.6553
55,628,0.6696
55,630,0.6831
55,632,0.6954
55,634,0.7058
55,636,0.714
55,638,0.7196
55,640,0.7223
55,642,0.7225
55,644,0.72
55,646,0.7151
55,648,0.7082
55,650,0.7001
55,652,0.6915
55,654,0.6828
55,656,0.6744
55,658,0.6666
55,660,0.6602
55,662,0.6555
55,664,0.6525
55,666,0.6511
55,668,0.6518
55,670,0.6543
55,672,0.6581
55,674,0.6628
55,676,0.6676
55,678,0.6724
55,680,0.6776
55,682,0.6839
55,684,0.6911
55,686,0.6993
55,688,0.708
55,690,0.7169
55,692,0.7257
55,694,0.7342
55,696,0.7424
55,698,0.7499
55,700,0.7569
55,702,0.7635
55,704,0.7691
55,706,0.7742
55,708,0.7788
55,710,0.7828
55,712,0.7868
55,714,0.7911
55,716,0.7966
55,718,0.8039
55,720,0.8146
55,722,0.8289
55,724,0.843
55,726,0.8535
55,728,0.8582
55,730,0.8559
55,732,0.8471
55,734,0.8356
55,736,0.8255
55,738,0.8182
55,740,0.8135
55,742,0.8108
55,744,0.8093
55,746,0.8092
55,748,0.8098
55,750,0.8111
55,752,0.8131
55,754,0.8152
55,756,0.817
55,758,0.8195
55,760,0.8227
55,762,0.8264
55,764,0.8302
55,766,0.8345
55,768,0.8396
55,770,0.8453
55,772,0.8516
55,774,0.8586
55,776,0.8663
55,778,0.8748
55,780,0.8828
55,782,0.8899
55,784,0.896
55,786,0.9004
55,788,0.9021
55,790,0.9011
55,792,0.8983
55,794,0.8934
55,796,0.8886
55,798,0.8833
55,800,0.8771
55,802,0.8717
55,804,0.867
55,806,0.8634
55,808,0.8615
55,810,0.8598
55,812,0.8589
55,814,0.8583
55,816,0.8586
55,818,0.8595
55,820,0.8607
55,822,0.8622
55,824,0.8643
55,826,0.8669
55,828,0.8702
55,830,0.8741
55,832,0.8778
55,834,0.8819
55,836,0.8858
55,838,0.8898
55,840,0.8936
55,842,0.8967
55,844,0.8993
55,846,0.9022
55,848,0.9033
55,850,0.905
55,852,0.9055
55,854,0.9062
55,856,0.905
55,858,0.9048
55,860,0.9038
55,862,0.9005
55,864,0.901
55,866,0.8987
55,868,0.898
55,870,0.899
55,872,0.8954
55,874,0.8941
55,876,0.8915
55,878,0.8942
55,880,0.8953
55,882,0.8931
55,884,0.8928
55,886,0.8943
55,888,0.8902
55,890,0.8951
55,892,0.8931
55,894,0.8972
55,896,0.8916
55,898,0.8943
55,900,0.8964
65,250,0
65,252,0
65,254,0
65,256,0
65,258,0
65,260,0
65,262,0
65,264,0
65,266,0
65,268,0
65,270,0
65,272,0
65,274,0
65,276,0
65,278,0
65,280,0
65,282,0
65,284,0
65,286,0
65,288,0
65,290,0
65,292,0
65,294,0
65,296,0
65,298,0
65,300,0
65,302,0
65,304,0
65,306,0
65,308,0
65,310,0
65,312,0
65,314,0
65,316,0
65,318,0.0001
65,320,0.0002
65,322,0.0002
65,324,0.0002
65,326,0.0002
65,328,0.0002
65,330,0.0002
65,332,0.0001
65,334,0.0001
65,336,0.0002
65,338,0.0003
65,340,0.0007
65,342,0.0014
65,344,0.003
65,346,0.0058
65,348,0.0106
65,350,0.018
65,352,0.0292
65,354,0.0453
65,356,0.0677
65,358,0.0961
65,360,0.1302
65,362,0.17
65,364,0.2124
65,366,0.2516
65,368,0.2845
65,370,0.3138
65,372,0.3394
65,374,0.354
65,376,0.3453
65,378,0.3145
65,380,0.2719
65,382,0.2378
65,384,0.217
65,386,0.2101
65,388,0.215
65,390,0.2278
65,392,0.2409
65,394,0.2463
65,396,0.2384
65,398,0.2189
65,400,0.1956
65,402,0.1757
65,404,0.1637
65,406,0.1616
65,408,0.1698
65,410,0.1881
65,412,0.2163
65,414,0.2521
65,416,0.2907
65,418,0.3255
65,420,0.3511
65,422,0.3671
65,424,0.3757
65,426,0.3828
65,428,0.3948
65,430,0.416
65,432,0.448
65,434,0.4903
65,436,0.5384
65,438,0.5858
65,440,0.6273
65,442,0.6588
65,444,0.6791
65,446,0.6963
65,448,0.7119
65,450,0.7244
65,452,0.7373
65,454,0.7505
65,456,0.7604
65,458,0.761
65,460,0.7481
65,462,0.7193
65,464,0.6756
65,466,0.622
65,468,0.5665
65,470,0.5155
65,472,0.4726
65,474,0.4404
65,476,0.4192
65,478,0.4075
65,480,0.4024
65,482,0.4014
65,484,0.4096
65,486,0.4279
65,488,0.4507
65,490,0.4748
65,492,0.497
65,494,0.5147
65,496,0.5248
65,498,0.5257
65,500,0.5174
65,502,0.5011
65,504,0.4797
65,506,0.4569
65,508,0.436
65,510,0.4191
65,512,0.4073
65,514,0.4009
65,516,0.4001
65,518,0.4048
65,520,0.4144
65,522,0.4289
65,524,0.4479
65,526,0.4709
65,528,0.4968
65,530,0.5249
65,532,0.5543
65,534,0.5841
65,536,0.6133
65,538,0.6401
65,540,0.6642
65,542,0.6848
65,544,0.7015
65,546,0.714
65,548,0.7222
65,550,0.7266
65,552,0.7278
65,554,0.7264
65,556,0.7234
65,558,0.7198
65,560,0.7162
65,562,0.7131
65,564,0.7112
65,566,0.7104
65,568,0.7108
65,570,0.7123
65,572,0.7146
65,574,0.7177
65,576,0.7211
65,578,0.7245
65,580,0.7278
65,582,0.7306
65,584,0.733
65,586,0.7348
65,588,0.7361
65,590,0.7367
65,592,0.7367
65,594,0.7362
65,596,0.7354
65,598,0.7346
65,600,0.7337
65,602,0.7327
65,604,0.7318
65,606,0.7312
65,608,0.7308
65,610,0.7307
65,612,0.7311
65,614,0.732
65,616,0.7333
65,618,0.7346
65,620,0.7361
65,622,0.7381
65,624,0.7403
65,626,0.7425
65,628,0.7448
65,630,0.7471
65,632,0.7493
65,634,0.7515
65,636,0.7536
65,638,0.7555
65,640,0.7578
65,642,0.7604
65,644,0.763
65,646,0.7651
65,648,0.7669
65,650,0.768
65,652,0.7685
65,654,0.7686
65,656,0.7691
65,658,0.7699
65,660,0.7708
65,662,0.7719
65,664,0.773
65,666,0.7741
65,668,0.7754
65,670,0.7766
65,672,0.7779
65,674,0.7792
65,676,0.7805
65,678,0.7818
65,680,0.7831
65,682,0.7844
65,684,0.7857
65,686,0.7873
65,688,0.7891
65,690,0.792
65,692,0.7972
65,694,0.8064
65,696,0.8212
65,698,0.8386
65,700,0.8517
65,702,0.8575
65,704,0.8558
65,706,0.8473
65,708,0.8355
65,710,0.8252
65,712,0.8188
65,714,0.8155
65,716,0.8141
65,718,0.8142
65,720,0.8149
65,722,0.8158
65,724,0.8175
65,726,0.8196
65,728,0.8217
65,730,0.8246
65,732,0.8284
65,734,0.8324
65,736,0.8377
65,738,0.8438
65,740,0.8509
65,742,0.86
65,744,0.8711
65,746,0.8836
65,748,0.8967
65,750,0.9094
65,752,0.9195
65,754,0.9263
65,756,0.9288
65,758,0.9269
65,760,0.9221
65,762,0.9154
65,764,0.9082
65,766,0.9009
65,768,0.8946
65,770,0.8894
65,772,0.8856
65,774,0.8828
65,776,0.8811
65,778,0.8802
65,780,0.8799
65,782,0.8806
65,784,0.8815
65,786,0.883
65,788,0.8852
65,790,0.8877
65,792,0.8907
65,794,0.8941
65,796,0.8979
65,798,0.9019
65,800,0.9061
65,802,0.9097
65,804,0.9135
65,806,0.9164
65,808,0.9186
65,810,0.9202
65,812,0.9217
65,814,0.9215
65,816,0.9201
65,818,0.9182
65,820,0.916
65,822,0.9138
65,824,0.9115
65,826,0.9094
65,828,0.9077
65,830,0.9065
65,832,0.9058
65,834,0.9047
65,836,0.9035
65,838,0.9029
65,840,0.9032
65,842,0.9029
65,844,0.9033
65,846,0.9037
65,848,0.904
65,850,0.9042
65,852,0.9051
65,854,0.906
65,856,0.9058
65,858,0.9069
65,860,0.9072
65,862,0.9072
65,864,0.9093
65,866,0.9104
65,868,0.9123
65,870,0.9137
65,872,0.9129
65,874,0.9134
65,876,0.9159
65,878,0.9169
65,880,0.9185
65,882,0.9197
65,884,0.9215
65,886,0.9232
65,888,0.9272
65,890,0.9239
65,892,0.928
65,894,0.9312
65,896,0.9316
65,898,0.9351
65,900,0.9352
70,250,0
70,252,0
70,254,0
70,256,0
70,258,0
70,260,0
70,262,0
70,264,0
70,266,0
70,268,0
70,270,0
70,272,0
70,274,0
70,276,0
70,278,0
70,280,0
70,282,0
70,284,0
70,286,0
70,288,0
70,290,0
70,292,0
70,294,0
70,296,0
70,298,0
70,300,0
70,302,0
70,304,0
70,306,0
70,308,0
70,310,0
70,312,0
70,314,0
70,316,0
70,318,0
70,320,0.0002
70,322,0.0002
70,324,0.0002
70,326,0.0002
70,328,0.0002
70,330,0.0001
70,332,0.0001
70,334,0.0002
70,336,0.0002
70,338,0.0004
70,340,0.0007
70,342,0.0015
70,344,0.0031
70,346,0.006
70,348,0.011
70,350,0.0191
70,352,0.0314
70,354,0.0492
70,356,0.0731
70,358,0.1034
70,360,0.1382
70,362,0.1743
70,364,0.2111
70,366,0.2492
70,368,0.2861
70,370,0.314
70,372,0.326
70,374,0.3215
70,376,0.3085
70,378,0.2978
70,380,0.2965
70,382,0.3054
70,384,0.3223
70,386,0.3388
70,388,0.3438
70,390,0.3321
70,392,0.3078
70,394,0.2819
70,396,0.2639
70,398,0.2598
70,400,0.2707
70,402,0.296
70,404,0.334
70,406,0.379
70,408,0.423
70,410,0.4579
70,412,0.4813
70,414,0.4949
70,416,0.5037
70,418,0.5156
70,420,0.5348
70,422,0.5623
70,424,0.5957
70,426,0.6285
70,428,0.6557
70,430,0.6735
70,432,0.6811
70,434,0.6807
70,436,0.6759
70,438,0.6713
70,440,0.67
70,442,0.6721
70,444,0.6759
70,446,0.6856
70,448,0.6961
70,450,0.6985
70,452,0.6926
70,454,0.6798
70,456,0.6631
70,458,0.6466
70,460,0.6336
70,462,0.626
70,464,0.6253
70,466,0.631
70,468,0.6418
70,470,0.6557
70,472,0.6697
70,474,0.6809
70,476,0.6861
70,478,0.6816
70,480,0.6647
70,482,0.6356
70,484,0.6065
70,486,0.5843
70,488,0.5661
70,490,0.5529
70,492,0.5456
70,494,0.5449
70,496,0.5507
70,498,0.5623
70,500,0.5785
70,502,0.5987
70,504,0.6225
70,506,0.6488
70,508,0.676
70,510,0.7031
70,512,0.7287
70,514,0.7521
70,516,0.772
70,518,0.7879
70,520,0.7995
70,522,0.807
70,524,0.8106
70,526,0.8107
70,528,0.8079
70,530,0.8028
70,532,0.7963
70,534,0.789
70,536,0.7816
70,538,0.7744
70,540,0.7679
70,542,0.7624
70,544,0.758
70,546,0.7543
70,548,0.7514
70,550,0.7494
70,552,0.7479
70,554,0.7468
70,556,0.7458
70,558,0.7449
70,560,0.7441
70,562,0.7431
70,564,0.7422
70,566,0.7413
70,568,0.7403
70,570,0.7393
70,572,0.7384
70,574,0.7377
70,576,0.737
70,578,0.7366
70,580,0.7364
70,582,0.7365
70,584,0.7365
70,586,0.7367
70,588,0.7372
70,590,0.7376
70,592,0.7383
70,594,0.739
70,596,0.7399
70,598,0.7406
70,600,0.7412
70,602,0.7418
70,604,0.7424
70,606,0.7429
70,608,0.7433
70,610,0.7438
70,612,0.7444
70,614,0.7449
70,616,0.7454
70,618,0.7459
70,620,0.7466
70,622,0.7475
70,624,0.7483
70,626,0.7493
70,628,0.7503
70,630,0.7516
70,632,0.7534
70,634,0.7556
70,636,0.7573
70,638,0.7581
70,640,0.7587
70,642,0.7588
70,644,0.7588
70,646,0.759
70,648,0.7594
70,650,0.7598
70,652,0.7602
70,654,0.7607
70,656,0.7612
70,658,0.7615
70,660,0.762
70,662,0.7625
70,664,0.7631
70,666,0.7638
70,668,0.7644
70,670,0.7653
70,672,0.7662
70,674,0.7673
70,676,0.7688
70,678,0.7706
70,680,0.7734
70,682,0.7776
70,684,0.7852
70,686,0.7998
70,688,0.8194
70,690,0.8353
70,692,0.8421
70,694,0.8399
70,696,0.8304
70,698,0.8188
70,700,0.8103
70,702,0.8061
70,704,0.8044
70,706,0.8042
70,708,0.8049
70,710,0.806
70,712,0.8074
70,714,0.8092
70,716,0.8113
70,718,0.8136
70,720,0.8161
70,722,0.8193
70,724,0.8233
70,726,0.8286
70,728,0.8356
70,730,0.8446
70,732,0.8564
70,734,0.8709
70,736,0.886
70,738,0.8998
70,740,0.9097
70,742,0.9145
70,744,0.9139
70,746,0.9084
70,748,0.9003
70,750,0.8909
70,752,0.8819
70,754,0.8746
70,756,0.869
70,758,0.8653
70,760,0.8627
70,762,0.8611
70,764,0.8607
70,766,0.8611
70,768,0.8621
70,770,0.8636
70,772,0.866
70,774,0.8687
70,776,0.8721
70,778,0.8757
70,780,0.8802
70,782,0.885
70,784,0.8903
70,786,0.8956
70,788,0.9011
70,790,0.9061
70,792,0.9095
70,794,0.9118
70,796,0.9128
70,798,0.9126
70,800,0.911
70,802,0.9081
70,804,0.905
70,806,0.9013
70,808,0.8974
70,810,0.8937
70,812,0.8918
70,814,0.8887
70,816,0.886
70,818,0.8836
70,820,0.8816
70,822,0.88
70,824,0.8791
70,826,0.8785
70,828,0.8781
70,830,0.8791
70,832,0.8795
70,834,0.8803
70,836,0.8813
70,838,0.8818
70,840,0.8832
70,842,0.8844
70,844,0.8861
70,846,0.8882
70,848,0.8895
70,850,0.8909
70,852,0.8942
70,854,0.8955
70,856,0.8968
70,858,0.9005
70,860,0.9026
70,862,0.9049
70,864,0.9062
70,866,0.9089
70,868,0.9126
70,870,0.9154
70,872,0.9172
70,874,0.9243
70,876,0.9219
70,878,0.9276
70,880,0.9268
70,882,0.9319
70,884,0.9329
70,886,0.9364
70,888,0.9343
70,890,0.9387
70,892,0.9395
70,894,0.9409
70,896,0.9387
70,898,0.9384
70,900,0.9382
75,250,0
75,252,0
75,254,0
75,256,0
75,258,0
75,260,0
75,262,0
75,264,0
75,266,0
75,268,0
75,270,0
75,272,0
75,274,0
75,276,0
75,278,0
75,280,0
75,282,0
75,284,0
75,286,0
75,288,0
75,290,0
75,292,0
75,294,0
75,296,0
75,298,0
75,300,0
75,302,0
75,304,0
75,306,0
75,308,0
75,310,0
75,312,0
75,314,0
75,316,0
75,318,0
75,320,0.0002
75,322,0.0002
75,324,0.0002
75,326,0.0002
75,328,0.0002
75,330,0.0002
75,332,0.0002
75,334,0.0002
75,336,0.0003
75,338,0.0004
75,340,0.0008
75,342,0.0016
75,344,0.0032
75,346,0.0062
75,348,0.0115
75,350,0.0201
75,352,0.0329
75,354,0.051
75,356,0.0745
75,358,0.1032
75,360,0.1372
75,362,0.1758
75,364,0.2164
75,366,0.2555
75,368,0.2898
75,370,0.316
75,372,0.3341
75,374,0.3492
75,376,0.3674
75,378,0.3914
75,380,0.4159
75,382,0.4235
75,384,0.413
75,386,0.3939
75,388,0.3808
75,390,0.3832
75,392,0.404
75,394,0.4406
75,396,0.4846
75,398,0.5245
75,400,0.5516
75,402,0.5652
75,404,0.5698
75,406,0.5744
75,408,0.5848
75,410,0.6027
75,412,0.6246
75,414,0.6446
75,416,0.6573
75,418,0.6597
75,420,0.6537
75,422,0.6435
75,424,0.6342
75,426,0.6302
75,428,0.6327
75,430,0.6402
75,432,0.6502
75,434,0.6596
75,436,0.6649
75,438,0.6647
75,440,0.6595
75,442,0.6508
75,444,0.6416
75,446,0.6419
75,448,0.6525
75,450,0.6678
75,452,0.6885
75,454,0.7134
75,456,0.7399
75,458,0.7645
75,460,0.7844
75,462,0.7971
75,464,0.8015
75,466,0.7977
75,468,0.7867
75,470,0.7712
75,472,0.7533
75,474,0.7354
75,476,0.7187
75,478,0.703
75,480,0.6853
75,482,0.665
75,484,0.653
75,486,0.6533
75,488,0.6602
75,490,0.6723
75,492,0.6885
75,494,0.7078
75,496,0.7285
75,498,0.7481
75,500,0.7657
75,502,0.7805
75,504,0.7926
75,506,0.8023
75,508,0.81
75,510,0.8164
75,512,0.8211
75,514,0.8245
75,516,0.8259
75,518,0.8248
75,520,0.8212
75,522,0.8152
75,524,0.8069
75,526,0.7967
75,528,0.7853
75,530,0.7732
75,532,0.7612
75,534,0.7496
75,536,0.7389
75,538,0.7298
75,540,0.7223
75,542,0.7165
75,544,0.7126
75,546,0.7105
75,548,0.71
75,550,0.7106
75,552,0.7122
75,554,0.7144
75,556,0.7166
75,558,0.7183
75,560,0.7193
75,562,0.7196
75,564,0.7187
75,566,0.7167
75,568,0.7138
75,570,0.7099
75,572,0.7053
75,574,0.7003
75,576,0.695
75,578,0.69
75,580,0.6854
75,582,0.6813
75,584,0.678
75,586,0.6757
75,588,0.6744
75,590,0.6742
75,592,0.675
75,594,0.6767
75,596,0.6794
75,598,0.6829
75,600,0.6868
75,602,0.6911
75,604,0.6955
75,606,0.7
75,608,0.7043
75,610,0.708
75,612,0.711
75,614,0.7134
75,616,0.7152
75,618,0.7159
75,620,0.7162
75,622,0.7163
75,624,0.7157
75,626,0.7141
75,628,0.7117
75,630,0.7086
75,632,0.7054
75,634,0.7027
75,636,0.7005
75,638,0.6987
75,640,0.6973
75,642,0.6964
75,644,0.6961
75,646,0.6963
75,648,0.6971
75,650,0.6983
75,652,0.7002
75,654,0.7027
75,656,0.7055
75,658,0.7087
75,660,0.7122
75,662,0.716
75,664,0.7198
75,666,0.7237
75,668,0.728
75,670,0.7322
75,672,0.7376
75,674,0.7464
75,676,0.7626
75,678,0.7839
75,680,0.7973
75,682,0.7969
75,684,0.7857
75,686,0.7707
75,688,0.7595
75,690,0.7535
75,692,0.7498
75,694,0.747
75,696,0.7448
75,698,0.743
75,700,0.7417
75,702,0.7407
75,704,0.7401
75,706,0.7403
75,708,0.7414
75,710,0.7433
75,712,0.7464
75,714,0.7513
75,716,0.759
75,718,0.7702
75,720,0.7857
75,722,0.8049
75,724,0.824
75,726,0.8382
75,728,0.8448
75,730,0.8437
75,732,0.8372
75,734,0.8283
75,736,0.8198
75,738,0.8132
75,740,0.809
75,742,0.8068
75,744,0.8063
75,746,0.807
75,748,0.8087
75,750,0.8108
75,752,0.8132
75,754,0.8162
75,756,0.8195
75,758,0.8231
75,760,0.8268
75,762,0.8312
75,764,0.8359
75,766,0.8409
75,768,0.846
75,770,0.8516
75,772,0.8569
75,774,0.8614
75,776,0.8652
75,778,0.8671
75,780,0.8669
75,782,0.8646
75,784,0.8607
75,786,0.8559
75,788,0.8499
75,790,0.8438
75,792,0.8382
75,794,0.8331
75,796,0.8285
75,798,0.8246
75,800,0.8215
75,802,0.8187
75,804,0.8164
75,806,0.8147
75,808,0.814
75,810,0.8134
75,812,0.8147
75,814,0.8151
75,816,0.8154
75,818,0.8167
75,820,0.8179
75,822,0.8197
75,824,0.8215
75,826,0.8239
75,828,0.8269
75,830,0.8302
75,832,0.8335
75,834,0.8372
75,836,0.8408
75,838,0.8447
75,840,0.8486
75,842,0.8528
75,844,0.8567
75,846,0.8612
75,848,0.8655
75,850,0.8693
75,852,0.8746
75,854,0.8783
75,856,0.8831
75,858,0.8851
75,860,0.8882
75,862,0.8921
75,864,0.8953
75,866,0.8958
75,868,0.8974
75,870,0.8978
75,872,0.896
75,874,0.8985
75,876,0.8935
75,878,0.893
75,880,0.8895
75,882,0.8889
75,884,0.8842
75,886,0.8823
75,888,0.879
75,890,0.8792
75,892,0.8756
75,894,0.8676
75,896,0.8646
75,898,0.8684
75,900,0.865
