0,250,0
15,250,0
25,250,0
35,250,0
45,250,0
55,250,0
65,250,0
70,250,0.0001
75,250,0.0271
0,252,0
15,252,0
25,252,0
35,252,0
45,252,0
55,252,0
65,252,0
70,252,0
75,252,0.0271
0,254,0
15,254,0
25,254,0
35,254,0
45,254,0
55,254,0
65,254,0
70,254,0
75,254,0.0271
0,256,0
15,256,0
25,256,0
35,256,0
45,256,0
55,256,0
65,256,0
70,256,0
75,256,0.0269
0,258,0
15,258,0
25,258,0
35,258,0
45,258,0
55,258,0
65,258,0
70,258,0
75,258,0.0268
0,260,0
15,260,0
25,260,0
35,260,0
45,260,0
55,260,0
65,260,0
70,260,0
75,260,0.0268
0,262,0
15,262,0
25,262,0
35,262,0
45,262,0
55,262,0
65,262,0
70,262,0
75,262,0.0269
0,264,0
15,264,0
25,264,0
35,264,0
45,264,0
55,264,0
65,264,0
70,264,0
75,264,0.027
0,266,0
15,266,0
25,266,0
35,266,0
45,266,0
55,266,0
65,266,0
70,266,0
75,266,0.027
0,268,0
15,268,0
25,268,0
35,268,0
45,268,0
55,268,0
65,268,0
70,268,0
75,268,0.0268
0,270,0
15,270,0
25,270,0
35,270,0
45,270,0
55,270,0
65,270,0
70,270,0
75,270,0.0268
0,272,0
15,272,0
25,272,0
35,272,0
45,272,0
55,272,0
65,272,0
70,272,0
75,272,0.0266
0,274,0
15,274,0
25,274,0
35,274,0
45,274,0
55,274,0
65,274,0
70,274,0
75,274,0.0264
0,276,0
15,276,0
25,276,0
35,276,0
45,276,0
55,276,0
65,276,0
70,276,0
75,276,0.0264
0,278,0
15,278,0
25,278,0
35,278,0
45,278,0
55,278,0
65,278,0
70,278,0
75,278,0.0264
0,280,0
15,280,0
25,280,0
35,280,0
45,280,0
55,280,0
65,280,0
70,280,0
75,280,0.0263
0,282,0
15,282,0
25,282,0
35,282,0
45,282,0
55,282,0
65,282,0
70,282,0
75,282,0.0259
0,284,0
15,284,0
25,284,0
35,284,0
45,284,0
55,284,0
65,284,0
70,284,0
75,284,0.0259
0,286,0
15,286,0
25,286,0
35,286,0
45,286,0
55,286,0
65,286,0
70,286,0
75,286,0.0259
0,288,0
15,288,0
25,288,0
35,288,0
45,288,0
55,288,0
65,288,0
70,288,0
75,288,0.026
0,290,0
15,290,0
25,290,0
35,290,0
45,290,0
55,290,0
65,290,0
70,290,0
75,290,0.0261
0,292,0
15,292,0
25,292,0
35,292,0
45,292,0
55,292,0
65,292,0
70,292,0
75,292,0.0256
0,294,0
15,294,0
25,294,0
35,294,0
45,294,0
55,294,0
65,294,0
70,294,0
75,294,0.0256
0,296,0
15,296,0
25,296,0
35,296,0
45,296,0
55,296,0
65,296,0
70,296,0
75,296,0.0256
0,298,0
15,298,0
25,298,0
35,298,0
45,298,0
55,298,0
65,298,0
70,298,0
75,298,0.0254
0,300,0
15,300,0
25,300,0
35,300,0
45,300,0
55,300,0
65,300,0
70,300,0
75,300,0.0252
0,302,0
15,302,0
25,302,0
35,302,0
45,302,0
55,302,0
65,302,0
70,302,0
75,302,0.0252
0,304,0
15,304,0
25,304,0
35,304,0
45,304,0
55,304,0
65,304,0
70,304,0
75,304,0.0251
0,306,0
15,306,0
25,306,0
35,306,0
45,306,0
55,306,0
65,306,0
70,306,0
75,306,0.0253
0,308,0
15,308,0
25,308,0
35,308,0
45,308,0
55,308,0
65,308,0
70,308,0
75,308,0.0254
0,310,0
15,310,0
25,310,0
35,310,0
45,310,0
55,310,0
65,310,0
70,310,0
75,310,0.0256
0,312,0
15,312,0
25,312,0
35,312,0
45,312,0
55,312,0
65,312,0
70,312,0
75,312,0.0251
0,314,0
15,314,0
25,314,0
35,314,0
45,314,0
55,314,0
65,314,0
70,314,0
75,314,0.0247
0,316,0
15,316,0
25,316,0
35,316,0
45,316,0
55,316,0
65,316,0
70,316,0
75,316,0.0251
0,318,0
15,318,0.0001
25,318,0
35,318,0
45,318,0.0001
55,318,0
65,318,0.0002
70,318,0.0002
75,318,0.025
0,320,0.0001
15,320,0.0002
25,320,0.0001
35,320,0.0002
45,320,0.0002
55,320,0.0002
65,320,0.0003
70,320,0.0004
75,320,0.039
0,322,0.0002
15,322,0.0002
25,322,0.0002
35,322,0.0002
45,322,0.0002
55,322,0.0003
65,322,0.0004
70,322,0.0005
75,322,0.0409
0,324,0.0002
15,324,0.0002
25,324,0.0002
35,324,0.0003
45,324,0.0003
55,324,0.0004
65,324,0.0005
70,324,0.0007
75,324,0.0413
0,326,0.0002
15,326,0.0003
25,326,0.0003
35,326,0.0003
45,326,0.0005
55,326,0.0006
65,326,0.0008
70,326,0.001
75,326,0.0416
0,328,0.0003
15,328,0.0004
25,328,0.0004
35,328,0.0005
45,328,0.0007
55,328,0.001
65,328,0.0013
70,328,0.0015
75,328,0.0423
0,330,0.0005
15,330,0.0006
25,330,0.0007
35,330,0.0009
45,330,0.0013
55,330,0.0017
65,330,0.0022
70,330,0.0024
75,330,0.043
0,332,0.0008
15,332,0.0009
25,332,0.0012
35,332,0.0016
45,332,0.0022
55,332,0.0029
65,332,0.0036
70,332,0.0038
75,332,0.0446
0,334,0.0014
15,334,0.0017
25,334,0.0021
35,334,0.0028
45,334,0.0037
55,334,0.0047
65,334,0.0057
70,334,0.0059
75,334,0.0461
0,336,0.0025
15,336,0.0031
25,336,0.0038
35,336,0.0048
45,336,0.006
55,336,0.0076
65,336,0.0088
70,336,0.0088
75,336,0.049
0,338,0.0046
15,338,0.0055
25,338,0.0066
35,338,0.0078
45,338,0.0096
55,338,0.0116
65,338,0.0128
70,338,0.0126
75,338,0.052
0,340,0.0082
15,340,0.0095
25,340,0.0105
35,340,0.0121
45,340,0.0147
55,340,0.0168
65,340,0.0175
70,340,0.0167
75,340,0.0548
0,342,0.0139
15,342,0.0149
25,342,0.0157
35,342,0.0184
45,342,0.0215
55,342,0.0229
65,342,0.0221
70,342,0.0202
75,342,0.0569
0,344,0.0212
15,344,0.0212
25,344,0.023
35,344,0.0274
45,344,0.0296
55,344,0.029
65,344,0.0255
70,344,0.0223
75,344,0.0581
0,346,0.0287
15,346,0.0292
25,346,0.0341
35,346,0.0388
45,346,0.0373
55,346,0.034
65,346,0.0266
70,346,0.0226
75,346,0.0582
0,348,0.0371
15,348,0.0415
25,348,0.0503
35,348,0.0495
45,348,0.0436
55,348,0.0361
65,348,0.0251
70,348,0.0211
75,348,0.0579
0,350,0.0505
15,350,0.0619
25,350,0.0679
35,350,0.0563
45,350,0.0486
55,350,0.0339
65,350,0.0215
70,350,0.0187
75,350,0.0572
0,352,0.0749
15,352,0.0888
25,352,0.0776
35,352,0.0606
45,352,0.0505
55,352,0.0275
65,352,0.0174
70,352,0.0161
75,352,0.0562
0,354,0.1117
15,354,0.1058
25,354,0.0781
35,354,0.0656
45,354,0.0449
55,354,0.0197
65,354,0.0135
70,354,0.0136
75,354,0.0549
0,356,0.136
15,356,0.1014
25,356,0.0786
35,356,0.0694
45,356,0.032
55,356,0.0134
65,356,0.0106
70,356,0.0114
75,356,0.0537
0,358,0.1252
15,358,0.0921
25,358,0.0858
35,358,0.061
45,358,0.0195
55,358,0.0092
65,358,0.0084
70,358,0.0098
75,358,0.0528
0,360,0.1051
15,360,0.0939
25,360,0.0939
35,360,0.0396
45,360,0.0116
55,360,0.0065
65,360,0.0069
70,360,0.0085
75,360,0.0521
0,362,0.0987
15,362,0.1111
25,362,0.0819
35,362,0.0211
45,362,0.0071
55,362,0.0048
65,362,0.0058
70,362,0.0076
75,362,0.0512
0,364,0.114
15,364,0.1244
25,364,0.0482
35,364,0.0111
45,364,0.0047
55,364,0.0038
65,364,0.0051
70,364,0.0069
75,364,0.0509
0,366,0.1483
15,366,0.0919
25,366,0.0225
35,366,0.0062
45,366,0.0033
55,366,0.0031
65,366,0.0046
70,366,0.0064
75,366,0.0504
0,368,0.1401
15,368,0.0434
25,368,0.0108
35,368,0.0038
45,368,0.0024
55,368,0.0026
65,368,0.0042
70,368,0.006
75,368,0.0502
0,370,0.0727
15,370,0.0186
25,370,0.0058
35,370,0.0025
45,370,0.0018
55,370,0.0022
65,370,0.004
70,370,0.0058
75,370,0.0501
0,372,0.0292
15,372,0.0089
25,372,0.0033
35,372,0.0017
45,372,0.0014
55,372,0.0019
65,372,0.0038
70,372,0.0057
75,372,0.0504
0,374,0.0127
15,374,0.0047
25,374,0.002
35,374,0.0011
45,374,0.001
55,374,0.0017
65,374,0.0037
70,374,0.0056
75,374,0.051
0,376,0.0062
15,376,0.0025
25,376,0.0011
35,376,0.0006
45,376,0.0007
55,376,0.0015
65,376,0.0037
70,376,0.0057
75,376,0.0519
0,378,0.004
15,378,0.0021
25,378,0.0013
35,378,0.001
45,378,0.0012
55,378,0.002
65,378,0.0044
70,378,0.0065
75,378,0.0535
0,380,0.0026
15,380,0.0015
25,380,0.0011
35,380,0.001
45,380,0.0012
55,380,0.0021
65,380,0.0047
70,380,0.007
75,380,0.0492
0,382,0.0018
15,382,0.0012
25,382,0.0009
35,382,0.0008
45,382,0.0011
55,382,0.0022
65,382,0.0051
70,382,0.0076
75,382,0.0497
0,384,0.0013
15,384,0.0009
25,384,0.0008
35,384,0.0008
45,384,0.0011
55,384,0.0023
65,384,0.0056
70,384,0.0083
75,384,0.0508
0,386,0.001
15,386,0.0008
25,386,0.0007
35,386,0.0007
45,386,0.0011
55,386,0.0024
65,386,0.0061
70,386,0.0092
75,386,0.0516
0,388,0.0008
15,388,0.0007
25,388,0.0006
35,388,0.0007
45,388,0.0011
55,388,0.0026
65,388,0.0069
70,388,0.0103
75,388,0.0528
0,390,0.0007
15,390,0.0006
25,390,0.0006
35,390,0.0007
45,390,0.0012
55,390,0.0029
65,390,0.0078
70,390,0.0117
75,390,0.0541
0,392,0.0006
15,392,0.0005
25,392,0.0005
35,392,0.0007
45,392,0.0012
55,392,0.0032
65,392,0.0089
70,392,0.0134
75,392,0.0559
0,394,0.0006
15,394,0.0005
25,394,0.0005
35,394,0.0007
45,394,0.0013
55,394,0.0036
65,394,0.0104
70,394,0.0157
75,394,0.0581
0,396,0.0005
15,396,0.0005
25,396,0.0005
35,396,0.0007
45,396,0.0014
55,396,0.004
65,396,0.0121
70,396,0.0185
75,396,0.0612
0,398,0.0004
15,398,0.0005
25,398,0.0005
35,398,0.0007
45,398,0.0015
55,398,0.0046
65,398,0.0144
70,398,0.0221
75,398,0.065
0,400,0.0004
15,400,0.0004
25,400,0.0005
35,400,0.0007
45,400,0.0016
55,400,0.0053
65,400,0.0172
70,400,0.0266
75,400,0.0699
0,402,0.0004
15,402,0.0004
25,402,0.0005
35,402,0.0008
45,402,0.0018
55,402,0.0062
65,402,0.0208
70,402,0.0323
75,402,0.0763
0,404,0.0004
15,404,0.0004
25,404,0.0005
35,404,0.0008
45,404,0.002
55,404,0.0073
65,404,0.0255
70,404,0.0399
75,404,0.0845
0,406,0.0004
15,406,0.0004
25,406,0.0005
35,406,0.0009
45,406,0.0023
55,406,0.0087
65,406,0.0315
70,406,0.0498
75,406,0.0952
0,408,0.0004
15,408,0.0004
25,408,0.0005
35,408,0.001
45,408,0.0026
55,408,0.0105
65,408,0.0394
70,408,0.0626
75,408,0.1098
0,410,0.0004
15,410,0.0004
25,410,0.0005
35,410,0.001
45,410,0.003
55,410,0.0127
65,410,0.0496
70,410,0.0792
75,410,0.1277
0,412,0.0004
15,412,0.0004
25,412,0.0006
35,412,0.0011
45,412,0.0035
55,412,0.0156
65,412,0.063
70,412,0.1008
75,412,0.1507
0,414,0.0004
15,414,0.0004
25,414,0.0006
35,414,0.0013
45,414,0.0041
55,414,0.0194
65,414,0.0808
70,414,0.1291
75,414,0.1805
0,416,0.0004
15,416,0.0004
25,416,0.0007
35,416,0.0014
45,416,0.0048
55,416,0.0243
65,416,0.1043
70,416,0.1656
75,416,0.2168
0,418,0.0004
15,418,0.0005
25,418,0.0007
35,418,0.0016
45,418,0.0058
55,418,0.0308
65,418,0.1348
70,418,0.2105
75,418,0.2578
0,420,0.0004
15,420,0.0005
25,420,0.0007
35,420,0.0018
45,420,0.0069
55,420,0.0391
65,420,0.1737
70,420,0.2632
75,420,0.3026
0,422,0.0004
15,422,0.0005
25,422,0.0008
35,422,0.0021
45,422,0.0084
55,422,0.0503
65,422,0.2223
70,422,0.3228
75,422,0.3467
0,424,0.0004
15,424,0.0005
25,424,0.0009
35,424,0.0024
45,424,0.0103
55,424,0.0652
65,424,0.2816
70,424,0.3856
75,424,0.3866
0,426,0.0004
15,426,0.0006
25,426,0.001
35,426,0.0028
45,426,0.0128
55,426,0.0853
65,426,0.3496
70,426,0.4459
75,426,0.4188
0,428,0.0005
15,428,0.0006
25,428,0.0011
35,428,0.0033
45,428,0.016
55,428,0.1115
65,428,0.4212
70,428,0.4971
75,428,0.441
0,430,0.0005
15,430,0.0007
25,430,0.0013
35,430,0.0039
45,430,0.0201
55,430,0.1457
65,430,0.4907
70,430,0.5364
75,430,0.4548
0,432,0.0005
15,432,0.0008
25,432,0.0015
35,432,0.0047
45,432,0.0255
55,432,0.1898
65,432,0.5527
70,432,0.5635
75,432,0.4621
0,434,0.0006
15,434,0.0009
25,434,0.0017
35,434,0.0057
45,434,0.0327
55,434,0.2456
65,434,0.6029
70,434,0.5802
75,434,0.4655
0,436,0.0006
15,436,0.0009
25,436,0.0019
35,436,0.0069
45,436,0.0424
55,436,0.3132
65,436,0.6392
70,436,0.5889
75,436,0.4666
0,438,0.0007
15,438,0.0011
25,438,0.0023
35,438,0.0084
45,438,0.0552
55,438,0.389
65,438,0.662
70,438,0.5927
75,438,0.4669
0,440,0.0007
15,440,0.0012
25,440,0.0026
35,440,0.0104
45,440,0.0722
55,440,0.4683
65,440,0.6746
70,440,0.594
75,440,0.4678
0,442,0.0008
15,442,0.0013
25,442,0.0031
35,442,0.0129
45,442,0.0949
55,442,0.5455
65,442,0.6802
70,442,0.5942
75,442,0.4686
0,444,0.001
15,444,0.0016
25,444,0.0038
35,444,0.0164
45,444,0.1252
55,444,0.6135
65,444,0.6812
70,444,0.5938
75,444,0.4697
0,446,0.0012
15,446,0.002
25,446,0.0047
35,446,0.0211
45,446,0.1672
55,446,0.6755
65,446,0.6881
70,446,0.6011
75,446,0.4766
0,448,0.0013
15,448,0.0023
25,448,0.0057
35,448,0.0273
45,448,0.2225
55,448,0.7284
65,448,0.7016
70,448,0.6153
75,448,0.489
0,450,0.0015
15,450,0.0027
25,450,0.007
35,450,0.0357
45,450,0.2911
55,450,0.7674
65,450,0.7153
70,450,0.6303
75,450,0.5016
0,452,0.0018
15,452,0.0032
25,452,0.0087
35,452,0.047
45,452,0.3737
55,452,0.7964
65,452,0.7306
70,452,0.647
75,452,0.5153
0,454,0.002
15,454,0.0038
25,454,0.0108
35,454,0.0625
45,454,0.4679
55,454,0.8183
65,454,0.7476
70,454,0.6652
75,454,0.5302
0,456,0.0024
15,456,0.0045
25,456,0.0137
35,456,0.0836
45,456,0.5669
55,456,0.8356
65,456,0.766
70,456,0.6846
75,456,0.5458
0,458,0.0027
15,458,0.0054
25,458,0.0173
35,458,0.1116
45,458,0.6606
55,458,0.8494
65,458,0.7845
70,458,0.7043
75,458,0.562
0,460,0.0031
15,460,0.0065
25,460,0.0218
35,460,0.1484
45,460,0.7411
55,460,0.8607
65,460,0.8031
70,460,0.7242
75,460,0.5779
0,462,0.0035
15,462,0.0078
25,462,0.0278
35,462,0.1961
45,462,0.8039
55,462,0.87
65,462,0.8212
70,462,0.7428
75,462,0.5912
0,464,0.0041
15,464,0.0096
25,464,0.0357
35,464,0.2568
45,464,0.8475
55,464,0.878
65,464,0.8389
70,464,0.7586
75,464,0.5989
0,466,0.0048
15,466,0.0118
25,466,0.0462
35,466,0.3304
45,466,0.8727
55,466,0.8848
65,466,0.8548
70,466,0.7682
75,466,0.6008
0,468,0.0058
15,468,0.0146
25,468,0.0597
35,468,0.4131
45,468,0.8831
55,468,0.8921
65,468,0.8662
70,468,0.771
75,468,0.5983
0,470,0.0071
15,470,0.0182
25,470,0.0775
35,470,0.5007
45,470,0.8842
55,470,0.9012
65,470,0.872
70,470,0.7685
75,470,0.5934
0,472,0.0087
15,472,0.0229
25,472,0.1008
35,472,0.5862
45,472,0.881
55,472,0.9129
65,472,0.872
70,472,0.7627
75,472,0.5874
0,474,0.0108
15,474,0.0291
25,474,0.1316
35,474,0.663
45,474,0.878
55,474,0.9257
65,474,0.8678
70,474,0.7556
75,474,0.5808
0,476,0.0135
15,476,0.0372
25,476,0.1712
35,476,0.7246
45,476,0.8791
55,476,0.9361
65,476,0.8614
70,476,0.7475
75,476,0.574
0,478,0.017
15,478,0.0476
25,478,0.2203
35,478,0.768
45,478,0.8861
55,478,0.9421
65,478,0.8542
70,478,0.7398
75,478,0.5676
0,480,0.0214
15,480,0.0611
25,480,0.2785
35,480,0.7936
45,480,0.8975
55,480,0.9425
65,480,0.8453
70,480,0.7308
75,480,0.5607
0,482,0.0272
15,482,0.0787
25,482,0.3452
35,482,0.8067
45,482,0.9106
55,482,0.9372
65,482,0.8343
70,482,0.72
75,482,0.5524
0,484,0.0351
15,484,0.103
25,484,0.4235
35,484,0.8235
45,484,0.9261
55,484,0.9312
65,484,0.8258
70,484,0.7122
75,484,0.5463
0,486,0.0454
15,486,0.136
25,486,0.5117
35,486,0.85
45,486,0.9397
55,486,0.9277
65,486,0.8222
70,486,0.7092
75,486,0.5442
0,488,0.0589
15,488,0.1796
25,488,0.602
35,488,0.879
45,488,0.9477
55,488,0.926
65,488,0.8212
70,488,0.7086
75,488,0.5446
0,490,0.0768
15,490,0.2365
25,490,0.6892
35,490,0.9057
45,490,0.9517
55,490,0.926
65,490,0.8221
70,490,0.7106
75,490,0.547
0,492,0.1007
15,492,0.3087
25,492,0.7676
35,492,0.9267
45,492,0.9533
55,492,0.9273
65,492,0.8247
70,492,0.7145
75,492,0.5512
0,494,0.1328
15,494,0.3972
25,494,0.8335
35,494,0.9404
45,494,0.955
55,494,0.9295
65,494,0.8289
70,494,0.72
75,494,0.5568
0,496,0.1752
15,496,0.4979
25,496,0.8836
35,496,0.9477
45,496,0.9568
55,496,0.9324
65,496,0.8343
70,496,0.7269
75,496,0.5636
0,498,0.2295
15,498,0.6019
25,498,0.9168
35,498,0.9515
45,498,0.9588
55,498,0.9354
65,498,0.8402
70,498,0.7344
75,498,0.5708
0,500,0.2971
15,500,0.7005
25,500,0.9364
35,500,0.9542
45,500,0.9613
55,500,0.9386
65,500,0.8463
70,500,0.7419
75,500,0.5778
0,502,0.3786
15,502,0.7853
25,502,0.9466
35,502,0.9568
45,502,0.9639
55,502,0.9416
65,502,0.8523
70,502,0.749
75,502,0.5843
0,504,0.4724
15,504,0.8518
25,504,0.9513
35,504,0.9598
45,504,0.9661
55,504,0.9445
65,504,0.8578
70,504,0.7553
75,504,0.5899
0,506,0.5733
15,506,0.8989
25,506,0.9533
35,506,0.9629
45,506,0.9681
55,506,0.9473
65,506,0.8628
70,506,0.7608
75,506,0.5943
0,508,0.6719
15,508,0.9285
25,508,0.9543
35,508,0.9656
45,508,0.9696
55,508,0.9494
65,508,0.867
70,508,0.7653
75,508,0.5977
0,510,0.7601
15,510,0.945
25,510,0.9549
35,510,0.9677
45,510,0.9704
55,510,0.951
65,510,0.8703
70,510,0.7688
75,510,0.6005
0,512,0.8316
15,512,0.9526
25,512,0.9557
35,512,0.969
45,512,0.9706
55,512,0.952
65,512,0.8729
70,512,0.7712
75,512,0.6021
0,514,0.8843
15,514,0.9551
25,514,0.9564
35,514,0.9694
45,514,0.9701
55,514,0.9523
65,514,0.8745
70,514,0.7729
75,514,0.6029
0,516,0.9188
15,516,0.9546
25,516,0.957
35,516,0.9691
45,516,0.969
55,516,0.9523
65,516,0.8755
70,516,0.7738
75,516,0.6031
0,518,0.9383
15,518,0.953
25,518,0.9577
35,518,0.9683
45,518,0.9678
55,518,0.9521
65,518,0.8761
70,518,0.7739
75,518,0.6028
0,520,0.9476
15,520,0.9513
25,520,0.9581
35,520,0.967
45,520,0.9665
55,520,0.9517
65,520,0.8763
70,520,0.7735
75,520,0.6018
0,522,0.9505
15,522,0.95
25,522,0.9581
35,522,0.9656
45,522,0.9653
55,522,0.9513
65,522,0.8762
70,522,0.7727
75,522,0.6003
0,524,0.9501
15,524,0.9491
25,524,0.9581
35,524,0.9641
45,524,0.9642
55,524,0.9509
65,524,0.8757
70,524,0.7714
75,524,0.5985
0,526,0.9483
15,526,0.9488
25,526,0.9577
35,526,0.9625
45,526,0.9631
55,526,0.9507
65,526,0.8749
70,526,0.7699
75,526,0.5964
0,528,0.9462
15,528,0.9488
25,528,0.9571
35,528,0.961
45,528,0.9625
55,528,0.9506
65,528,0.874
70,528,0.768
75,528,0.5943
0,530,0.9444
15,530,0.949
25,530,0.9564
35,530,0.9597
45,530,0.9619
55,530,0.9505
65,530,0.8729
70,530,0.7659
75,530,0.5918
0,532,0.9434
15,532,0.9495
25,532,0.9555
35,532,0.9585
45,532,0.9616
55,532,0.9506
65,532,0.8715
70,532,0.7634
75,532,0.589
0,534,0.9428
15,534,0.9496
25,534,0.9544
35,534,0.9575
45,534,0.9615
55,534,0.9508
65,534,0.8699
70,534,0.7609
75,534,0.5861
0,536,0.9427
15,536,0.9497
25,536,0.9531
35,536,0.9569
45,536,0.9616
55,536,0.9508
65,536,0.8681
70,536,0.7579
75,536,0.5832
0,538,0.9431
15,538,0.9495
25,538,0.9519
35,538,0.9565
45,538,0.962
55,538,0.9508
65,538,0.866
70,538,0.7548
75,538,0.5803
0,540,0.9435
15,540,0.949
25,540,0.9508
35,540,0.9564
45,540,0.9625
55,540,0.9508
65,540,0.8637
70,540,0.7516
75,540,0.5775
0,542,0.9439
15,542,0.9484
25,542,0.9498
35,542,0.9565
45,542,0.9632
55,542,0.9505
65,542,0.8612
70,542,0.7484
75,542,0.5746
0,544,0.9442
15,544,0.9477
25,544,0.949
35,544,0.957
45,544,0.9638
55,544,0.9502
65,544,0.8586
70,544,0.7452
75,544,0.5718
0,546,0.9442
15,546,0.9467
25,546,0.9483
35,546,0.9574
45,546,0.9644
55,546,0.9496
65,546,0.8559
70,546,0.7421
75,546,0.5691
0,548,0.9441
15,548,0.9459
25,548,0.948
35,548,0.958
45,548,0.9649
55,548,0.949
65,548,0.8532
70,548,0.7391
75,548,0.5667
0,550,0.9435
15,550,0.9449
25,550,0.9477
35,550,0.9589
45,550,0.9654
55,550,0.9481
65,550,0.8505
70,550,0.7362
75,550,0.5647
0,552,0.943
15,552,0.9439
25,552,0.9478
35,552,0.9599
45,552,0.9659
55,552,0.9471
65,552,0.848
70,552,0.7336
75,552,0.5628
0,554,0.9421
15,554,0.9432
25,554,0.9483
35,554,0.9608
45,554,0.9663
55,554,0.9459
65,554,0.8455
70,554,0.7313
75,554,0.561
0,556,0.9412
15,556,0.9425
25,556,0.9487
35,556,0.9616
45,556,0.9663
55,556,0.9446
65,556,0.8431
70,556,0.7291
75,556,0.5596
0,558,0.9402
15,558,0.9421
25,558,0.9494
35,558,0.9626
45,558,0.9664
55,558,0.9432
65,558,0.8409
70,558,0.7272
75,558,0.5585
0,560,0.939
15,560,0.9417
25,560,0.9502
35,560,0.9632
45,560,0.966
55,560,0.9415
65,560,0.8387
70,560,0.7256
75,560,0.5573
0,562,0.9379
15,562,0.9415
25,562,0.9508
35,562,0.9634
45,562,0.9654
55,562,0.9398
65,562,0.8367
70,562,0.7241
75,562,0.5565
0,564,0.9375
15,564,0.9419
25,564,0.952
35,564,0.964
45,564,0.9652
55,564,0.9386
65,564,0.8355
70,564,0.7234
75,564,0.5566
0,566,0.937
15,566,0.9424
25,566,0.9531
35,566,0.9646
45,566,0.9649
55,566,0.9373
65,566,0.8344
70,566,0.7228
75,566,0.5564
0,568,0.9367
15,568,0.9431
25,568,0.9543
35,568,0.9649
45,568,0.9643
55,568,0.9359
65,568,0.8334
70,568,0.7223
75,568,0.5564
0,570,0.9368
15,570,0.9438
25,570,0.9553
35,570,0.965
45,570,0.9638
55,570,0.9347
65,570,0.8326
70,570,0.7223
75,570,0.5566
0,572,0.9369
15,572,0.9449
25,572,0.9561
35,572,0.965
45,572,0.963
55,572,0.9338
65,572,0.8322
70,572,0.7223
75,572,0.557
0,574,0.9373
15,574,0.9458
25,574,0.9569
35,574,0.965
45,574,0.9623
55,574,0.9328
65,574,0.8321
70,574,0.7226
75,574,0.5576
0,576,0.938
15,576,0.947
25,576,0.9576
35,576,0.9649
45,576,0.9616
55,576,0.9321
65,576,0.8321
70,576,0.7232
75,576,0.5581
0,578,0.9388
15,578,0.9482
25,578,0.9582
35,578,0.9646
45,578,0.961
55,578,0.9314
65,578,0.8324
70,578,0.7238
75,578,0.559
0,580,0.9398
15,580,0.9493
25,580,0.9586
35,580,0.9643
45,580,0.9606
55,580,0.931
65,580,0.8327
70,580,0.7246
75,580,0.5597
0,582,0.9407
15,582,0.9504
25,582,0.9589
35,582,0.9637
45,582,0.96
55,582,0.9308
65,582,0.8333
70,582,0.7255
75,582,0.5604
0,584,0.9418
15,584,0.9512
25,584,0.959
35,584,0.9633
45,584,0.9596
55,584,0.9305
65,584,0.834
70,584,0.7264
75,584,0.5611
0,586,0.943
15,586,0.9521
25,586,0.9589
35,586,0.963
45,586,0.9592
55,586,0.9305
65,586,0.8348
70,586,0.7272
75,586,0.5617
0,588,0.9442
15,588,0.9528
25,588,0.9588
35,588,0.9626
45,588,0.959
55,588,0.9307
65,588,0.8356
70,588,0.7281
75,588,0.5623
0,590,0.9454
15,590,0.9533
25,590,0.9588
35,590,0.9622
45,590,0.9587
55,590,0.9307
65,590,0.8364
70,590,0.729
75,590,0.5628
0,592,0.9463
15,592,0.9536
25,592,0.9584
35,592,0.9619
45,592,0.9587
55,592,0.9311
65,592,0.8372
70,592,0.7298
75,592,0.5632
0,594,0.9472
15,594,0.9539
25,594,0.958
35,594,0.9614
45,594,0.9587
55,594,0.9314
65,594,0.8381
70,594,0.7304
75,594,0.5636
0,596,0.9479
15,596,0.954
25,596,0.9575
35,596,0.9611
45,596,0.9587
55,596,0.9319
65,596,0.8389
70,596,0.7309
75,596,0.5638
0,598,0.9484
15,598,0.9539
25,598,0.957
35,598,0.9609
45,598,0.9587
55,598,0.9326
65,598,0.8397
70,598,0.7314
75,598,0.5639
0,600,0.9489
15,600,0.9537
25,600,0.9565
35,600,0.9609
45,600,0.9589
55,600,0.933
65,600,0.8404
70,600,0.7317
75,600,0.5638
0,602,0.9491
15,602,0.9535
25,602,0.9562
35,602,0.9608
45,602,0.9591
55,602,0.9336
65,602,0.8408
70,602,0.7317
75,602,0.5636
0,604,0.9494
15,604,0.9531
25,604,0.9559
35,604,0.9608
45,604,0.9593
55,604,0.9341
65,604,0.8412
70,604,0.7318
75,604,0.5632
0,606,0.9495
15,606,0.9526
25,606,0.9554
35,606,0.9609
45,606,0.9597
55,606,0.9347
65,606,0.8415
70,606,0.7316
75,606,0.5628
0,608,0.9495
15,608,0.9522
25,608,0.955
35,608,0.9611
45,608,0.9601
55,608,0.9353
65,608,0.8417
70,608,0.7312
75,608,0.5622
0,610,0.9492
15,610,0.9516
25,610,0.9549
35,610,0.9613
45,610,0.9604
55,610,0.9357
65,610,0.8417
70,610,0.7308
75,610,0.5613
0,612,0.9487
15,612,0.951
25,612,0.9547
35,612,0.9616
45,612,0.9608
55,612,0.9362
65,612,0.8415
70,612,0.7302
75,612,0.5606
0,614,0.9483
15,614,0.9507
25,614,0.9545
35,614,0.962
45,614,0.9612
55,614,0.9366
65,614,0.8413
70,614,0.7295
75,614,0.5597
0,616,0.9478
15,616,0.9502
25,616,0.9546
35,616,0.9624
45,616,0.9617
55,616,0.937
65,616,0.8408
70,616,0.7287
75,616,0.5587
0,618,0.9472
15,618,0.9496
25,618,0.9546
35,618,0.9627
45,618,0.9621
55,618,0.9372
65,618,0.8404
70,618,0.7277
75,618,0.5578
0,620,0.9466
15,620,0.9492
25,620,0.9547
35,620,0.9632
45,620,0.9623
55,620,0.9373
65,620,0.8398
70,620,0.7266
75,620,0.5568
0,622,0.9461
15,622,0.9489
25,622,0.955
35,622,0.9637
45,622,0.9625
55,622,0.9375
65,622,0.839
70,622,0.7255
75,622,0.5558
0,624,0.9455
15,624,0.9487
25,624,0.9553
35,624,0.964
45,624,0.9627
55,624,0.9375
65,624,0.8382
70,624,0.7244
75,624,0.5548
0,626,0.945
15,626,0.9486
25,626,0.9555
35,626,0.9644
45,626,0.9629
55,626,0.9374
65,626,0.8374
70,626,0.7233
75,626,0.5538
0,628,0.9445
15,628,0.9486
25,628,0.9558
35,628,0.9649
45,628,0.9631
55,628,0.9373
65,628,0.8364
70,628,0.7221
75,628,0.5529
0,630,0.9441
15,630,0.9486
25,630,0.9564
35,630,0.9651
45,630,0.9632
55,630,0.9371
65,630,0.8354
70,630,0.7208
75,630,0.5517
0,632,0.9438
15,632,0.9487
25,632,0.9569
35,632,0.9654
45,632,0.9633
55,632,0.937
65,632,0.8343
70,632,0.7195
75,632,0.5507
0,634,0.9436
15,634,0.949
25,634,0.9573
35,634,0.9657
45,634,0.9634
55,634,0.9367
65,634,0.8331
70,634,0.7183
75,634,0.5499
0,636,0.9435
15,636,0.9493
25,636,0.9578
35,636,0.9659
45,636,0.9634
55,636,0.9363
65,636,0.8321
70,636,0.7173
75,636,0.5491
0,638,0.9434
15,638,0.9496
25,638,0.9583
35,638,0.9661
45,638,0.9634
55,638,0.9358
65,638,0.831
70,638,0.7162
75,638,0.5485
0,640,0.9434
15,640,0.9499
25,640,0.9588
35,640,0.9662
45,640,0.9634
55,640,0.9353
65,640,0.8298
70,640,0.7151
75,640,0.548
0,642,0.9435
15,642,0.9503
25,642,0.959
35,642,0.9663
45,642,0.9633
55,642,0.9347
65,642,0.8286
70,642,0.7142
75,642,0.5475
0,644,0.9436
15,644,0.9509
25,644,0.9595
35,644,0.9665
45,644,0.9632
55,644,0.9341
65,644,0.8276
70,644,0.7134
75,644,0.547
0,646,0.9438
15,646,0.9514
25,646,0.96
35,646,0.9665
45,646,0.9631
55,646,0.9335
65,646,0.8264
70,646,0.7125
75,646,0.5467
0,648,0.9442
15,648,0.9519
25,648,0.9603
35,648,0.9663
45,648,0.9629
55,648,0.9329
65,648,0.8254
70,648,0.7117
75,648,0.5464
0,650,0.9445
15,650,0.9522
25,650,0.9606
35,650,0.9664
45,650,0.9627
55,650,0.9322
65,650,0.8244
70,650,0.7111
75,650,0.5463
0,652,0.9449
15,652,0.9527
25,652,0.9609
35,652,0.9663
45,652,0.9625
55,652,0.9314
65,652,0.8233
70,652,0.7105
75,652,0.5464
0,654,0.9454
15,654,0.9534
25,654,0.9611
35,654,0.9661
45,654,0.9622
55,654,0.9305
65,654,0.8225
70,654,0.71
75,654,0.5467
0,656,0.9459
15,656,0.954
25,656,0.9611
35,656,0.9659
45,656,0.9621
55,656,0.9297
65,656,0.8215
70,656,0.7096
75,656,0.547
0,658,0.9463
15,658,0.9544
25,658,0.9611
35,658,0.9656
45,658,0.9618
55,658,0.9289
65,658,0.8206
70,658,0.7094
75,658,0.5474
0,660,0.9469
15,660,0.9547
25,660,0.9612
35,660,0.9653
45,660,0.9615
55,660,0.9279
65,660,0.8197
70,660,0.7092
75,660,0.5479
0,662,0.9475
15,662,0.955
25,662,0.9613
35,662,0.9652
45,662,0.9613
55,662,0.927
65,662,0.8189
70,662,0.7091
75,662,0.5484
0,664,0.9481
15,664,0.9552
25,664,0.9612
35,664,0.965
45,664,0.961
55,664,0.926
65,664,0.8182
70,664,0.7091
75,664,0.549
0,666,0.9486
15,666,0.9555
25,666,0.9611
35,666,0.9647
45,666,0.9606
55,666,0.9251
65,666,0.8175
70,666,0.7092
75,666,0.5498
0,668,0.9491
15,668,0.9556
25,668,0.9609
35,668,0.9646
45,668,0.9602
55,668,0.9238
65,668,0.8167
70,668,0.7094
75,668,0.5504
0,670,0.9495
15,670,0.9557
25,670,0.9607
35,670,0.9643
45,670,0.9599
55,670,0.9226
65,670,0.8161
70,670,0.7095
75,670,0.5513
0,672,0.9498
15,672,0.9559
25,672,0.9604
35,672,0.9641
45,672,0.9594
55,672,0.9214
65,672,0.8155
70,672,0.7097
75,672,0.5524
0,674,0.9501
15,674,0.9558
25,674,0.9602
35,674,0.9639
45,674,0.9589
55,674,0.9202
65,674,0.8149
70,674,0.7101
75,674,0.5536
0,676,0.9504
15,676,0.9557
25,676,0.9598
35,676,0.9637
45,676,0.9583
55,676,0.919
65,676,0.8142
70,676,0.7105
75,676,0.5547
0,678,0.9507
15,678,0.9556
25,678,0.9594
35,678,0.9635
45,678,0.9577
55,678,0.9175
65,678,0.8137
70,678,0.7109
75,678,0.5559
0,680,0.9507
15,680,0.9554
25,680,0.9591
35,680,0.9632
45,680,0.9571
55,680,0.9159
65,680,0.8132
70,680,0.7114
75,680,0.5572
0,682,0.9507
15,682,0.9552
25,682,0.9588
35,682,0.9631
45,682,0.9563
55,682,0.9146
65,682,0.8128
70,682,0.712
75,682,0.5584
0,684,0.9508
15,684,0.9549
25,684,0.9585
35,684,0.9628
45,684,0.9554
55,684,0.9131
65,684,0.8123
70,684,0.7128
75,684,0.5598
0,686,0.9507
15,686,0.9546
25,686,0.9581
35,686,0.9626
45,686,0.9546
55,686,0.9114
65,686,0.8118
70,686,0.7135
75,686,0.5616
0,688,0.9505
15,688,0.9541
25,688,0.9578
35,688,0.9623
45,688,0.9537
55,688,0.9096
65,688,0.8116
70,688,0.7144
75,688,0.5633
0,690,0.9506
15,690,0.9539
25,690,0.9577
35,690,0.9621
45,690,0.9524
55,690,0.9078
65,690,0.8113
70,690,0.7156
75,690,0.5652
0,692,0.9503
15,692,0.9538
25,692,0.9576
35,692,0.9619
45,692,0.9512
55,692,0.9061
65,692,0.8108
70,692,0.7167
75,692,0.5672
0,694,0.9501
15,694,0.9535
25,694,0.9571
35,694,0.9616
45,694,0.9499
55,694,0.9042
65,694,0.8105
70,694,0.7178
75,694,0.5692
0,696,0.9499
15,696,0.9531
25,696,0.957
35,696,0.9613
45,696,0.9488
55,696,0.9021
65,696,0.8103
70,696,0.7191
75,696,0.5715
0,698,0.9496
15,698,0.9528
25,698,0.9569
35,698,0.9609
45,698,0.9472
55,698,0.9001
65,698,0.81
70,698,0.7203
75,698,0.5739
0,700,0.9492
15,700,0.9523
25,700,0.9568
35,700,0.9603
45,700,0.9454
55,700,0.898
65,700,0.8097
70,700,0.7217
75,700,0.5764
0,702,0.9487
15,702,0.9521
25,702,0.9567
35,702,0.9598
45,702,0.9436
55,702,0.8957
65,702,0.8096
70,702,0.7232
75,702,0.5786
0,704,0.9483
15,704,0.9518
25,704,0.9564
35,704,0.9592
45,704,0.9417
55,704,0.8933
65,704,0.8096
70,704,0.7247
75,704,0.581
0,706,0.9481
15,706,0.9513
25,706,0.9561
35,706,0.9584
45,706,0.9397
55,706,0.891
65,706,0.8095
70,706,0.7263
75,706,0.5836
0,708,0.9477
15,708,0.9511
25,708,0.9559
35,708,0.9576
45,708,0.9373
55,708,0.8886
65,708,0.8098
70,708,0.7281
75,708,0.5864
0,710,0.9471
15,710,0.9509
25,710,0.9558
35,710,0.9566
45,710,0.9348
55,710,0.8862
65,710,0.81
70,710,0.7301
75,710,0.5891
0,712,0.9468
15,712,0.9506
25,712,0.9556
35,712,0.9554
45,712,0.9323
55,712,0.8838
65,712,0.8102
70,712,0.7321
75,712,0.5919
0,714,0.9465
15,714,0.9505
25,714,0.9553
35,714,0.9543
45,714,0.9298
55,714,0.8813
65,714,0.8105
70,714,0.7343
75,714,0.5951
0,716,0.9462
15,716,0.9502
25,716,0.9549
35,716,0.9531
45,716,0.9268
55,716,0.8789
65,716,0.8111
70,716,0.7364
75,716,0.5982
0,718,0.9458
15,718,0.9501
25,718,0.9546
35,718,0.9516
45,718,0.9237
55,718,0.8765
65,718,0.8115
70,718,0.7386
75,718,0.6013
0,720,0.9455
15,720,0.95
25,720,0.9542
35,720,0.9499
45,720,0.9207
55,720,0.8738
65,720,0.8122
70,720,0.7411
75,720,0.6045
0,722,0.9451
15,722,0.9496
25,722,0.9534
35,722,0.948
45,722,0.9174
55,722,0.8714
65,722,0.813
70,722,0.7437
75,722,0.6077
0,724,0.945
15,724,0.9495
25,724,0.9529
35,724,0.9459
45,724,0.914
55,724,0.869
65,724,0.8137
70,724,0.7462
75,724,0.611
0,726,0.9448
15,726,0.9493
25,726,0.9522
35,726,0.9437
45,726,0.9107
55,726,0.8666
65,726,0.8145
70,726,0.749
75,726,0.6142
0,728,0.9446
15,728,0.9489
25,728,0.9516
35,728,0.9415
45,728,0.9071
55,728,0.8644
65,728,0.8156
70,728,0.7516
75,728,0.6174
0,730,0.9444
15,730,0.9486
25,730,0.9507
35,730,0.939
45,730,0.9034
55,730,0.8621
65,730,0.8169
70,730,0.7544
75,730,0.6207
0,732,0.9441
15,732,0.9482
25,732,0.9494
35,732,0.9363
45,732,0.8998
55,732,0.8597
65,732,0.818
70,732,0.7572
75,732,0.6239
0,734,0.9439
15,734,0.9479
25,734,0.9484
35,734,0.9333
45,734,0.8959
55,734,0.8576
65,734,0.8194
70,734,0.7601
75,734,0.6271
0,736,0.9437
15,736,0.9478
25,736,0.9472
35,736,0.9303
45,736,0.892
55,736,0.8555
65,736,0.8209
70,736,0.7629
75,736,0.6304
0,738,0.9435
15,738,0.9474
25,738,0.9457
35,738,0.9269
45,738,0.888
55,738,0.8535
65,738,0.8225
70,738,0.7656
75,738,0.6334
0,740,0.9433
15,740,0.9466
25,740,0.944
35,740,0.9235
45,740,0.884
55,740,0.8518
65,740,0.824
70,740,0.7688
75,740,0.6366
0,742,0.9429
15,742,0.9459
25,742,0.9422
35,742,0.9202
45,742,0.8799
55,742,0.8498
65,742,0.8254
70,742,0.7716
75,742,0.6395
0,744,0.9426
15,744,0.9451
25,744,0.9402
35,744,0.9164
45,744,0.876
55,744,0.8479
65,744,0.827
70,744,0.7744
75,744,0.6425
0,746,0.9423
15,746,0.9443
25,746,0.9379
35,746,0.9125
45,746,0.8718
55,746,0.8464
65,746,0.8289
70,746,0.7772
75,746,0.6452
0,748,0.942
15,748,0.9432
25,748,0.9359
35,748,0.9086
45,748,0.868
55,748,0.8451
65,748,0.8307
70,748,0.7801
75,748,0.6477
0,750,0.9414
15,750,0.9422
25,750,0.9333
35,750,0.9044
45,750,0.8641
55,750,0.8437
65,750,0.8325
70,750,0.7829
75,750,0.6503
0,752,0.9411
15,752,0.9408
25,752,0.9303
35,752,0.8999
45,752,0.8601
55,752,0.8426
65,752,0.8342
70,752,0.7854
75,752,0.6528
0,754,0.9406
15,754,0.9393
25,754,0.9275
35,754,0.8954
45,754,0.8558
55,754,0.8413
65,754,0.836
70,754,0.788
75,754,0.6552
0,756,0.9401
15,756,0.9378
25,756,0.9246
35,756,0.891
45,756,0.8521
55,756,0.8404
65,756,0.8381
70,756,0.7907
75,756,0.657
0,758,0.9391
15,758,0.9363
25,758,0.9212
35,758,0.8863
45,758,0.8485
55,758,0.8398
65,758,0.8401
70,758,0.7932
75,758,0.6592
0,760,0.9377
15,760,0.9342
25,760,0.9177
35,760,0.8815
45,760,0.8446
55,760,0.8388
65,760,0.8421
70,760,0.7954
75,760,0.6609
0,762,0.937
15,762,0.932
25,762,0.9139
35,762,0.8768
45,762,0.8409
55,762,0.8382
65,762,0.8439
70,762,0.7976
75,762,0.6624
0,764,0.9357
15,764,0.9296
25,764,0.91
35,764,0.872
45,764,0.8375
55,764,0.8376
65,764,0.8459
70,764,0.8
75,764,0.6639
0,766,0.9342
15,766,0.9273
25,766,0.906
35,766,0.8673
45,766,0.8338
55,766,0.8372
65,766,0.848
70,766,0.8019
75,766,0.6656
0,768,0.9328
15,768,0.9247
25,768,0.902
35,768,0.8627
45,768,0.8304
55,768,0.8369
65,768,0.8498
70,768,0.8039
75,768,0.6667
0,770,0.9311
15,770,0.9219
25,770,0.8975
35,770,0.8577
45,770,0.8272
55,770,0.8366
65,770,0.8519
70,770,0.8059
75,770,0.6675
0,772,0.9293
15,772,0.9185
25,772,0.8929
35,772,0.8524
45,772,0.824
55,772,0.8365
65,772,0.8537
70,772,0.8077
75,772,0.6682
0,774,0.9274
15,774,0.9152
25,774,0.8883
35,774,0.8477
45,774,0.8211
55,774,0.8365
65,774,0.8556
70,774,0.8093
75,774,0.6689
0,776,0.9251
15,776,0.9116
25,776,0.8835
35,776,0.8428
45,776,0.8182
55,776,0.8368
65,776,0.8573
70,776,0.8108
75,776,0.6695
0,778,0.9227
15,778,0.9079
25,778,0.8783
35,778,0.8378
45,778,0.8153
55,778,0.837
65,778,0.8591
70,778,0.8124
75,778,0.6701
0,780,0.9203
15,780,0.904
25,780,0.8735
35,780,0.8331
45,780,0.8125
55,780,0.8375
65,780,0.8609
70,780,0.8134
75,780,0.6703
0,782,0.9173
15,782,0.9001
25,782,0.8684
35,782,0.8284
45,782,0.8099
55,782,0.8382
65,782,0.8626
70,782,0.8147
75,782,0.6705
0,784,0.9141
15,784,0.8959
25,784,0.8631
35,784,0.8236
45,784,0.8075
55,784,0.8388
65,784,0.8642
70,784,0.8158
75,784,0.6704
0,786,0.9111
15,786,0.8915
25,786,0.8581
35,786,0.8188
45,786,0.8055
55,786,0.8394
65,786,0.8663
70,786,0.8167
75,786,0.6701
0,788,0.9077
15,788,0.8872
25,788,0.8526
35,788,0.8143
45,788,0.8032
55,788,0.8401
65,788,0.8678
70,788,0.8173
75,788,0.6698
0,790,0.9043
15,790,0.8824
25,790,0.8472
35,790,0.8098
45,790,0.8011
55,790,0.8408
65,790,0.8691
70,790,0.818
75,790,0.6695
0,792,0.9005
15,792,0.8774
25,792,0.8419
35,792,0.8055
45,792,0.7994
55,792,0.8418
65,792,0.8708
70,792,0.8186
75,792,0.6691
0,794,0.8962
15,794,0.8724
25,794,0.8367
35,794,0.8012
45,794,0.7976
55,794,0.8427
65,794,0.8721
70,794,0.8193
75,794,0.6684
0,796,0.892
15,796,0.8671
25,796,0.8313
35,796,0.7973
45,796,0.7961
55,796,0.844
65,796,0.8733
70,796,0.8194
75,796,0.6678
0,798,0.8878
15,798,0.8622
25,798,0.8258
35,798,0.7934
45,798,0.7949
55,798,0.8453
65,798,0.8746
70,798,0.8195
75,798,0.6669
0,800,0.8833
15,800,0.8568
25,800,0.8206
35,800,0.7893
45,800,0.7936
55,800,0.8465
65,800,0.876
70,800,0.82
75,800,0.666
0,802,0.8785
15,802,0.8513
25,802,0.8152
35,802,0.7854
45,802,0.7926
55,802,0.8481
65,802,0.8774
70,802,0.8202
75,802,0.665
0,804,0.8738
15,804,0.8457
25,804,0.81
35,804,0.7817
45,804,0.7918
55,804,0.8495
65,804,0.879
70,804,0.82
75,804,0.6638
0,806,0.8686
15,806,0.8404
25,806,0.8047
35,806,0.7784
45,806,0.791
55,806,0.851
65,806,0.88
70,806,0.8199
75,806,0.6626
0,808,0.8634
15,808,0.8345
25,808,0.7997
35,808,0.775
45,808,0.7905
55,808,0.8525
65,808,0.881
70,808,0.8201
75,808,0.6616
0,810,0.8578
15,810,0.8284
25,810,0.794
35,810,0.7714
45,810,0.7897
55,810,0.8537
65,810,0.8815
70,810,0.8193
75,810,0.6602
0,812,0.8524
15,812,0.8226
25,812,0.7889
35,812,0.768
45,812,0.7889
55,812,0.8552
65,812,0.8826
70,812,0.8198
75,812,0.6607
0,814,0.847
15,814,0.8172
25,814,0.7837
35,814,0.7651
45,814,0.7886
55,814,0.857
65,814,0.8836
70,814,0.8197
75,814,0.6601
0,816,0.8415
15,816,0.8116
25,816,0.779
35,816,0.7624
45,816,0.7886
55,816,0.8586
65,816,0.8845
70,816,0.8193
75,816,0.6586
0,818,0.8358
15,818,0.8058
25,818,0.7744
35,818,0.7598
45,818,0.7887
55,818,0.8609
65,818,0.8852
70,818,0.819
75,818,0.6571
0,820,0.8302
15,820,0.8007
25,820,0.7699
35,820,0.7575
45,820,0.7892
55,820,0.8629
65,820,0.8862
70,820,0.8184
75,820,0.6559
0,822,0.8242
15,822,0.795
25,822,0.7653
35,822,0.7552
45,822,0.7899
55,822,0.865
65,822,0.887
70,822,0.8181
75,822,0.655
0,824,0.8185
15,824,0.7892
25,824,0.7609
35,824,0.753
45,824,0.7905
55,824,0.8667
65,824,0.888
70,824,0.8178
75,824,0.6535
0,826,0.8127
15,826,0.7839
25,826,0.7567
35,826,0.751
45,826,0.7907
55,826,0.8693
65,826,0.889
70,826,0.8172
75,826,0.6517
0,828,0.807
15,828,0.7786
25,828,0.7525
35,828,0.7494
45,828,0.7917
55,828,0.8713
65,828,0.8897
70,828,0.8168
75,828,0.6507
0,830,0.8011
15,830,0.7731
25,830,0.7488
35,830,0.7482
45,830,0.7931
55,830,0.8741
65,830,0.891
70,830,0.8164
75,830,0.6496
0,832,0.7952
15,832,0.7678
25,832,0.7448
35,832,0.7464
45,832,0.794
55,832,0.8767
65,832,0.8917
70,832,0.8159
75,832,0.6486
0,834,0.7893
15,834,0.7628
25,834,0.7413
35,834,0.7451
45,834,0.7955
55,834,0.8791
65,834,0.8926
70,834,0.8152
75,834,0.6474
0,836,0.7837
15,836,0.7582
25,836,0.7374
35,836,0.7443
45,836,0.7969
55,836,0.8815
65,836,0.8933
70,836,0.8148
75,836,0.6457
0,838,0.7777
15,838,0.7528
25,838,0.7342
35,838,0.7431
45,838,0.7986
55,838,0.8838
65,838,0.8937
70,838,0.8146
75,838,0.645
0,840,0.7729
15,840,0.7482
25,840,0.7313
35,840,0.7426
45,840,0.8008
55,840,0.8862
65,840,0.8945
70,840,0.814
75,840,0.644
0,842,0.7671
15,842,0.7433
25,842,0.7282
35,842,0.7423
45,842,0.8025
55,842,0.8888
65,842,0.8949
70,842,0.8135
75,842,0.6432
0,844,0.7614
15,844,0.7384
25,844,0.7254
35,844,0.7414
45,844,0.8042
55,844,0.8914
65,844,0.8962
70,844,0.8134
75,844,0.6421
0,846,0.7563
15,846,0.7343
25,846,0.7224
35,846,0.7417
45,846,0.8064
55,846,0.8939
65,846,0.8965
70,846,0.8132
75,846,0.6412
0,848,0.7507
15,848,0.7301
25,848,0.7202
35,848,0.7409
45,848,0.8092
55,848,0.8971
65,848,0.8979
70,848,0.8122
75,848,0.6403
0,850,0.7461
15,850,0.7265
25,850,0.7174
35,850,0.7414
45,850,0.8111
55,850,0.8995
65,850,0.8984
70,850,0.8125
75,850,0.6402
0,852,0.7411
15,852,0.7221
25,852,0.7152
35,852,0.742
45,852,0.8132
55,852,0.9025
65,852,0.8989
70,852,0.8133
75,852,0.6393
0,854,0.7353
15,854,0.7179
25,854,0.7131
35,854,0.7421
45,854,0.8156
55,854,0.905
65,854,0.8996
70,854,0.8125
75,854,0.6388
0,856,0.7301
15,856,0.7142
25,856,0.7115
35,856,0.7427
45,856,0.8177
55,856,0.9075
65,856,0.901
70,856,0.8119
75,856,0.6382
0,858,0.7254
15,858,0.7121
25,858,0.7098
35,858,0.7447
45,858,0.8209
55,858,0.9105
65,858,0.9016
70,858,0.8109
75,858,0.6389
0,860,0.7206
15,860,0.7073
25,860,0.7084
35,860,0.7441
45,860,0.8249
55,860,0.9134
65,860,0.902
70,860,0.8113
75,860,0.6372
0,862,0.7164
15,862,0.7027
25,862,0.7069
35,862,0.746
45,862,0.826
55,862,0.9142
65,862,0.9026
70,862,0.8112
75,862,0.6372
0,864,0.7128
15,864,0.7008
25,864,0.7053
35,864,0.7462
45,864,0.829
55,864,0.9182
65,864,0.9033
70,864,0.8102
75,864,0.6357
0,866,0.7073
15,866,0.6986
25,866,0.704
35,866,0.7468
45,866,0.8329
55,866,0.9199
65,866,0.9046
70,866,0.812
75,866,0.6362
0,868,0.704
15,868,0.6955
25,868,0.7034
35,868,0.7485
45,868,0.8345
55,868,0.9225
65,868,0.9034
70,868,0.8109
75,868,0.6364
0,870,0.699
15,870,0.6929
25,870,0.7031
35,870,0.7507
45,870,0.8375
55,870,0.9241
65,870,0.9048
70,870,0.8105
75,870,0.6359
0,872,0.6957
15,872,0.6906
25,872,0.7021
35,872,0.7507
45,872,0.8396
55,872,0.9302
65,872,0.9052
70,872,0.8101
75,872,0.6373
0,874,0.6912
15,874,0.6883
25,874,0.7003
35,874,0.752
45,874,0.8465
55,874,0.9289
65,874,0.905
70,874,0.8099
75,874,0.6363
0,876,0.6901
15,876,0.6862
25,876,0.7017
35,876,0.7554
45,876,0.847
55,876,0.9322
65,876,0.906
70,876,0.8097
75,876,0.6361
0,878,0.6846
15,878,0.6846
25,878,0.703
35,878,0.7574
45,878,0.8507
55,878,0.9338
65,878,0.9066
70,878,0.8109
75,878,0.6363
0,880,0.68
15,880,0.6799
25,880,0.7011
35,880,0.7599
45,880,0.8504
55,880,0.9353
65,880,0.906
70,880,0.8115
75,880,0.6356
0,882,0.6798
15,882,0.6801
25,882,0.701
35,882,0.7625
45,882,0.8567
55,882,0.9381
65,882,0.9074
70,882,0.8123
75,882,0.6364
0,884,0.6766
15,884,0.6754
25,884,0.6992
35,884,0.7618
45,884,0.8589
55,884,0.9413
65,884,0.9083
70,884,0.8132
75,884,0.6367
0,886,0.6743
15,886,0.6766
25,886,0.7056
35,886,0.765
45,886,0.8634
55,886,0.9421
65,886,0.9066
70,886,0.8106
75,886,0.6359
0,888,0.6699
15,888,0.6782
25,888,0.7041
35,888,0.7649
45,888,0.8631
55,888,0.9399
65,888,0.909
70,888,0.8118
75,888,0.6351
0,890,0.6697
15,890,0.6731
25,890,0.7028
35,890,0.7676
45,890,0.8667
55,890,0.9453
65,890,0.9113
70,890,0.8101
75,890,0.6361
0,892,0.6666
15,892,0.6722
25,892,0.7052
35,892,0.772
45,892,0.8693
55,892,0.9505
65,892,0.9075
70,892,0.8104
75,892,0.6364
0,894,0.6644
15,894,0.67
25,894,0.7032
35,894,0.7745
45,894,0.8708
55,894,0.945
65,894,0.9056
70,894,0.8093
75,894,0.6357
0,896,0.6621
15,896,0.6746
25,896,0.708
35,896,0.7773
45,896,0.8788
55,896,0.9521
65,896,0.9086
70,896,0.812
75,896,0.6402
0,898,0.6609
15,898,0.6725
25,898,0.7065
35,898,0.7789
45,898,0.8746
55,898,0.9553
65,898,0.9108
70,898,0.8108
75,898,0.6355
0,900,0.6602
15,900,0.6701
25,900,0.706
35,900,0.7819
45,900,0.8848
55,900,0.9512
65,900,0.9149
70,900,0.8112
75,900,0.639
