0,250,0.0377
10,250,0.0367
20,250,0.0314
30,250,0.0239
40,250,0.0271
45,250,0.0246
50,250,0.0198
60,250,0.0171
70,250,0.0144
0,252,0.0457
10,252,0.0427
20,252,0.0358
30,252,0.0286
40,252,0.0356
45,252,0.029
50,252,0.0258
60,252,0.0227
70,252,0.0187
0,254,0.0508
10,254,0.0467
20,254,0.043
30,254,0.0392
40,254,0.0427
45,254,0.0345
50,254,0.0336
60,254,0.0315
70,254,0.0229
0,256,0.0566
10,256,0.0555
20,256,0.0495
30,256,0.0559
40,256,0.0485
45,256,0.0445
50,256,0.0407
60,256,0.0418
70,256,0.0292
0,258,0.0699
10,258,0.0676
20,258,0.0582
30,258,0.0749
40,258,0.059
45,258,0.0546
50,258,0.0524
60,258,0.0521
70,258,0.0386
0,260,0.0826
10,260,0.0749
20,260,0.0757
30,260,0.0905
40,260,0.0735
45,260,0.0644
50,260,0.072
60,260,0.0621
70,260,0.0495
0,262,0.0886
10,262,0.0838
20,262,0.1046
30,262,0.1
40,262,0.0842
45,262,0.084
50,262,0.0942
60,262,0.0757
70,262,0.062
0,264,0.0997
10,264,0.1059
20,264,0.1392
30,264,0.1168
40,264,0.1004
45,264,0.114
50,264,0.1161
60,264,0.095
70,264,0.0769
0,266,0.1298
10,266,0.1491
20,266,0.1595
30,266,0.1404
40,266,0.1341
45,266,0.1445
50,266,0.1361
60,266,0.1168
70,266,0.0936
0,268,0.1847
10,268,0.1977
20,268,0.174
30,268,0.1523
40,268,0.1757
45,268,0.1738
50,268,0.1566
60,268,0.1417
70,268,0.1125
0,270,0.2317
10,270,0.2192
20,270,0.2055
30,270,0.1683
40,270,0.2135
45,270,0.1991
50,270,0.1852
60,270,0.1717
70,270,0.1334
0,272,0.2491
10,272,0.2395
20,272,0.228
30,272,0.2155
40,272,0.2488
45,272,0.2234
50,272,0.2209
60,272,0.2033
70,272,0.1555
0,274,0.2789
10,274,0.2794
20,274,0.2287
30,274,0.2797
40,274,0.2764
45,274,0.258
50,274,0.2569
60,274,0.2351
70,274,0.1841
0,276,0.3175
10,276,0.2914
20,276,0.2553
30,276,0.3313
40,276,0.303
45,276,0.3005
50,276,0.2964
60,276,0.2671
70,276,0.2184
0,278,0.3139
10,278,0.2822
20,278,0.3304
30,278,0.3773
40,278,0.3441
45,278,0.3409
50,278,0.3403
60,278,0.2952
70,278,0.253
0,280,0.3085
10,280,0.3177
20,280,0.4067
30,280,0.4138
40,280,0.3914
45,280,0.3821
50,280,0.3807
60,280,0.3247
70,280,0.2863
0,282,0.3641
10,282,0.409
20,282,0.455
30,282,0.4317
40,282,0.4319
45,282,0.4269
50,282,0.4184
60,282,0.3648
70,282,0.321
0,284,0.4636
10,284,0.4874
20,284,0.5026
30,284,0.4577
40,284,0.4723
45,284,0.4673
50,284,0.4534
60,284,0.4138
70,284,0.3559
0,286,0.5287
10,286,0.5294
20,286,0.5349
30,286,0.5069
40,286,0.5153
45,286,0.5039
50,286,0.4774
60,286,0.4605
70,286,0.3858
0,288,0.567
10,288,0.5765
20,288,0.5367
30,288,0.5547
40,288,0.552
45,288,0.5378
50,288,0.4982
60,288,0.5005
70,288,0.4159
0,290,0.6135
10,290,0.6044
20,290,0.5523
30,290,0.5863
40,290,0.5849
45,290,0.5593
50,290,0.5343
60,290,0.5388
70,290,0.4534
0,292,0.6287
10,292,0.5933
20,292,0.6023
30,292,0.6169
40,292,0.6162
45,292,0.5715
50,292,0.5864
60,292,0.5733
70,292,0.4876
0,294,0.6118
10,294,0.5985
20,294,0.6507
30,294,0.6494
40,294,0.6334
45,294,0.5971
50,294,0.634
60,294,0.5995
70,294,0.5099
0,296,0.6242
10,296,0.6476
20,296,0.674
30,296,0.6747
40,296,0.6381
45,296,0.6445
50,296,0.6663
60,296,0.6262
70,296,0.5321
0,298,0.6782
10,298,0.6989
20,298,0.6926
30,298,0.7002
40,298,0.6566
45,298,0.6928
50,298,0.6941
60,298,0.6574
70,298,0.5631
0,300,0.7235
10,300,0.7189
20,300,0.716
30,300,0.7265
40,300,0.7001
45,300,0.7224
50,300,0.7218
60,300,0.6852
70,300,0.5905
0,302,0.7374
10,302,0.729
20,302,0.7343
30,302,0.7351
40,302,0.7462
45,302,0.7419
50,302,0.7401
60,302,0.7054
70,302,0.6035
0,304,0.7459
10,304,0.7456
20,304,0.7536
30,304,0.7265
40,304,0.7713
45,304,0.7645
50,304,0.7481
60,304,0.7235
70,304,0.6145
0,306,0.7608
10,306,0.76
20,306,0.7792
30,306,0.7318
40,306,0.7836
45,306,0.7827
50,306,0.7603
60,306,0.7453
70,306,0.6376
0,308,0.773
10,308,0.7745
20,308,0.7916
30,308,0.7682
40,308,0.8012
45,308,0.7855
50,308,0.782
60,308,0.764
70,308,0.6632
0,310,0.7882
10,310,0.7998
20,310,0.7778
30,310,0.8115
40,310,0.8178
45,310,0.7847
50,310,0.8054
60,310,0.7739
70,310,0.6746
0,312,0.8138
10,312,0.8175
20,312,0.7665
30,312,0.8286
40,312,0.8171
45,312,0.796
50,312,0.8209
60,312,0.7798
70,312,0.6743
0,314,0.828
10,314,0.8058
20,314,0.7884
30,314,0.8274
40,314,0.8061
45,314,0.8203
50,314,0.8303
60,314,0.7917
70,314,0.6803
0,316,0.8124
10,316,0.7856
20,316,0.8328
30,316,0.8354
40,316,0.8079
45,316,0.8426
50,316,0.8417
60,316,0.8077
70,316,0.6987
0,318,0.794
10,318,0.7953
20,318,0.8562
30,318,0.8513
40,318,0.8305
45,318,0.8528
50,318,0.8532
60,318,0.8197
70,318,0.7134
0,320,0.8057
10,320,0.8325
20,320,0.8487
30,320,0.8504
40,320,0.853
45,320,0.8534
50,320,0.8533
60,320,0.8176
70,320,0.7058
0,322,0.8452
10,322,0.865
20,322,0.8398
30,322,0.8281
40,322,0.8686
45,322,0.8612
50,322,0.8499
60,322,0.8207
70,322,0.6948
0,324,0.872
10,324,0.8601
20,324,0.8522
30,324,0.8065
40,324,0.8718
45,324,0.8703
50,324,0.8469
60,324,0.8293
70,324,0.6953
0,326,0.8617
10,326,0.8419
20,326,0.8663
30,326,0.8132
40,326,0.8747
45,326,0.8712
50,326,0.8511
60,326,0.8395
70,326,0.7132
0,328,0.8429
10,328,0.8448
20,328,0.85
30,328,0.846
40,328,0.8832
45,328,0.8623
50,328,0.8613
60,328,0.8422
70,328,0.7324
0,330,0.8488
10,330,0.8647
20,330,0.8137
30,330,0.878
40,330,0.8877
45,330,0.854
50,330,0.8724
60,330,0.8373
70,330,0.7335
0,332,0.8685
10,332,0.8621
20,332,0.7935
30,332,0.8889
40,332,0.8796
45,332,0.8556
50,332,0.879
60,332,0.8338
70,332,0.7181
0,334,0.8628
10,334,0.8249
20,334,0.8107
30,334,0.8854
40,334,0.8637
45,334,0.8671
50,334,0.8825
60,334,0.8408
70,334,0.7091
0,336,0.8237
10,336,0.7871
20,336,0.8545
30,336,0.8863
40,336,0.8544
45,336,0.8806
50,336,0.8838
60,336,0.8549
70,336,0.7196
0,338,0.7865
10,338,0.7847
20,338,0.889
30,338,0.8954
40,338,0.8605
45,338,0.8884
50,338,0.8849
60,338,0.8633
70,338,0.7404
0,340,0.7859
10,340,0.8224
20,340,0.8952
30,340,0.8975
40,340,0.8761
45,340,0.8896
50,340,0.8852
60,340,0.8578
70,340,0.7484
0,342,0.8249
10,342,0.8717
20,342,0.8871
30,342,0.8819
40,342,0.8911
45,342,0.8882
50,342,0.8859
60,342,0.8473
70,342,0.7356
0,344,0.8749
10,344,0.8966
20,344,0.8879
30,344,0.8567
40,344,0.897
45,344,0.888
50,344,0.8902
60,344,0.8449
70,344,0.715
0,346,0.9003
10,346,0.8929
20,346,0.8995
30,346,0.8401
40,346,0.8951
45,346,0.89
50,346,0.8981
60,346,0.8557
70,346,0.7068
0,348,0.8953
10,348,0.8846
20,348,0.9012
30,348,0.845
40,348,0.8917
45,348,0.8943
50,348,0.906
60,348,0.8692
70,348,0.714
0,350,0.8869
10,350,0.8909
20,350,0.8804
30,350,0.8664
40,350,0.8926
45,350,0.9002
50,350,0.9077
60,350,0.8719
70,350,0.7281
0,352,0.893
10,352,0.9031
20,352,0.8473
30,352,0.8885
40,352,0.8971
45,352,0.9074
50,352,0.9035
60,352,0.8602
70,352,0.7366
0,354,0.9054
10,354,0.8972
20,354,0.8256
30,354,0.8985
40,354,0.9045
45,354,0.9136
50,354,0.8983
60,354,0.8445
70,354,0.7318
0,356,0.9004
10,356,0.8662
20,356,0.8289
30,356,0.8949
40,356,0.9118
45,356,0.9153
50,356,0.8996
60,356,0.8386
70,356,0.7102
0,358,0.8688
10,358,0.829
20,358,0.8539
30,358,0.8878
40,358,0.9188
45,358,0.9127
50,358,0.9067
60,358,0.8454
70,358,0.6793
0,360,0.8318
10,360,0.8115
20,360,0.8828
30,360,0.8861
40,360,0.9235
45,360,0.9097
50,360,0.9136
60,360,0.8573
70,360,0.6603
0,362,0.8122
10,362,0.8219
20,362,0.8972
30,362,0.893
40,362,0.9246
45,362,0.9098
50,362,0.9123
60,362,0.8626
70,362,0.6565
0,364,0.8216
10,364,0.8526
20,364,0.8937
30,364,0.9046
40,364,0.9225
45,364,0.9138
50,364,0.9033
60,364,0.8563
70,364,0.6472
0,366,0.8516
10,366,0.8829
20,366,0.8831
30,366,0.9153
40,366,0.9196
45,366,0.9189
50,366,0.8934
60,366,0.8415
70,366,0.6207
0,368,0.8827
10,368,0.8955
20,368,0.8784
30,368,0.9229
40,368,0.9202
45,368,0.9189
50,368,0.8905
60,368,0.8257
70,368,0.5804
0,370,0.8968
10,370,0.8885
20,370,0.8837
30,370,0.9273
40,370,0.9236
45,370,0.9115
50,370,0.8956
60,370,0.8159
70,370,0.5378
0,372,0.8912
10,372,0.8766
20,372,0.8971
30,372,0.9289
40,372,0.9261
45,372,0.903
50,372,0.904
60,372,0.8125
70,372,0.5127
0,374,0.8789
10,374,0.8714
20,374,0.9116
30,374,0.9286
40,374,0.9243
45,374,0.8992
50,374,0.9063
60,374,0.7998
70,374,0.5161
0,376,0.8731
10,376,0.8785
20,376,0.9226
30,376,0.9267
40,376,0.9173
45,376,0.9036
50,376,0.8988
60,376,0.7628
70,376,0.5389
0,378,0.8792
10,378,0.8934
20,378,0.9284
30,378,0.9253
40,378,0.9097
45,378,0.9111
50,378,0.8868
60,378,0.7049
70,378,0.5368
0,380,0.8936
10,380,0.9099
20,380,0.9296
30,380,0.9255
40,380,0.9062
45,380,0.9135
50,380,0.8756
60,380,0.6498
70,380,0.4579
0,382,0.9097
10,382,0.9211
20,382,0.9295
30,382,0.927
40,382,0.9112
45,382,0.9072
50,382,0.8742
60,382,0.6214
70,382,0.3322
0,384,0.9219
10,384,0.9268
20,384,0.9282
30,384,0.9265
40,384,0.9191
45,384,0.8939
50,384,0.8811
60,384,0.6224
70,384,0.2199
0,386,0.9282
10,386,0.9291
20,386,0.9266
30,386,0.922
40,386,0.9219
45,386,0.8824
50,386,0.8874
60,386,0.6381
70,386,0.1477
0,388,0.9309
10,388,0.929
20,388,0.9264
30,388,0.914
40,388,0.9142
45,388,0.8799
50,388,0.8692
60,388,0.6202
70,388,0.1075
0,390,0.9311
10,390,0.9277
20,390,0.927
30,390,0.9079
40,390,0.8987
45,390,0.8875
50,390,0.8181
60,390,0.5253
70,390,0.0864
0,392,0.9299
10,392,0.9259
20,392,0.9273
30,392,0.908
40,392,0.8849
45,392,0.8996
50,392,0.747
60,392,0.3733
70,392,0.0764
0,394,0.9278
10,394,0.9246
20,394,0.9247
30,394,0.9156
40,394,0.8817
45,394,0.904
50,394,0.6889
60,394,0.233
70,394,0.0738
0,396,0.9263
10,396,0.9249
20,396,0.9177
30,396,0.9253
40,396,0.8909
45,396,0.879
50,396,0.6732
60,396,0.1425
70,396,0.0775
0,398,0.9259
10,398,0.925
20,398,0.9087
30,398,0.9276
40,398,0.9059
45,398,0.8216
50,398,0.679
60,398,0.0933
70,398,0.0867
0,400,0.9263
10,400,0.9225
20,400,0.9035
30,400,0.9164
40,400,0.9158
45,400,0.7532
50,400,0.6488
60,400,0.0669
70,400,0.0996
0,402,0.9244
10,402,0.9158
20,402,0.9063
30,402,0.8954
40,402,0.9082
45,402,0.7052
50,402,0.5383
60,402,0.0523
70,402,0.1124
0,404,0.9185
10,404,0.9062
20,404,0.9163
30,404,0.8752
40,404,0.8692
45,404,0.6937
50,404,0.3691
60,404,0.0443
70,404,0.1192
0,406,0.9094
10,406,0.899
20,406,0.9265
30,406,0.8685
40,406,0.8071
45,406,0.6718
50,406,0.2151
60,406,0.0404
70,406,0.1168
0,408,0.9015
10,408,0.8995
20,408,0.9273
30,408,0.8801
40,408,0.7515
45,408,0.5769
50,408,0.1207
60,408,0.0394
70,408,0.1074
0,410,0.9
10,410,0.9089
20,410,0.9121
30,410,0.9019
40,410,0.7207
45,410,0.4115
50,410,0.0721
60,410,0.0407
70,410,0.0961
0,412,0.9072
10,412,0.9213
20,412,0.8854
30,412,0.9188
40,412,0.6866
45,412,0.243
50,412,0.047
60,412,0.0441
70,412,0.0869
0,414,0.9197
10,414,0.9263
20,414,0.8615
30,414,0.9169
40,414,0.5811
45,414,0.1309
50,414,0.0334
60,414,0.0492
70,414,0.0821
0,416,0.9277
10,416,0.9145
20,416,0.8533
30,416,0.8969
40,416,0.4013
45,416,0.073
50,416,0.0257
60,416,0.0555
70,416,0.0829
0,418,0.9206
10,418,0.8874
20,418,0.8676
30,418,0.8684
40,418,0.2271
45,418,0.0445
50,418,0.0214
60,418,0.0619
70,418,0.0904
0,420,0.8969
10,420,0.8578
20,420,0.896
30,420,0.836
40,420,0.1188
45,420,0.03
50,420,0.0191
60,420,0.0673
70,420,0.1066
0,422,0.8662
10,422,0.8412
20,422,0.9198
30,422,0.8004
40,422,0.0648
45,422,0.0219
50,422,0.0181
60,422,0.0709
70,422,0.1346
0,424,0.8446
10,424,0.8476
20,424,0.9195
30,424,0.7291
40,424,0.0383
45,424,0.0172
50,424,0.0182
60,424,0.0726
70,424,0.1757
0,426,0.8441
10,426,0.8756
20,426,0.8949
30,426,0.5748
40,426,0.0249
45,426,0.0145
50,426,0.0193
60,426,0.0732
70,426,0.2184
0,428,0.8664
10,428,0.9088
20,428,0.8707
30,428,0.3638
40,428,0.0177
45,428,0.0131
50,428,0.0215
60,428,0.0741
70,428,0.237
0,430,0.9005
10,430,0.9229
20,430,0.8681
30,430,0.1902
40,430,0.0136
45,430,0.0125
50,430,0.025
60,430,0.0767
70,430,0.2196
0,432,0.9233
10,432,0.9057
20,432,0.8635
30,432,0.0942
40,432,0.0112
45,432,0.0126
50,432,0.0297
60,432,0.082
70,432,0.1805
0,434,0.9158
10,434,0.874
20,434,0.7796
30,434,0.0493
40,434,0.0098
45,434,0.0134
50,434,0.0356
60,434,0.0906
70,434,0.1407
0,436,0.8853
10,436,0.8626
20,436,0.5629
30,436,0.0284
40,436,0.009
45,436,0.0151
50,436,0.0421
60,436,0.1021
70,436,0.1115
0,438,0.8646
10,438,0.8819
20,438,0.3119
30,438,0.0181
40,438,0.0088
45,438,0.0177
50,438,0.0481
60,438,0.1135
70,438,0.0936
0,440,0.8784
10,440,0.8609
20,440,0.1486
30,440,0.0125
40,440,0.0091
45,440,0.0214
50,440,0.0524
60,440,0.121
70,440,0.084
0,442,0.8877
10,442,0.6756
20,442,0.0717
30,442,0.0093
40,442,0.0099
45,442,0.0264
50,442,0.0547
60,442,0.1207
70,442,0.0806
0,444,0.7585
10,444,0.3817
20,444,0.0376
30,444,0.0074
40,444,0.0113
45,444,0.0325
50,444,0.0553
60,444,0.1122
70,444,0.0827
0,446,0.4618
10,446,0.1737
20,446,0.0218
30,446,0.0063
40,446,0.0138
45,446,0.039
50,446,0.0558
60,446,0.0992
70,446,0.0915
0,448,0.2197
10,448,0.0811
20,448,0.0141
30,448,0.0057
40,448,0.0174
45,448,0.0445
50,448,0.0572
60,448,0.0864
70,448,0.1085
0,450,0.1011
10,450,0.0417
20,450,0.0099
30,450,0.0054
40,450,0.0225
45,450,0.048
50,450,0.0594
60,450,0.0752
70,450,0.1353
0,452,0.0503
10,452,0.0238
20,452,0.0074
30,452,0.0054
40,452,0.0287
45,452,0.0493
50,452,0.0627
60,452,0.0672
70,452,0.1748
0,454,0.0276
10,454,0.0148
20,454,0.0059
30,454,0.0057
40,454,0.0352
45,454,0.0493
50,454,0.0662
60,454,0.0625
70,454,0.2265
0,456,0.0166
10,456,0.0099
20,456,0.005
30,456,0.0063
40,456,0.0406
45,456,0.0489
50,456,0.0685
60,456,0.061
70,456,0.2805
0,458,0.0109
10,458,0.0072
20,458,0.0044
30,458,0.0072
40,458,0.0434
45,458,0.0492
50,458,0.0684
60,458,0.0628
70,458,0.3169
0,460,0.0077
10,460,0.0055
20,460,0.004
30,460,0.0086
40,460,0.0437
45,460,0.0501
50,460,0.0653
60,460,0.0679
70,460,0.3213
0,462,0.0057
10,462,0.0044
20,462,0.0038
30,462,0.0108
40,462,0.0424
45,462,0.0514
50,462,0.0596
60,462,0.0775
70,462,0.2948
0,464,0.0044
10,464,0.0036
20,464,0.0037
30,464,0.0141
40,464,0.0406
45,464,0.0523
50,464,0.0525
60,464,0.0934
70,464,0.253
0,466,0.0036
10,466,0.0031
20,466,0.0038
30,466,0.0187
40,466,0.0393
45,466,0.0518
50,466,0.0454
60,466,0.1182
70,466,0.2127
0,468,0.003
10,468,0.0028
20,468,0.0041
30,468,0.0241
40,468,0.0388
45,468,0.0493
50,468,0.0395
60,468,0.1536
70,468,0.1825
0,470,0.0027
10,470,0.0027
20,470,0.0047
30,470,0.0291
40,470,0.0388
45,470,0.045
50,470,0.035
60,470,0.1983
70,470,0.1624
0,472,0.0025
10,472,0.0027
20,472,0.0058
30,472,0.0323
40,472,0.0386
45,472,0.0394
50,472,0.032
60,472,0.2429
70,472,0.1505
0,474,0.0025
10,474,0.0028
20,474,0.0074
30,474,0.0325
40,474,0.0376
45,474,0.0336
50,474,0.0303
60,474,0.2723
70,474,0.1456
0,476,0.0026
10,476,0.0031
20,476,0.0099
30,476,0.0304
40,476,0.0352
45,476,0.0284
50,476,0.0301
60,476,0.2751
70,476,0.1467
0,478,0.0028
10,478,0.0037
20,478,0.0136
30,478,0.0275
40,478,0.0316
45,478,0.0243
50,478,0.0312
60,478,0.2502
70,478,0.1533
0,480,0.0032
10,480,0.0045
20,480,0.0182
30,480,0.025
40,480,0.0272
45,480,0.0213
50,480,0.0339
60,480,0.2078
70,480,0.165
0,482,0.004
10,482,0.0059
20,482,0.0229
30,482,0.0233
40,482,0.0226
45,482,0.0191
50,482,0.0387
60,482,0.1631
70,482,0.1819
0,484,0.0052
10,484,0.0082
20,484,0.0258
30,484,0.0224
40,484,0.0188
45,484,0.0181
50,484,0.0473
60,484,0.129
70,484,0.2076
0,486,0.0069
10,486,0.0116
20,486,0.0258
30,486,0.0222
40,486,0.016
45,486,0.0181
50,486,0.0623
60,486,0.1077
70,486,0.246
0,488,0.0096
10,488,0.0162
20,488,0.0236
30,488,0.0221
40,488,0.0141
45,488,0.0192
50,488,0.0858
60,488,0.0957
70,488,0.2965
0,490,0.0135
10,490,0.021
20,490,0.0211
30,490,0.0216
40,490,0.013
45,490,0.0216
50,490,0.1176
60,490,0.0901
70,490,0.358
0,492,0.0185
10,492,0.0241
20,492,0.0192
30,492,0.0204
40,492,0.0126
45,492,0.0258
50,492,0.1519
60,492,0.0895
70,492,0.4278
0,494,0.023
10,494,0.0241
20,494,0.0182
30,494,0.0185
40,494,0.0127
45,494,0.0329
50,494,0.1785
60,494,0.0933
70,494,0.501
0,496,0.0247
10,496,0.0218
20,496,0.0179
30,496,0.0161
40,496,0.0134
45,496,0.0446
50,496,0.1891
60,496,0.1018
70,496,0.5685
0,498,0.0231
10,498,0.0191
20,498,0.018
30,498,0.0138
40,498,0.0147
45,498,0.0636
50,498,0.1804
60,498,0.115
70,498,0.6218
0,500,0.0203
10,500,0.0171
20,500,0.0181
30,500,0.0117
40,500,0.0168
45,500,0.0914
50,500,0.1554
60,500,0.1336
70,500,0.6575
0,502,0.0177
10,502,0.0159
20,502,0.0177
30,502,0.01
40,502,0.0201
45,502,0.125
50,502,0.1246
60,502,0.1591
70,502,0.677
0,504,0.016
10,504,0.0153
20,504,0.0165
30,504,0.0087
40,504,0.0255
45,504,0.1547
50,504,0.0984
60,504,0.1933
70,504,0.6851
0,506,0.0149
10,506,0.0151
20,506,0.0145
30,506,0.0077
40,506,0.0343
45,506,0.1705
50,506,0.0804
60,506,0.2379
70,506,0.6878
0,508,0.0145
10,508,0.015
20,508,0.0122
30,508,0.007
40,508,0.0488
45,508,0.1674
50,508,0.0694
60,508,0.2921
70,508,0.6898
0,510,0.0143
10,510,0.0145
20,510,0.0099
30,510,0.0066
40,510,0.0716
45,510,0.1466
50,510,0.0632
60,510,0.353
70,510,0.6941
0,512,0.0141
10,512,0.0135
20,512,0.0079
30,512,0.0065
40,512,0.1012
45,512,0.1165
50,512,0.0605
60,512,0.4144
70,512,0.7015
0,514,0.0135
10,514,0.0118
20,514,0.0064
30,514,0.0066
40,514,0.1289
45,514,0.0885
50,514,0.0605
60,514,0.4685
70,514,0.7118
0,516,0.0123
10,516,0.0098
20,516,0.0053
30,516,0.007
40,516,0.1435
45,516,0.069
50,516,0.0628
60,516,0.5076
70,516,0.7243
0,518,0.0105
10,518,0.0078
20,518,0.0045
30,518,0.0077
40,518,0.1404
45,518,0.0571
50,518,0.0674
60,518,0.5276
70,518,0.7376
0,520,0.0085
10,520,0.0062
20,520,0.004
30,520,0.009
40,520,0.122
45,520,0.0503
50,520,0.0747
60,520,0.5305
70,520,0.7506
0,522,0.0068
10,522,0.005
20,522,0.0037
30,522,0.0109
40,522,0.0957
45,522,0.0468
50,522,0.0858
60,522,0.5223
70,522,0.7619
0,524,0.0054
10,524,0.0041
20,524,0.0035
30,524,0.014
40,524,0.0715
45,524,0.0453
50,524,0.1018
60,524,0.5097
70,524,0.771
0,526,0.0043
10,526,0.0034
20,526,0.0034
30,526,0.0193
40,526,0.0551
45,526,0.0453
50,526,0.1239
60,526,0.4992
70,526,0.7772
0,528,0.0036
10,528,0.003
20,528,0.0035
30,528,0.0281
40,528,0.0456
45,528,0.0469
50,528,0.1529
60,528,0.4951
70,528,0.7799
0,530,0.003
10,530,0.0027
20,530,0.0036
30,530,0.0431
40,530,0.0401
45,530,0.0506
50,530,0.189
60,530,0.4995
70,530,0.7798
0,532,0.0027
10,532,0.0025
20,532,0.004
30,532,0.0645
40,532,0.0367
45,532,0.0568
50,532,0.2303
60,532,0.5133
70,532,0.7776
0,534,0.0024
10,534,0.0024
20,534,0.0045
30,534,0.0866
40,534,0.0345
45,534,0.0661
50,534,0.273
60,534,0.5371
70,534,0.7744
0,536,0.0023
10,536,0.0024
20,536,0.0053
30,536,0.0992
40,536,0.0336
45,536,0.0793
50,536,0.3109
60,536,0.5701
70,536,0.7707
0,538,0.0022
10,538,0.0024
20,538,0.0066
30,538,0.0972
40,538,0.0343
45,538,0.0975
50,538,0.3384
60,538,0.6104
70,538,0.7676
0,540,0.0022
10,540,0.0026
20,540,0.0085
30,540,0.0831
40,540,0.0367
45,540,0.1217
50,540,0.3531
60,540,0.6554
70,540,0.7655
0,542,0.0023
10,542,0.0028
20,542,0.0117
30,542,0.0646
40,542,0.0408
45,542,0.1523
50,542,0.3557
60,542,0.7014
70,542,0.7644
0,544,0.0024
10,544,0.0032
20,544,0.0173
30,544,0.0494
40,544,0.0469
45,544,0.188
50,544,0.3496
60,544,0.7444
70,544,0.7647
0,546,0.0026
10,546,0.0038
20,546,0.0273
30,546,0.0389
40,546,0.0559
45,546,0.225
50,546,0.3403
60,546,0.7798
70,546,0.7665
0,548,0.003
10,548,0.0046
20,548,0.0439
30,548,0.0313
40,548,0.0685
45,548,0.2578
50,548,0.3331
60,548,0.8039
70,548,0.7699
0,550,0.0035
10,550,0.0058
20,550,0.0652
30,550,0.026
40,550,0.0859
45,550,0.2822
50,550,0.3316
60,550,0.815
70,550,0.7758
0,552,0.0043
10,552,0.0078
20,552,0.0817
30,552,0.0229
40,552,0.1091
45,552,0.2956
50,552,0.338
60,552,0.8132
70,552,0.786
0,554,0.0055
10,554,0.0112
20,554,0.0839
30,554,0.0214
40,554,0.1382
45,554,0.2984
50,554,0.3533
60,554,0.8009
70,554,0.8037
0,556,0.0073
10,556,0.0172
20,556,0.0717
30,556,0.021
40,556,0.1711
45,556,0.2938
50,556,0.3776
60,556,0.782
70,556,0.8272
0,558,0.0104
10,558,0.0283
20,558,0.0539
30,558,0.0215
40,558,0.2037
45,558,0.2868
50,558,0.4112
60,558,0.7611
70,558,0.8443
0,560,0.0159
10,560,0.0475
20,560,0.0387
30,560,0.0229
40,560,0.2313
45,560,0.2817
50,560,0.4545
60,560,0.7417
70,560,0.8433
0,562,0.0262
10,562,0.0715
20,562,0.0285
30,562,0.0252
40,562,0.2501
45,562,0.2815
50,562,0.5073
60,562,0.7274
70,562,0.8274
0,564,0.0452
10,564,0.0841
20,564,0.0225
30,564,0.0287
40,564,0.2587
45,564,0.2877
50,564,0.5683
60,564,0.7216
70,564,0.8099
0,566,0.0714
10,566,0.0736
20,566,0.019
30,566,0.0339
40,566,0.2587
45,566,0.3008
50,566,0.6331
60,566,0.7269
70,566,0.7969
0,568,0.0866
10,568,0.0524
20,568,0.017
30,568,0.0412
40,568,0.2541
45,568,0.3215
50,568,0.6943
60,568,0.7458
70,568,0.7871
0,570,0.0752
10,570,0.0358
20,570,0.016
30,570,0.0515
40,570,0.2489
45,570,0.3512
50,570,0.7449
60,570,0.7738
70,570,0.7785
0,572,0.0523
10,572,0.0259
20,572,0.0157
30,572,0.066
40,572,0.2462
45,572,0.3918
50,572,0.7786
60,572,0.7992
70,572,0.77
0,574,0.0354
10,574,0.0202
20,574,0.016
30,574,0.0855
40,574,0.2475
45,574,0.4443
50,574,0.7921
60,574,0.812
70,574,0.7613
0,576,0.0256
10,576,0.0169
20,576,0.0169
30,576,0.1104
40,576,0.2537
45,576,0.5072
50,576,0.7861
60,576,0.8101
70,576,0.7524
0,578,0.02
10,578,0.015
20,578,0.0185
30,578,0.1391
40,578,0.266
45,578,0.5771
50,578,0.7659
60,578,0.7999
70,578,0.7434
0,580,0.0168
10,580,0.0139
20,580,0.0209
30,580,0.1681
40,580,0.2861
45,580,0.6475
50,580,0.7393
60,580,0.7897
70,580,0.7339
0,582,0.0148
10,582,0.0135
20,582,0.0243
30,582,0.1927
40,582,0.3164
45,582,0.7096
50,582,0.7152
60,582,0.7817
70,582,0.7236
0,584,0.0137
10,584,0.0135
20,584,0.0291
30,584,0.2094
40,584,0.3588
45,584,0.7557
50,584,0.7014
60,584,0.7738
70,584,0.712
0,586,0.0133
10,586,0.0141
20,586,0.0361
30,586,0.217
40,586,0.4143
45,586,0.7803
50,586,0.7008
60,586,0.7641
70,586,0.699
0,588,0.0133
10,588,0.0151
20,588,0.0458
30,588,0.2167
40,588,0.4822
45,588,0.7828
50,588,0.7086
60,588,0.7519
70,588,0.6855
0,590,0.0138
10,590,0.0167
20,590,0.0596
30,590,0.2118
40,590,0.559
45,590,0.7683
50,590,0.7154
60,590,0.7375
70,590,0.6723
0,592,0.0148
10,592,0.0191
20,592,0.0786
30,592,0.2054
40,592,0.6373
45,592,0.7461
50,592,0.7153
60,592,0.7215
70,592,0.6607
0,594,0.0163
10,594,0.0225
20,594,0.1032
30,594,0.2
40,594,0.7073
45,594,0.726
50,594,0.7077
60,594,0.705
70,594,0.6515
0,596,0.0185
10,596,0.0273
20,596,0.132
30,596,0.198
40,596,0.759
45,596,0.7136
50,596,0.6978
60,596,0.6886
70,596,0.645
0,598,0.0217
10,598,0.034
20,598,0.1609
30,598,0.201
40,598,0.7869
45,598,0.7064
50,598,0.6919
60,598,0.6724
70,598,0.641
0,600,0.0261
10,600,0.0435
20,600,0.1845
30,600,0.2104
40,600,0.7917
45,600,0.6982
50,600,0.692
60,600,0.6566
70,600,0.6397
0,602,0.0324
10,602,0.0571
20,602,0.1981
30,602,0.2274
40,602,0.7803
45,602,0.685
50,602,0.6961
60,602,0.641
70,602,0.6409
0,604,0.0413
10,604,0.0761
20,604,0.2005
30,604,0.2537
40,604,0.762
45,604,0.6672
50,604,0.7006
60,604,0.6264
70,604,0.6443
0,606,0.054
10,606,0.1012
20,606,0.1946
30,606,0.2915
40,606,0.7424
45,606,0.6501
50,606,0.7028
60,606,0.6139
70,606,0.6496
0,608,0.0718
10,608,0.131
20,608,0.185
30,608,0.3431
40,608,0.7213
45,608,0.6396
50,608,0.7009
60,608,0.6042
70,608,0.6567
0,610,0.0959
10,610,0.1606
20,610,0.176
30,610,0.4107
40,610,0.6959
45,610,0.6377
50,610,0.694
60,610,0.5982
70,610,0.6651
0,612,0.1258
10,612,0.1828
20,612,0.1701
30,612,0.4938
40,612,0.666
45,612,0.6428
50,612,0.6823
60,612,0.596
70,612,0.6744
0,614,0.1571
10,614,0.192
20,614,0.1687
30,614,0.5877
40,614,0.6356
45,614,0.6516
50,614,0.6663
60,614,0.5979
70,614,0.6843
0,616,0.182
10,616,0.1892
20,616,0.1725
30,616,0.6814
40,616,0.611
45,616,0.6609
50,616,0.647
60,616,0.6034
70,616,0.6942
0,618,0.1938
10,618,0.1795
20,618,0.182
30,618,0.7613
40,618,0.5963
45,618,0.668
50,618,0.6256
60,618,0.6122
70,618,0.7034
0,620,0.1923
10,620,0.1685
20,620,0.1983
30,620,0.8167
40,620,0.5923
45,620,0.6708
50,620,0.6027
60,620,0.6239
70,620,0.7119
0,622,0.1827
10,622,0.1597
20,622,0.2231
30,622,0.8421
40,622,0.5968
45,622,0.6681
50,622,0.5794
60,622,0.6383
70,622,0.7192
0,624,0.1711
10,624,0.1547
20,624,0.2587
30,624,0.8374
40,624,0.6071
45,624,0.6592
50,624,0.5569
60,624,0.6546
70,624,0.7253
0,626,0.1614
10,626,0.1541
20,626,0.3083
30,626,0.8071
40,626,0.6203
45,626,0.6448
50,626,0.5364
60,626,0.6724
70,626,0.7299
0,628,0.1554
10,628,0.1581
20,628,0.3753
30,628,0.7589
40,628,0.6331
45,628,0.6256
50,628,0.5191
60,628,0.691
70,628,0.7332
0,630,0.1536
10,630,0.1674
20,630,0.463
30,630,0.7014
40,630,0.6432
45,630,0.6026
50,630,0.5057
60,630,0.7099
70,630,0.7357
0,632,0.1564
10,632,0.1829
20,632,0.5697
30,632,0.6444
40,632,0.6482
45,632,0.5772
50,632,0.4968
60,632,0.7288
70,632,0.7373
0,634,0.1641
10,634,0.2062
20,634,0.6858
30,634,0.596
40,634,0.6466
45,634,0.551
50,634,0.4926
60,634,0.7469
70,634,0.7383
0,636,0.1776
10,636,0.2395
20,636,0.7923
30,636,0.5603
40,636,0.6379
45,636,0.5257
50,636,0.4929
60,636,0.7636
70,636,0.7389
0,638,0.1982
10,638,0.2862
20,638,0.8669
30,638,0.538
40,638,0.6226
45,638,0.5026
50,638,0.4977
60,638,0.7787
70,638,0.7386
0,640,0.2278
10,640,0.3508
20,640,0.8935
30,640,0.5274
40,640,0.6012
45,640,0.4826
50,640,0.5069
60,640,0.7921
70,640,0.7374
0,642,0.2698
10,642,0.4382
20,642,0.8696
30,642,0.5267
40,642,0.5755
45,642,0.4668
50,642,0.5199
60,642,0.8038
70,642,0.735
0,644,0.328
10,644,0.55
20,644,0.8087
30,644,0.5341
40,644,0.5474
45,644,0.4555
50,644,0.5366
60,644,0.8138
70,644,0.7319
0,646,0.4072
10,646,0.679
20,646,0.7321
30,646,0.5475
40,646,0.5191
45,646,0.4488
50,646,0.5567
60,646,0.8224
70,646,0.7285
0,648,0.5114
10,648,0.8039
20,648,0.6576
30,648,0.5646
40,648,0.492
45,648,0.4467
50,648,0.5797
60,648,0.8298
70,648,0.7256
0,650,0.6384
10,650,0.8923
20,650,0.5952
30,650,0.5826
40,650,0.4676
45,650,0.4491
50,650,0.6051
60,650,0.8363
70,650,0.7237
0,652,0.7718
10,652,0.9178
20,652,0.548
30,652,0.5988
40,652,0.447
45,652,0.4558
50,652,0.6324
60,652,0.8421
70,652,0.7232
0,654,0.8795
10,654,0.8797
20,654,0.5155
30,654,0.6103
40,654,0.4307
45,654,0.4668
50,654,0.6608
60,654,0.847
70,654,0.725
0,656,0.9271
10,656,0.8029
20,656,0.4959
30,656,0.6145
40,656,0.4189
45,656,0.4816
50,656,0.6892
60,656,0.8507
70,656,0.7289
0,658,0.9054
10,658,0.7159
20,658,0.4874
30,658,0.6101
40,658,0.4118
45,658,0.5002
50,658,0.717
60,658,0.8533
70,658,0.7349
0,660,0.8351
10,660,0.637
20,660,0.488
30,660,0.5969
40,660,0.4092
45,660,0.5224
50,660,0.7434
60,660,0.8545
70,660,0.7432
0,662,0.7468
10,662,0.5735
20,662,0.4963
30,662,0.5758
40,662,0.4107
45,662,0.5478
50,662,0.768
60,662,0.8543
70,662,0.7537
0,664,0.6631
10,664,0.5264
20,664,0.5107
30,664,0.5485
40,664,0.4165
45,664,0.5759
50,664,0.7901
60,664,0.8534
70,664,0.7661
0,666,0.5944
10,666,0.4943
20,666,0.5293
30,666,0.5181
40,666,0.4263
45,666,0.606
50,666,0.8094
60,666,0.852
70,666,0.7802
0,668,0.5425
10,668,0.4747
20,668,0.5497
30,668,0.4869
40,668,0.4402
45,668,0.6374
50,668,0.8259
60,668,0.851
70,668,0.7956
0,670,0.5056
10,670,0.4655
20,670,0.5691
30,670,0.457
40,670,0.458
45,670,0.6695
50,670,0.8399
60,670,0.8508
70,670,0.8118
0,672,0.4818
10,672,0.4653
20,672,0.5844
30,672,0.4299
40,672,0.4796
45,672,0.7012
50,672,0.8514
60,672,0.8517
70,672,0.8281
0,674,0.4689
10,674,0.4728
20,674,0.5924
30,674,0.4065
40,674,0.5048
45,674,0.7315
50,674,0.8607
60,674,0.8539
70,674,0.8435
0,676,0.4655
10,676,0.4867
20,676,0.5907
30,676,0.3874
40,676,0.5332
45,676,0.7597
50,676,0.868
60,676,0.8575
70,676,0.8572
0,678,0.4702
10,678,0.5052
20,678,0.5791
30,678,0.3727
40,678,0.5644
45,678,0.7852
50,678,0.8733
60,678,0.8625
70,678,0.8679
0,680,0.4817
10,680,0.5265
20,680,0.5583
30,680,0.3623
40,680,0.5979
45,680,0.8076
50,680,0.877
60,680,0.869
70,680,0.8753
0,682,0.4987
10,682,0.5477
20,682,0.5308
30,682,0.3559
40,682,0.6329
45,682,0.8265
50,682,0.879
60,682,0.8765
70,682,0.8791
0,684,0.5193
10,684,0.5657
20,684,0.4993
30,684,0.3534
40,684,0.6683
45,684,0.8421
50,684,0.8801
60,684,0.8852
70,684,0.8793
0,686,0.5412
10,686,0.5768
20,686,0.4668
30,686,0.3548
40,686,0.703
45,686,0.8543
50,686,0.8805
60,686,0.8948
70,686,0.8764
0,688,0.5611
10,688,0.5785
20,688,0.4357
30,688,0.3598
40,688,0.736
45,688,0.8635
50,688,0.8807
60,688,0.9047
70,688,0.8713
0,690,0.576
10,690,0.5696
20,690,0.4076
30,690,0.3685
40,690,0.7713
45,690,0.8699
50,690,0.8813
60,690,0.9147
70,690,0.8648
0,692,0.5824
10,692,0.5507
20,692,0.383
30,692,0.3811
40,692,0.7969
45,692,0.8738
50,692,0.8827
60,692,0.9245
70,692,0.8574
0,694,0.5782
10,694,0.5239
20,694,0.3624
30,694,0.3976
40,694,0.817
45,694,0.8758
50,694,0.8849
60,694,0.9336
70,694,0.8496
0,696,0.5634
10,696,0.4925
20,696,0.3461
30,696,0.4178
40,696,0.8357
45,696,0.8767
50,696,0.8883
60,696,0.9411
70,696,0.842
0,698,0.5398
10,698,0.4596
20,698,0.3338
30,698,0.4417
40,698,0.85
45,698,0.8768
50,698,0.8927
60,698,0.9464
70,698,0.835
0,700,0.5098
10,700,0.4276
20,700,0.3253
30,700,0.4695
40,700,0.8606
45,700,0.8767
50,700,0.8983
60,700,0.9497
70,700,0.8286
0,702,0.4769
10,702,0.3984
20,702,0.3204
30,702,0.501
40,702,0.8675
45,702,0.877
50,702,0.9045
60,702,0.9509
70,702,0.8229
0,704,0.4441
10,704,0.3728
20,704,0.3191
30,704,0.5358
40,704,0.8712
45,704,0.8782
50,704,0.9114
60,704,0.9501
70,704,0.8183
0,706,0.4133
10,706,0.3511
20,706,0.3211
30,706,0.5729
40,706,0.8727
45,706,0.8808
50,706,0.9185
60,706,0.9478
70,706,0.8147
0,708,0.3859
10,708,0.3335
20,708,0.3265
30,708,0.6117
40,708,0.8725
45,708,0.8847
50,708,0.9257
60,708,0.9445
70,708,0.8121
0,710,0.3623
10,710,0.3197
20,710,0.3352
30,710,0.6514
40,710,0.8717
45,710,0.8895
50,710,0.9325
60,710,0.9407
70,710,0.8109
0,712,0.3426
10,712,0.3097
20,712,0.3475
30,712,0.6905
40,712,0.871
45,712,0.8957
50,712,0.9388
60,712,0.9363
70,712,0.811
0,714,0.3268
10,714,0.3032
20,714,0.3632
30,714,0.7275
40,714,0.8708
45,714,0.9027
50,714,0.9444
60,714,0.9321
70,714,0.8119
0,716,0.315
10,716,0.3001
20,716,0.3827
30,716,0.761
40,716,0.8718
45,716,0.9102
50,716,0.9488
60,716,0.9284
70,716,0.8141
0,718,0.3066
10,718,0.3
20,718,0.406
30,718,0.7904
40,718,0.8743
45,718,0.9179
50,718,0.9519
60,718,0.9251
70,718,0.817
0,720,0.3015
10,720,0.303
20,720,0.4332
30,720,0.8142
40,720,0.8784
45,720,0.9257
50,720,0.9533
60,720,0.9222
70,720,0.821
0,722,0.2997
10,722,0.3091
20,722,0.4643
30,722,0.8326
40,722,0.8839
45,722,0.9333
50,722,0.9535
60,722,0.92
70,722,0.8259
0,724,0.3008
10,724,0.3185
20,724,0.499
30,724,0.8455
40,724,0.8907
45,724,0.94
50,724,0.9519
60,724,0.9186
70,724,0.8311
0,726,0.305
10,726,0.331
20,726,0.5368
30,726,0.8534
40,726,0.8989
45,726,0.9457
50,726,0.9489
60,726,0.918
70,726,0.8369
0,728,0.3124
10,728,0.3471
20,728,0.577
30,728,0.8571
40,728,0.9077
45,728,0.9497
50,728,0.945
60,728,0.918
70,728,0.8425
0,730,0.3228
10,730,0.3667
20,730,0.6185
30,730,0.8577
40,730,0.9166
45,730,0.9524
50,730,0.9403
60,730,0.9187
70,730,0.8477
0,732,0.3366
10,732,0.39
20,732,0.6604
30,732,0.8563
40,732,0.9257
45,732,0.9536
50,732,0.9351
60,732,0.9198
70,732,0.8525
0,734,0.3539
10,734,0.4174
20,734,0.7007
30,734,0.854
40,734,0.9341
45,734,0.9529
50,734,0.93
60,734,0.9215
70,734,0.8567
0,736,0.3747
10,736,0.4485
20,736,0.7376
30,736,0.8518
40,736,0.9415
45,736,0.9504
50,736,0.9255
60,736,0.9239
70,736,0.8598
0,738,0.3993
10,738,0.4834
20,738,0.7701
30,738,0.8505
40,738,0.9479
45,738,0.9467
50,738,0.9213
60,738,0.9268
70,738,0.8618
0,740,0.4278
10,740,0.5217
20,740,0.7968
30,740,0.8505
40,740,0.9527
45,740,0.9415
50,740,0.918
60,740,0.9298
70,740,0.8624
0,742,0.4601
10,742,0.5627
20,742,0.8172
30,742,0.8524
40,742,0.9555
45,742,0.9355
50,742,0.9157
60,742,0.9331
70,742,0.8619
0,744,0.496
10,744,0.6053
20,744,0.8313
30,744,0.8561
40,744,0.9563
45,744,0.9287
50,744,0.9146
60,744,0.9366
70,744,0.8603
0,746,0.5352
10,746,0.6479
20,746,0.8396
30,746,0.8617
40,746,0.9549
45,746,0.9222
50,746,0.9142
60,746,0.9402
70,746,0.8575
0,748,0.5766
10,748,0.6892
20,748,0.8431
30,748,0.8691
40,748,0.9518
45,748,0.9157
50,748,0.9147
60,748,0.9439
70,748,0.8538
0,750,0.6192
10,750,0.7271
20,750,0.8432
30,750,0.8782
40,750,0.9469
45,750,0.91
50,750,0.9164
60,750,0.9473
70,750,0.8492
0,752,0.6615
10,752,0.7602
20,752,0.8408
30,752,0.8887
40,752,0.9404
45,752,0.905
50,752,0.9189
60,752,0.9503
70,752,0.8443
0,754,0.702
10,754,0.7875
20,754,0.8375
30,754,0.8999
40,754,0.9329
45,754,0.901
50,754,0.9222
60,754,0.9526
70,754,0.8386
0,756,0.7386
10,756,0.8081
20,756,0.8344
30,756,0.9113
40,756,0.925
45,756,0.8983
50,756,0.9261
60,756,0.9544
70,756,0.8327
0,758,0.77
10,758,0.8219
20,758,0.8323
30,758,0.9224
40,758,0.9168
45,758,0.8968
50,758,0.9302
60,758,0.9557
70,758,0.8269
0,760,0.795
10,760,0.8297
20,760,0.8314
30,760,0.9325
40,760,0.9086
45,760,0.8964
50,760,0.9348
60,760,0.9563
70,760,0.8212
0,762,0.8136
10,762,0.8329
20,762,0.8325
30,762,0.9413
40,762,0.9012
45,762,0.8975
50,762,0.9395
60,762,0.956
70,762,0.8156
0,764,0.8257
10,764,0.8323
20,764,0.8357
30,764,0.9483
40,764,0.8945
45,764,0.8994
50,764,0.944
60,764,0.9551
70,764,0.8102
0,766,0.8319
10,766,0.8295
20,766,0.8412
30,766,0.9531
40,766,0.8888
45,766,0.9025
50,766,0.9488
60,766,0.9537
70,766,0.8053
0,768,0.8335
10,768,0.826
20,768,0.8487
30,768,0.9555
40,768,0.8845
45,768,0.9064
50,768,0.9531
60,768,0.9517
70,768,0.8009
0,770,0.8321
10,770,0.8221
20,770,0.8579
30,770,0.9551
40,770,0.8814
45,770,0.9112
50,770,0.9571
60,770,0.9495
70,770,0.7973
0,772,0.8288
10,772,0.8194
20,772,0.869
30,772,0.9524
40,772,0.8798
45,772,0.9166
50,772,0.9609
60,772,0.947
70,772,0.7943
0,774,0.8248
10,774,0.8184
20,774,0.8812
30,774,0.9477
40,774,0.8798
45,774,0.9225
50,774,0.9638
60,774,0.9439
70,774,0.7918
0,776,0.8213
10,776,0.8191
20,776,0.8937
30,776,0.9405
40,776,0.8809
45,776,0.9284
50,776,0.9662
60,776,0.9412
70,776,0.7906
0,778,0.8191
10,778,0.822
20,778,0.9067
30,778,0.9317
40,778,0.8836
45,778,0.9344
50,778,0.9677
60,778,0.9384
70,778,0.7899
0,780,0.8181
10,780,0.8273
20,780,0.9191
30,780,0.9217
40,780,0.8876
45,780,0.9403
50,780,0.9688
60,780,0.9357
70,780,0.7902
0,782,0.8192
10,782,0.8348
20,782,0.9303
30,782,0.9112
40,782,0.8925
45,782,0.9457
50,782,0.9694
60,782,0.9328
70,782,0.7912
0,784,0.8226
10,784,0.8443
20,784,0.9398
30,784,0.9006
40,784,0.8979
45,784,0.9507
50,784,0.9684
60,784,0.9304
70,784,0.7933
0,786,0.8282
10,786,0.8557
20,786,0.947
30,786,0.8898
40,786,0.9044
45,786,0.9549
50,786,0.9673
60,786,0.9279
70,786,0.7957
0,788,0.8361
10,788,0.8682
20,788,0.9514
30,788,0.8797
40,788,0.9111
45,788,0.9585
50,788,0.9656
60,788,0.9261
70,788,0.7992
0,790,0.8461
10,790,0.882
20,790,0.9533
30,790,0.8709
40,790,0.9179
45,790,0.9614
50,790,0.9637
60,790,0.9243
70,790,0.8031
0,792,0.8577
10,792,0.8955
20,792,0.9521
30,792,0.863
40,792,0.9251
45,792,0.9636
50,792,0.961
60,792,0.9229
70,792,0.8076
0,794,0.8705
10,794,0.9089
20,794,0.9481
30,794,0.8568
40,794,0.932
45,794,0.9647
50,794,0.9584
60,794,0.9218
70,794,0.8125
0,796,0.884
10,796,0.9215
20,796,0.9418
30,796,0.8522
40,796,0.9385
45,796,0.9647
50,796,0.9554
60,796,0.9212
70,796,0.8178
0,798,0.8979
10,798,0.9325
20,798,0.933
30,798,0.849
40,798,0.9444
45,798,0.9642
50,798,0.9527
60,798,0.9205
70,798,0.8233
0,800,0.9114
10,800,0.9412
20,800,0.9225
30,800,0.8473
40,800,0.9498
45,800,0.963
50,800,0.9501
60,800,0.9208
70,800,0.8285
0,802,0.9237
10,802,0.9475
20,802,0.9107
30,802,0.8473
40,802,0.9543
45,802,0.9612
50,802,0.9478
60,802,0.9211
70,802,0.8336
0,804,0.9344
10,804,0.9507
20,804,0.8984
30,804,0.8489
40,804,0.9573
45,804,0.9582
50,804,0.9456
60,804,0.9218
70,804,0.8387
0,806,0.9428
10,806,0.9502
20,806,0.8862
30,806,0.8522
40,806,0.9599
45,806,0.9553
50,806,0.9441
60,806,0.9227
70,806,0.8433
0,808,0.9486
10,808,0.9467
20,808,0.8743
30,808,0.8567
40,808,0.9612
45,808,0.9519
50,808,0.9431
60,808,0.924
70,808,0.8475
0,810,0.9511
10,810,0.9405
20,810,0.8626
30,810,0.8618
40,810,0.9611
45,810,0.9481
50,810,0.9418
60,810,0.9257
70,810,0.8508
0,812,0.9505
10,812,0.9325
20,812,0.8526
30,812,0.868
40,812,0.9603
45,812,0.945
50,812,0.9409
60,812,0.9275
70,812,0.8549
0,814,0.9469
10,814,0.9216
20,814,0.8433
30,814,0.8756
40,814,0.9584
45,814,0.9416
50,814,0.9411
60,814,0.9294
70,814,0.8581
0,816,0.9406
10,816,0.9098
20,816,0.8357
30,816,0.8835
40,816,0.956
45,816,0.9385
50,816,0.9418
60,816,0.9317
70,816,0.8608
0,818,0.9321
10,818,0.8972
20,818,0.8299
30,818,0.8922
40,818,0.9532
45,818,0.936
50,818,0.9424
60,818,0.9341
70,818,0.8631
0,820,0.9213
10,820,0.8835
20,820,0.8255
30,820,0.9008
40,820,0.9496
45,820,0.9341
50,820,0.9439
60,820,0.937
70,820,0.8647
0,822,0.9085
10,822,0.8702
20,822,0.8228
30,822,0.9094
40,822,0.9458
45,822,0.9323
50,822,0.9455
60,822,0.9392
70,822,0.8664
0,824,0.896
10,824,0.8574
20,824,0.8222
30,824,0.9178
40,824,0.9416
45,824,0.9313
50,824,0.9473
60,824,0.9412
70,824,0.8675
0,826,0.8828
10,826,0.8459
20,826,0.823
30,826,0.9255
40,826,0.9372
45,826,0.9309
50,826,0.9494
60,826,0.9435
70,826,0.8684
0,828,0.8692
10,828,0.8351
20,828,0.8258
30,828,0.9319
40,828,0.9335
45,828,0.9308
50,828,0.9515
60,828,0.9454
70,828,0.8692
0,830,0.8566
10,830,0.8263
20,830,0.8302
30,830,0.9375
40,830,0.9296
45,830,0.932
50,830,0.9537
60,830,0.9472
70,830,0.8694
0,832,0.8448
10,832,0.8189
20,832,0.8355
30,832,0.9421
40,832,0.9269
45,832,0.9335
50,832,0.9566
60,832,0.9488
70,832,0.8691
0,834,0.8345
10,834,0.8131
20,834,0.8431
30,834,0.9456
40,834,0.9246
45,834,0.9351
50,834,0.9588
60,834,0.95
70,834,0.8687
0,836,0.8253
10,836,0.809
20,836,0.8507
30,836,0.9474
40,836,0.9222
45,836,0.9369
50,836,0.9613
60,836,0.9515
70,836,0.8682
0,838,0.8179
10,838,0.8071
20,838,0.859
30,838,0.9482
40,838,0.9212
45,838,0.9399
50,838,0.9636
60,838,0.9525
70,838,0.8672
0,840,0.812
10,840,0.8065
20,840,0.8687
30,840,0.9476
40,840,0.921
45,840,0.9428
50,840,0.9656
60,840,0.9536
70,840,0.8665
0,842,0.8077
10,842,0.808
20,842,0.8784
30,842,0.9463
40,842,0.9208
45,842,0.9459
50,842,0.9675
60,842,0.9546
70,842,0.8659
0,844,0.8061
10,844,0.8114
20,844,0.8871
30,844,0.9432
40,844,0.9221
45,844,0.9494
50,844,0.9693
60,844,0.9559
70,844,0.8645
0,846,0.8057
10,846,0.8161
20,846,0.8973
30,846,0.9397
40,846,0.923
45,846,0.9531
50,846,0.9706
60,846,0.9565
70,846,0.8634
0,848,0.807
10,848,0.8216
20,848,0.9057
30,848,0.9355
40,848,0.9247
45,848,0.9564
50,848,0.972
60,848,0.9571
70,848,0.8628
0,850,0.8095
10,850,0.8287
20,850,0.9139
30,850,0.9311
40,850,0.9277
45,850,0.959
50,850,0.972
60,850,0.9581
70,850,0.8619
0,852,0.8134
10,852,0.8379
20,852,0.9209
30,852,0.9253
40,852,0.9315
45,852,0.9635
50,852,0.9724
60,852,0.9598
70,852,0.861
0,854,0.8201
10,854,0.846
20,854,0.9272
30,854,0.921
40,854,0.9346
45,854,0.9659
50,854,0.9716
60,854,0.9604
70,854,0.8607
0,856,0.8278
10,856,0.8563
20,856,0.9312
30,856,0.9158
40,856,0.9389
45,856,0.9696
50,856,0.9724
60,856,0.961
70,856,0.8595
0,858,0.8354
10,858,0.8662
20,858,0.9356
30,858,0.9105
40,858,0.9422
45,858,0.9712
50,858,0.9708
60,858,0.9623
70,858,0.8594
0,860,0.8444
10,860,0.8765
20,860,0.9371
30,860,0.9063
40,860,0.9462
45,860,0.9731
50,860,0.9696
60,860,0.9633
70,860,0.8577
0,862,0.8541
10,862,0.887
20,862,0.9374
30,862,0.9028
40,862,0.9507
45,862,0.9754
50,862,0.9705
60,862,0.9643
70,862,0.8591
0,864,0.8639
10,864,0.8971
20,864,0.9362
30,864,0.8986
40,864,0.955
45,864,0.9741
50,864,0.9692
60,864,0.9648
70,864,0.8598
0,866,0.8747
10,866,0.9037
20,866,0.9338
30,866,0.8967
40,866,0.9587
45,866,0.9751
50,866,0.9657
60,866,0.9655
70,866,0.86
0,868,0.8838
10,868,0.9105
20,868,0.9316
30,868,0.8946
40,868,0.9638
45,868,0.975
50,868,0.9668
60,868,0.9658
70,868,0.8612
0,870,0.8931
10,870,0.9176
20,870,0.9269
30,870,0.8963
40,870,0.9652
45,870,0.9756
50,870,0.9633
60,870,0.9669
70,870,0.8623
0,872,0.9034
10,872,0.9226
20,872,0.9199
30,872,0.8956
40,872,0.9699
45,872,0.9742
50,872,0.9621
60,872,0.9671
70,872,0.8638
0,874,0.9098
10,874,0.9266
20,874,0.9135
30,874,0.8992
40,874,0.9706
45,874,0.9711
50,874,0.9608
60,874,0.9673
70,874,0.8636
0,876,0.9145
10,876,0.9272
20,876,0.9091
30,876,0.8977
40,876,0.972
45,876,0.9702
50,876,0.9597
60,876,0.9674
70,876,0.8658
0,878,0.921
10,878,0.9298
20,878,0.9068
30,878,0.8987
40,878,0.9727
45,878,0.9681
50,878,0.957
60,878,0.9684
70,878,0.8677
0,880,0.9253
10,880,0.9315
20,880,0.9007
30,880,0.9026
40,880,0.9739
45,880,0.9654
50,880,0.9574
60,880,0.9709
70,880,0.8699
0,882,0.9267
10,882,0.9232
20,882,0.892
30,882,0.9025
40,882,0.9764
45,882,0.9638
50,882,0.9555
60,882,0.9638
70,882,0.8715
0,884,0.9265
10,884,0.9231
20,884,0.8912
30,884,0.9116
40,884,0.9747
45,884,0.9578
50,884,0.9551
60,884,0.9672
70,884,0.8732
0,886,0.9294
10,886,0.918
20,886,0.8841
30,886,0.9168
40,886,0.9737
45,886,0.958
50,886,0.9577
60,886,0.9696
70,886,0.8749
0,888,0.9273
10,888,0.9115
20,888,0.8826
30,888,0.9219
40,888,0.9724
45,888,0.9555
50,888,0.9589
60,888,0.9639
70,888,0.8783
0,890,0.9233
10,890,0.9069
20,890,0.8779
30,890,0.9265
40,890,0.9711
45,890,0.9517
50,890,0.9535
60,890,0.9675
70,890,0.8786
0,892,0.9225
10,892,0.8989
20,892,0.8774
30,892,0.9295
40,892,0.9719
45,892,0.9515
50,892,0.9575
60,892,0.9656
70,892,0.8857
0,894,0.9119
10,894,0.8919
20,894,0.8713
30,894,0.9374
40,894,0.9626
45,894,0.9471
50,894,0.9598
60,894,0.9711
70,894,0.8836
0,896,0.9091
10,896,0.8933
20,896,0.873
30,896,0.942
40,896,0.9641
45,896,0.9432
50,896,0.9544
60,896,0.9653
70,896,0.8879
0,898,0.9018
10,898,0.8855
20,898,0.8743
30,898,0.9433
40,898,0.9564
45,898,0.9418
50,898,0.9584
60,898,0.9668
70,898,0.8848
0,900,0.8955
10,900,0.8772
20,900,0.8761
30,900,0.9566
40,900,0.952
45,900,0.943
50,900,0.9666
60,900,0.9612
70,900,0.8948
