0,250,0
15,250,0
25,250,0
35,250,0
45,250,0
55,250,0
65,250,0
70,250,0
75,250,0
0,252,0
15,252,0
25,252,0
35,252,0
45,252,0
55,252,0
65,252,0
70,252,0
75,252,0
0,254,0
15,254,0
25,254,0
35,254,0
45,254,0
55,254,0
65,254,0
70,254,0
75,254,0
0,256,0
15,256,0
25,256,0
35,256,0
45,256,0
55,256,0
65,256,0
70,256,0
75,256,0
0,258,0
15,258,0
25,258,0
35,258,0
45,258,0
55,258,0
65,258,0
70,258,0
75,258,0
0,260,0
15,260,0
25,260,0
35,260,0
45,260,0
55,260,0
65,260,0
70,260,0
75,260,0
0,262,0
15,262,0
25,262,0
35,262,0
45,262,0
55,262,0
65,262,0
70,262,0
75,262,0
0,264,0
15,264,0
25,264,0
35,264,0
45,264,0
55,264,0
65,264,0
70,264,0
75,264,0
0,266,0
15,266,0
25,266,0
35,266,0
45,266,0
55,266,0
65,266,0
70,266,0
75,266,0
0,268,0
15,268,0
25,268,0
35,268,0
45,268,0
55,268,0
65,268,0
70,268,0
75,268,0
0,270,0
15,270,0
25,270,0
35,270,0
45,270,0
55,270,0
65,270,0
70,270,0
75,270,0
0,272,0
15,272,0
25,272,0
35,272,0
45,272,0
55,272,0
65,272,0
70,272,0
75,272,0
0,274,0
15,274,0
25,274,0
35,274,0
45,274,0
55,274,0
65,274,0
70,274,0
75,274,0
0,276,0
15,276,0
25,276,0
35,276,0
45,276,0
55,276,0
65,276,0
70,276,0
75,276,0
0,278,0
15,278,0
25,278,0
35,278,0
45,278,0
55,278,0
65,278,0
70,278,0
75,278,0
0,280,0
15,280,0
25,280,0
35,280,0
45,280,0
55,280,0
65,280,0
70,280,0
75,280,0
0,282,0
15,282,0
25,282,0
35,282,0
45,282,0
55,282,0
65,282,0
70,282,0
75,282,0
0,284,0
15,284,0
25,284,0
35,284,0
45,284,0
55,284,0
65,284,0
70,284,0
75,284,0
0,286,0
15,286,0
25,286,0
35,286,0
45,286,0
55,286,0
65,286,0
70,286,0
75,286,0
0,288,0
15,288,0
25,288,0
35,288,0
45,288,0
55,288,0
65,288,0
70,288,0
75,288,0
0,290,0
15,290,0
25,290,0
35,290,0
45,290,0
55,290,0
65,290,0
70,290,0
75,290,0
0,292,0
15,292,0
25,292,0
35,292,0
45,292,0
55,292,0
65,292,0
70,292,0
75,292,0
0,294,0
15,294,0
25,294,0
35,294,0
45,294,0
55,294,0
65,294,0
70,294,0
75,294,0
0,296,0
15,296,0
25,296,0
35,296,0
45,296,0
55,296,0
65,296,0
70,296,0
75,296,0
0,298,0
15,298,0
25,298,0
35,298,0
45,298,0
55,298,0
65,298,0
70,298,0
75,298,0
0,300,0
15,300,0
25,300,0
35,300,0
45,300,0
55,300,0
65,300,0
70,300,0
75,300,0
0,302,0
15,302,0
25,302,0
35,302,0
45,302,0
55,302,0
65,302,0
70,302,0
75,302,0
0,304,0
15,304,0
25,304,0
35,304,0
45,304,0
55,304,0
65,304,0
70,304,0
75,304,0
0,306,0
15,306,0
25,306,0
35,306,0
45,306,0
55,306,0
65,306,0
70,306,0
75,306,0
0,308,0
15,308,0
25,308,0
35,308,0
45,308,0
55,308,0
65,308,0
70,308,0
75,308,0
0,310,0
15,310,0
25,310,0
35,310,0
45,310,0
55,310,0
65,310,0
70,310,0
75,310,0
0,312,0
15,312,0
25,312,0
35,312,0
45,312,0
55,312,0
65,312,0
70,312,0
75,312,0
0,314,0
15,314,0
25,314,0
35,314,0
45,314,0
55,314,0
65,314,0
70,314,0
75,314,0
0,316,0
15,316,0
25,316,0
35,316,0
45,316,0
55,316,0
65,316,0
70,316,0
75,316,0
0,318,0
15,318,0
25,318,0
35,318,0
45,318,0
55,318,0
65,318,0
70,318,0
75,318,0
0,320,2E-06
15,320,2E-06
25,320,2E-06
35,320,2E-06
45,320,2E-06
55,320,2E-06
65,320,2E-06
70,320,2E-06
75,320,1E-06
0,322,2E-06
15,322,2E-06
25,322,2E-06
35,322,2E-06
45,322,2E-06
55,322,2E-06
65,322,2E-06
70,322,2E-06
75,322,2E-06
0,324,2E-06
15,324,2E-06
25,324,2E-06
35,324,2E-06
45,324,2E-06
55,324,2E-06
65,324,2E-06
70,324,2E-06
75,324,2E-06
0,326,1E-06
15,326,1E-06
25,326,2E-06
35,326,2E-06
45,326,2E-06
55,326,1E-06
65,326,2E-06
70,326,2E-06
75,326,2E-06
0,328,1E-06
15,328,1E-06
25,328,1E-06
35,328,1E-06
45,328,1E-06
55,328,1E-06
65,328,1E-06
70,328,1E-06
75,328,1E-06
0,330,1E-06
15,330,1E-06
25,330,1E-06
35,330,1E-06
45,330,1E-06
55,330,1E-06
65,330,1E-06
70,330,1E-06
75,330,1E-06
0,332,1E-06
15,332,1E-06
25,332,1E-06
35,332,1E-06
45,332,1E-06
55,332,1E-06
65,332,1E-06
70,332,1E-06
75,332,1E-06
0,334,1E-06
15,334,1E-06
25,334,1E-06
35,334,1E-06
45,334,1E-06
55,334,1E-06
65,334,1E-06
70,334,1E-06
75,334,1E-06
0,336,1E-06
15,336,1E-06
25,336,1E-06
35,336,2E-06
45,336,2E-06
55,336,2E-06
65,336,2E-06
70,336,1E-06
75,336,1E-06
0,338,1E-06
15,338,2E-06
25,338,2E-06
35,338,2E-06
45,338,3E-06
55,338,3E-06
65,338,2E-06
70,338,2E-06
75,338,2E-06
0,340,2E-06
15,340,3E-06
25,340,3E-06
35,340,4E-06
45,340,6E-06
55,340,5E-06
65,340,3E-06
70,340,3E-06
75,340,2E-06
0,342,5E-06
15,342,5E-06
25,342,7E-06
35,342,1.1E-05
45,342,1.3E-05
55,342,1E-05
65,342,6E-06
70,342,5E-06
75,342,4E-06
0,344,1E-05
15,344,1.3E-05
25,344,1.8E-05
35,344,2.6E-05
45,344,2.8E-05
55,344,1.7E-05
65,344,1.1E-05
70,344,1E-05
75,344,8E-06
0,346,2.4E-05
15,346,3.2E-05
25,346,4.5E-05
35,346,6E-05
45,346,5.2E-05
55,346,3E-05
65,346,2.2E-05
70,346,1.9E-05
75,346,1.6E-05
0,348,6E-05
15,348,7.9E-05
25,348,0.000103
35,348,0.000123
45,348,8.4E-05
55,348,5.3E-05
65,348,4.3E-05
70,348,3.7E-05
75,348,3.4E-05
0,350,0.000141
15,350,0.000175
25,350,0.000211
35,350,0.000222
45,350,0.000127
55,350,9.7E-05
65,350,7.7E-05
70,350,7.7E-05
75,350,7.6E-05
0,352,0.000297
15,352,0.000345
25,352,0.000385
35,352,0.000348
45,352,0.000199
55,352,0.000166
65,352,0.000146
70,352,0.000166
75,352,0.000163
0,354,0.00055
15,354,0.000603
25,354,0.000634
35,354,0.000477
45,354,0.00033
55,354,0.000264
65,354,0.000292
70,354,0.000333
75,354,0.000309
0,356,0.000905
15,356,0.000953
25,356,0.000944
35,356,0.000632
45,356,0.000525
55,356,0.000423
65,356,0.000565
70,356,0.000584
75,356,0.000526
0,358,0.00135
15,358,0.001395
25,358,0.001241
35,358,0.000893
45,358,0.000751
55,358,0.000726
65,358,0.000956
70,358,0.000929
75,358,0.00083
0,360,0.001879
15,360,0.001859
25,360,0.00152
35,360,0.001301
45,360,0.001031
55,360,0.001255
65,360,0.001423
70,360,0.001371
75,360,0.0012
0,362,0.00244
15,362,0.002261
25,362,0.001915
35,362,0.001773
45,362,0.001492
55,362,0.001945
65,362,0.001989
70,362,0.001874
75,362,0.001606
0,364,0.002931
15,364,0.002684
25,364,0.002495
35,364,0.002221
45,364,0.002241
55,364,0.002634
65,364,0.002622
70,364,0.002398
75,364,0.002027
0,366,0.003423
15,366,0.003265
25,366,0.003155
35,366,0.002739
45,366,0.003186
55,366,0.003317
65,366,0.003251
70,366,0.00292
75,366,0.002369
0,368,0.00404
15,368,0.003955
25,368,0.003753
35,368,0.003464
45,368,0.004048
55,368,0.004029
65,368,0.00385
70,368,0.003322
75,368,0.002518
0,370,0.004698
15,370,0.004581
25,370,0.004333
35,370,0.00435
45,370,0.004719
55,370,0.004699
65,370,0.004386
70,370,0.003495
75,370,0.002555
0,372,0.005264
15,372,0.005145
25,372,0.004995
35,372,0.005218
45,372,0.005317
55,372,0.00528
65,372,0.004739
70,372,0.003536
75,372,0.002616
0,374,0.005779
15,374,0.005735
25,374,0.005702
35,374,0.005927
45,374,0.005896
55,374,0.005791
65,374,0.004854
70,374,0.003639
75,374,0.002681
0,376,0.006321
15,376,0.006336
25,376,0.006343
35,376,0.006461
45,376,0.006412
55,376,0.006247
65,376,0.004883
70,376,0.003802
75,376,0.002817
0,378,0.006842
15,378,0.006858
25,378,0.006862
35,378,0.006882
45,378,0.006843
55,378,0.006571
65,378,0.005038
70,378,0.003965
75,378,0.003077
0,380,0.007285
15,380,0.007291
25,380,0.007297
35,380,0.007267
45,380,0.007222
55,380,0.006716
65,380,0.005364
70,380,0.004168
75,380,0.003347
0,382,0.007598
15,382,0.007612
25,382,0.007619
35,382,0.007582
45,382,0.007515
55,382,0.006729
65,382,0.005648
70,382,0.004335
75,382,0.003548
0,384,0.007863
15,384,0.007868
25,384,0.007888
35,384,0.007858
45,384,0.007741
55,384,0.006785
65,384,0.00575
70,384,0.004484
75,384,0.003819
0,386,0.008079
15,386,0.008086
25,386,0.008106
35,386,0.008094
45,386,0.007871
55,386,0.006995
65,386,0.00568
70,386,0.004714
75,386,0.00421
0,388,0.008239
15,388,0.008271
25,388,0.008277
35,388,0.008282
45,388,0.007914
55,388,0.007335
65,388,0.005628
70,388,0.005071
75,388,0.004577
0,390,0.008374
15,390,0.00843
25,390,0.00842
35,390,0.008424
45,390,0.007937
55,390,0.007669
65,390,0.005732
70,390,0.005423
75,390,0.004728
0,392,0.008514
15,392,0.008551
25,392,0.008554
35,392,0.008524
45,392,0.008013
55,392,0.007812
65,392,0.005978
70,392,0.005588
75,392,0.004714
0,394,0.008639
15,394,0.008642
25,394,0.008679
35,394,0.00859
45,394,0.008186
55,394,0.007684
65,394,0.006231
70,394,0.005573
75,394,0.004749
0,396,0.008726
15,396,0.008717
25,396,0.00878
35,396,0.008639
45,396,0.008409
55,396,0.007401
65,396,0.006331
70,396,0.005585
75,396,0.004887
0,398,0.008772
15,398,0.008801
25,398,0.008842
35,398,0.008679
45,398,0.008601
55,398,0.007188
65,398,0.006296
70,398,0.005712
75,398,0.004799
0,400,0.008815
15,400,0.008889
25,400,0.008876
35,400,0.008729
45,400,0.008704
55,400,0.007111
65,400,0.006301
70,400,0.005659
75,400,0.004102
0,402,0.008885
15,402,0.008951
25,402,0.008901
35,402,0.008804
45,402,0.008718
55,402,0.007069
65,402,0.006414
70,402,0.004937
75,402,0.003023
0,404,0.008959
15,404,0.008982
25,404,0.008941
35,404,0.0089
45,404,0.00865
55,404,0.006986
65,404,0.006311
70,404,0.003611
75,404,0.002086
0,406,0.00901
15,406,0.008988
25,406,0.008992
35,406,0.008989
45,406,0.008512
55,406,0.006903
65,406,0.005427
70,406,0.002348
75,406,0.001476
0,408,0.009024
15,408,0.009013
25,408,0.009033
35,408,0.009051
45,408,0.008294
55,408,0.006926
65,408,0.003827
70,408,0.001513
75,408,0.001111
0,410,0.009022
15,410,0.009056
25,410,0.009063
35,410,0.009077
45,410,0.007987
55,410,0.006988
65,410,0.002338
70,410,0.001026
75,410,0.00088
0,412,0.009042
15,412,0.009097
25,412,0.009083
35,412,0.009086
45,412,0.007628
55,412,0.006623
65,412,0.001376
70,412,0.000734
75,412,0.000713
0,414,0.009081
15,414,0.009114
25,414,0.009108
35,414,0.009097
45,414,0.007355
55,414,0.005302
65,414,0.000843
70,414,0.000551
75,414,0.00058
0,416,0.009119
15,416,0.0091
25,416,0.009139
35,416,0.009109
45,416,0.007277
55,416,0.003387
65,416,0.000551
70,416,0.00043
75,416,0.000475
0,418,0.009118
15,418,0.009077
25,418,0.009162
35,418,0.009086
45,418,0.007185
55,418,0.001854
65,418,0.000387
70,418,0.00035
75,418,0.000399
0,420,0.00908
15,420,0.009075
25,420,0.009173
35,420,0.008949
45,420,0.006491
55,420,0.000998
65,420,0.000292
70,420,0.000299
75,420,0.000349
0,422,0.009032
15,422,0.009101
25,422,0.009178
35,422,0.008624
45,422,0.004842
55,422,0.000568
65,422,0.000233
70,422,0.000268
75,422,0.000323
0,424,0.009015
15,424,0.009134
25,424,0.009185
35,424,0.008159
45,424,0.002877
55,424,0.000348
65,424,0.000197
70,424,0.000254
75,424,0.000318
0,426,0.009034
15,426,0.009156
25,426,0.009192
35,426,0.007674
45,426,0.001478
55,426,0.000232
65,426,0.000176
70,426,0.000256
75,426,0.00033
0,428,0.009074
15,428,0.009166
25,428,0.009171
35,428,0.006983
45,428,0.000757
55,428,0.000167
65,428,0.000168
70,428,0.000273
75,428,0.00035
0,430,0.009106
15,430,0.009174
25,430,0.009085
35,430,0.005616
45,430,0.000417
55,430,0.000129
65,430,0.000171
70,430,0.000301
75,430,0.000357
0,432,0.009126
15,432,0.009181
25,432,0.008828
35,432,0.003677
45,432,0.00025
55,432,0.000107
65,432,0.000184
70,432,0.00033
75,432,0.000328
0,434,0.009139
15,434,0.009157
25,434,0.008238
35,434,0.001978
45,434,0.000162
55,434,9.4E-05
65,434,0.000209
70,434,0.000335
75,434,0.000265
0,436,0.009155
15,436,0.009042
25,436,0.007113
35,436,0.000975
45,436,0.000113
55,436,8.7E-05
65,436,0.000242
70,436,0.000299
75,436,0.000194
0,438,0.009129
15,438,0.008746
25,438,0.005365
35,438,0.000498
45,438,8.4E-05
55,438,8.6E-05
65,438,0.000272
70,438,0.000236
75,438,0.00014
0,440,0.008982
15,440,0.008087
25,440,0.003371
35,440,0.000275
45,440,6.7E-05
55,440,9.1E-05
65,440,0.000277
70,440,0.000174
75,440,0.000104
0,442,0.008606
15,442,0.00679
25,442,0.001799
35,442,0.000164
45,442,5.7E-05
55,442,0.000102
65,442,0.000247
70,442,0.000127
75,442,8.1E-05
0,444,0.007848
15,444,0.00483
25,444,0.000891
35,444,0.000106
45,444,5.2E-05
55,444,0.000121
65,444,0.000195
70,444,9.7E-05
75,444,6.8E-05
0,446,0.0065
15,446,0.002828
25,446,0.000451
35,446,7.5E-05
45,446,5.1E-05
55,446,0.00015
65,446,0.000146
70,446,8E-05
75,446,6.2E-05
0,448,0.004645
15,448,0.001474
25,448,0.000249
35,448,5.6E-05
45,448,5.2E-05
55,448,0.00018
65,448,0.000111
70,448,7E-05
75,448,6E-05
0,450,0.002796
15,450,0.000748
25,450,0.00015
35,450,4.6E-05
45,450,5.7E-05
55,450,0.000198
65,450,8.8E-05
70,450,6.5E-05
75,450,6.2E-05
0,452,0.001484
15,452,0.000393
25,452,9.7E-05
35,452,3.9E-05
45,452,6.6E-05
55,452,0.000191
65,452,7.4E-05
70,452,6.5E-05
75,452,6.7E-05
0,454,0.00075
15,454,0.000219
25,454,6.7E-05
35,454,3.5E-05
45,454,8.2E-05
55,454,0.000162
65,454,6.6E-05
70,454,6.8E-05
75,454,7.6E-05
0,456,0.000389
15,456,0.000131
25,456,4.9E-05
35,456,3.3E-05
45,456,0.000103
55,456,0.000125
65,456,6.2E-05
70,456,7.4E-05
75,456,9.1E-05
0,458,0.000216
15,458,8.4E-05
25,458,3.9E-05
35,458,3.3E-05
45,458,0.000129
55,458,9.4E-05
65,458,6.1E-05
70,458,8.6E-05
75,458,0.000113
0,460,0.000129
15,460,5.8E-05
25,460,3.1E-05
35,460,3.3E-05
45,460,0.000148
55,460,7.3E-05
65,460,6.3E-05
70,460,0.000102
75,460,0.000141
0,462,8.1E-05
15,462,4.1E-05
25,462,2.6E-05
35,462,3.5E-05
45,462,0.00015
55,462,5.9E-05
65,462,6.9E-05
70,462,0.000127
75,462,0.000172
0,464,5.4E-05
15,464,3E-05
25,464,2.2E-05
35,464,3.9E-05
45,464,0.00013
55,464,4.9E-05
65,464,7.8E-05
70,464,0.000158
75,464,0.000195
0,466,3.7E-05
15,466,2.3E-05
25,466,1.9E-05
35,466,4.7E-05
45,466,9.9E-05
55,466,4.3E-05
65,466,9.2E-05
70,466,0.00019
75,466,0.000199
0,468,2.6E-05
15,468,1.8E-05
25,468,1.8E-05
35,468,6E-05
45,468,7.2E-05
55,468,4E-05
65,468,0.000113
70,468,0.00021
75,468,0.000184
0,470,2E-05
15,470,1.5E-05
25,470,1.8E-05
35,470,7.7E-05
45,470,5.3E-05
55,470,4E-05
65,470,0.000141
70,470,0.00021
75,470,0.00016
0,472,1.6E-05
15,472,1.3E-05
25,472,1.9E-05
35,472,9.4E-05
45,472,4E-05
55,472,4.2E-05
65,472,0.000171
70,472,0.000191
75,472,0.000138
0,474,1.3E-05
15,474,1.2E-05
25,474,2.2E-05
35,474,0.000101
45,474,3.2E-05
55,474,4.6E-05
65,474,0.000192
70,474,0.000164
75,474,0.000121
0,476,1.1E-05
15,476,1.2E-05
25,476,2.7E-05
35,476,9.1E-05
45,476,2.8E-05
55,476,5.4E-05
65,476,0.000194
70,476,0.000139
75,476,0.00011
0,478,1E-05
15,478,1.3E-05
25,478,3.5E-05
35,478,7E-05
45,478,2.5E-05
55,478,6.6E-05
65,478,0.000177
70,478,0.000121
75,478,0.000105
0,480,1E-05
15,480,1.4E-05
25,480,4.7E-05
35,480,4.9E-05
45,480,2.4E-05
55,480,8.1E-05
65,480,0.00015
70,480,0.000109
75,480,0.000105
0,482,1.1E-05
15,482,1.8E-05
25,482,6.3E-05
35,482,3.6E-05
45,482,2.5E-05
55,482,0.000101
65,482,0.000126
70,482,0.000103
75,482,0.000112
0,484,1.4E-05
15,484,2.5E-05
25,484,7.6E-05
35,484,2.8E-05
45,484,2.8E-05
55,484,0.000122
65,484,0.000108
70,484,0.000105
75,484,0.000127
0,486,1.7E-05
15,486,3.4E-05
25,486,7.5E-05
35,486,2.3E-05
45,486,3.3E-05
55,486,0.000138
65,486,9.8E-05
70,486,0.000114
75,486,0.000154
0,488,2.1E-05
15,488,4.7E-05
25,488,6.2E-05
35,488,2.1E-05
45,488,4.1E-05
55,488,0.00014
65,488,9.3E-05
70,488,0.000131
75,488,0.000199
0,490,2.7E-05
15,490,6.3E-05
25,490,4.7E-05
35,490,2E-05
45,490,5.2E-05
55,490,0.000131
65,490,9.5E-05
70,490,0.00016
75,490,0.000273
0,492,3.7E-05
15,492,7.4E-05
25,492,3.5E-05
35,492,2E-05
45,492,6.7E-05
55,492,0.000116
65,492,0.000103
70,492,0.000209
75,492,0.000394
0,494,5.1E-05
15,494,7.1E-05
25,494,2.8E-05
35,494,2.1E-05
45,494,8.7E-05
55,494,0.000101
65,494,0.000117
70,494,0.000289
75,494,0.000578
0,496,6.7E-05
15,496,5.7E-05
25,496,2.4E-05
35,496,2.3E-05
45,496,0.000108
55,496,9E-05
65,496,0.000142
70,496,0.000417
75,496,0.000817
0,498,7.3E-05
15,498,4.2E-05
25,498,2.2E-05
35,498,2.7E-05
45,498,0.000123
55,498,8.3E-05
65,498,0.00018
70,498,0.000602
75,498,0.001041
0,500,6.4E-05
15,500,3.2E-05
25,500,2E-05
35,500,3.1E-05
45,500,0.000125
55,500,8E-05
65,500,0.000239
70,500,0.000826
75,500,0.001162
0,502,4.8E-05
15,502,2.5E-05
25,502,1.9E-05
35,502,3.6E-05
45,502,0.000114
55,502,7.9E-05
65,502,0.000331
70,502,0.00102
75,502,0.001165
0,504,3.4E-05
15,504,2E-05
25,504,1.7E-05
35,504,4.4E-05
45,504,9.7E-05
55,504,8.1E-05
65,504,0.000465
70,504,0.001103
75,504,0.001115
0,506,2.4E-05
15,506,1.6E-05
25,506,1.6E-05
35,506,5.5E-05
45,506,8E-05
55,506,8.8E-05
65,506,0.000634
70,506,0.001065
75,506,0.001086
0,508,1.8E-05
15,508,1.3E-05
25,508,1.6E-05
35,508,7E-05
45,508,6.7E-05
55,508,0.0001
65,508,0.000786
70,508,0.000973
75,508,0.001125
0,510,1.3E-05
15,510,1.1E-05
25,510,1.6E-05
35,510,8.4E-05
45,510,5.8E-05
55,510,0.00012
65,510,0.000853
70,510,0.000897
75,510,0.001273
0,512,1E-05
15,512,1E-05
25,512,1.8E-05
35,512,9.3E-05
45,512,5.3E-05
55,512,0.000153
65,512,0.000812
70,512,0.00087
75,512,0.001596
0,514,9E-06
15,514,1E-05
25,514,2.2E-05
35,514,9E-05
45,514,5E-05
55,514,0.000206
65,514,0.000706
70,514,0.000909
75,514,0.002196
0,516,8E-06
15,516,1E-05
25,516,2.9E-05
35,516,7.8E-05
45,516,5.1E-05
55,516,0.000284
65,516,0.000599
70,516,0.001035
75,516,0.003003
0,518,8E-06
15,518,1.1E-05
25,518,3.9E-05
35,518,6.3E-05
45,518,5.5E-05
55,518,0.000378
65,518,0.000524
70,518,0.001286
75,518,0.003473
0,520,8E-06
15,520,1.4E-05
25,520,5.2E-05
35,520,5.1E-05
45,520,6.2E-05
55,520,0.000455
65,520,0.000486
70,520,0.001693
75,520,0.00309
0,522,9E-06
15,522,1.7E-05
25,522,6.5E-05
35,522,4.2E-05
45,522,7.4E-05
55,522,0.000476
65,522,0.000481
70,522,0.002166
75,522,0.002155
0,524,1E-05
15,524,2.3E-05
25,524,7.2E-05
35,524,3.6E-05
45,524,9.3E-05
55,524,0.000431
65,524,0.000512
70,524,0.002418
75,524,0.001289
0,526,1.3E-05
15,526,3.2E-05
25,526,6.9E-05
35,526,3.2E-05
45,526,0.000125
55,526,0.000349
65,526,0.000589
70,526,0.002231
75,526,0.00076
0,528,1.6E-05
15,528,4.3E-05
25,528,5.9E-05
35,528,3.1E-05
45,528,0.000171
55,528,0.000271
65,528,0.000726
70,528,0.00172
75,528,0.000484
0,530,2.2E-05
15,530,5.6E-05
25,530,4.7E-05
35,530,3.2E-05
45,530,0.000226
55,530,0.000214
65,530,0.000934
70,530,0.001156
75,530,0.000334
0,532,3E-05
15,532,6.3E-05
25,532,3.7E-05
35,532,3.4E-05
45,532,0.000268
55,532,0.000177
65,532,0.001176
70,532,0.000735
75,532,0.000248
0,534,4.1E-05
15,534,6.2E-05
25,534,3E-05
35,534,3.9E-05
45,534,0.000274
55,534,0.000155
65,534,0.001342
70,534,0.000479
75,534,0.000196
0,536,5.3E-05
15,536,5.2E-05
25,536,2.6E-05
35,536,4.6E-05
45,536,0.000238
55,536,0.000144
65,536,0.001334
70,536,0.000333
75,536,0.000162
0,538,6E-05
15,538,4.1E-05
25,538,2.3E-05
35,538,5.7E-05
45,538,0.000183
55,538,0.000141
65,538,0.001161
70,538,0.000248
75,538,0.000141
0,540,5.7E-05
15,540,3.2E-05
25,540,2.2E-05
35,540,7.5E-05
45,540,0.000133
55,540,0.000147
65,540,0.000895
70,540,0.000196
75,540,0.000128
0,542,4.7E-05
15,542,2.6E-05
25,542,2.2E-05
35,542,0.000101
45,542,9.9E-05
55,542,0.000161
65,542,0.000629
70,542,0.000163
75,542,0.00012
0,544,3.7E-05
15,544,2.2E-05
25,544,2.4E-05
35,544,0.000134
45,544,7.6E-05
55,544,0.000188
65,544,0.000427
70,544,0.000141
75,544,0.000116
0,546,2.9E-05
15,546,2E-05
25,546,2.7E-05
35,546,0.000159
45,546,6.2E-05
55,546,0.000232
65,546,0.000299
70,546,0.000127
75,546,0.000117
0,548,2.4E-05
15,548,1.9E-05
25,548,3.2E-05
35,548,0.000159
45,548,5.4E-05
55,548,0.000302
65,548,0.000221
70,548,0.000118
75,548,0.000121
0,550,2E-05
15,550,1.8E-05
25,550,4.1E-05
35,550,0.000133
45,550,4.9E-05
55,550,0.000398
65,550,0.000172
70,550,0.000114
75,550,0.00013
0,552,1.8E-05
15,552,1.9E-05
25,552,5.5E-05
35,552,9.6E-05
45,552,4.6E-05
55,552,0.000501
65,552,0.000141
70,552,0.000113
75,552,0.000144
0,554,1.7E-05
15,554,2.2E-05
25,554,7.5E-05
35,554,6.6E-05
45,554,4.6E-05
55,554,0.000574
65,554,0.000121
70,554,0.000116
75,554,0.000165
0,556,1.7E-05
15,556,2.5E-05
25,556,9.8E-05
35,556,4.6E-05
45,556,4.7E-05
55,556,0.000586
65,556,0.000107
70,556,0.000122
75,556,0.000196
0,558,1.8E-05
15,558,3.2E-05
25,558,0.000115
35,558,3.4E-05
45,558,5.1E-05
55,558,0.00054
65,558,9.9E-05
70,558,0.000133
75,558,0.000244
0,560,2E-05
15,560,4.3E-05
25,560,0.000112
35,560,2.6E-05
45,560,5.7E-05
55,560,0.00045
65,560,9.4E-05
70,560,0.000149
75,560,0.000317
0,562,2.3E-05
15,562,6E-05
25,562,8.9E-05
35,562,2.2E-05
45,562,6.8E-05
55,562,0.000343
65,562,9.2E-05
70,562,0.000173
75,562,0.00043
0,564,2.9E-05
15,564,8.3E-05
25,564,6.1E-05
35,564,1.9E-05
45,564,8.5E-05
55,564,0.000247
65,564,9.3E-05
70,564,0.000208
75,564,0.000603
0,566,3.9E-05
15,566,0.000101
25,566,4E-05
35,566,1.7E-05
45,566,0.000111
55,566,0.000178
65,566,9.6E-05
70,566,0.000258
75,566,0.000836
0,568,5.5E-05
15,568,9.8E-05
25,568,2.7E-05
35,568,1.6E-05
45,568,0.000151
55,568,0.000133
65,568,0.000101
70,568,0.00033
75,568,0.001069
0,570,7.7E-05
15,570,7.5E-05
25,570,1.9E-05
35,570,1.5E-05
45,570,0.000207
55,570,0.000105
65,570,0.00011
70,570,0.000433
75,570,0.001194
0,572,9.6E-05
15,572,4.9E-05
25,572,1.5E-05
35,572,1.5E-05
45,572,0.000267
55,572,8.7E-05
65,572,0.000123
70,572,0.000569
75,572,0.001152
0,574,9.3E-05
15,574,3.1E-05
25,574,1.2E-05
35,574,1.5E-05
45,574,0.000311
55,574,7.4E-05
65,574,0.000142
70,574,0.000722
75,574,0.000983
0,576,6.8E-05
15,576,2.1E-05
25,576,1E-05
35,576,1.6E-05
45,576,0.000323
55,576,6.6E-05
65,576,0.000168
70,576,0.000849
75,576,0.000775
0,578,4.3E-05
15,578,1.5E-05
25,578,9E-06
35,578,1.7E-05
45,578,0.000303
55,578,6.1E-05
65,578,0.000204
70,578,0.000905
75,578,0.000595
0,580,2.7E-05
15,580,1.1E-05
25,580,8E-06
35,580,1.9E-05
45,580,0.000257
55,580,5.8E-05
65,580,0.000254
70,580,0.000877
75,580,0.000461
0,582,1.8E-05
15,582,9E-06
25,582,7E-06
35,582,2.2E-05
45,582,0.000197
55,582,5.6E-05
65,582,0.000322
70,582,0.000784
75,582,0.000369
0,584,1.3E-05
15,584,7E-06
25,584,7E-06
35,584,2.7E-05
45,584,0.000143
55,584,5.6E-05
65,584,0.000406
70,584,0.00066
75,584,0.000306
0,586,1E-05
15,586,6E-06
25,586,6E-06
35,586,3.3E-05
45,586,0.000104
55,586,5.7E-05
65,586,0.0005
70,586,0.000539
75,586,0.000263
0,588,8E-06
15,588,5E-06
25,588,6E-06
35,588,4.4E-05
45,588,7.9E-05
55,588,6.1E-05
65,588,0.000587
70,588,0.000439
75,588,0.000234
0,590,6E-06
15,590,5E-06
25,590,7E-06
35,590,6.2E-05
45,590,6.3E-05
55,590,6.6E-05
65,590,0.000644
70,590,0.000364
75,590,0.000214
0,592,5E-06
15,592,4E-06
25,592,7E-06
35,592,9E-05
45,592,5.3E-05
55,592,7.2E-05
65,592,0.00066
70,592,0.00031
75,592,0.000201
0,594,5E-06
15,594,4E-06
25,594,7E-06
35,594,0.000128
45,594,4.6E-05
55,594,8E-05
65,594,0.000631
70,594,0.000271
75,594,0.000194
0,596,4E-06
15,596,4E-06
25,596,8E-06
35,596,0.000167
45,596,4.1E-05
55,596,9.1E-05
65,596,0.000571
70,596,0.000244
75,596,0.000191
0,598,4E-06
15,598,4E-06
25,598,9E-06
35,598,0.00019
45,598,3.9E-05
55,598,0.000106
65,598,0.000495
70,598,0.000225
75,598,0.000192
0,600,4E-06
15,600,4E-06
25,600,1E-05
35,600,0.000192
45,600,3.8E-05
55,600,0.000128
65,600,0.00042
70,600,0.000213
75,600,0.000197
0,602,3E-06
15,602,4E-06
25,602,1.2E-05
35,602,0.000172
45,602,3.9E-05
55,602,0.000157
65,602,0.000355
70,602,0.000205
75,602,0.000206
0,604,3E-06
15,604,4E-06
25,604,1.6E-05
35,604,0.000137
45,604,3.9E-05
55,604,0.000197
65,604,0.000304
70,604,0.000203
75,604,0.000219
0,606,3E-06
15,606,5E-06
25,606,2E-05
35,606,0.000101
45,606,3.8E-05
55,606,0.000247
65,606,0.000266
70,606,0.000204
75,606,0.000238
0,608,3E-06
15,608,5E-06
25,608,2.8E-05
35,608,7.3E-05
45,608,3.8E-05
55,608,0.000306
65,608,0.000237
70,608,0.000208
75,608,0.000262
0,610,3E-06
15,610,6E-06
25,610,4E-05
35,610,5.5E-05
45,610,4E-05
55,610,0.000365
65,610,0.000217
70,610,0.000217
75,610,0.000294
0,612,4E-06
15,612,7E-06
25,612,6E-05
35,612,4.5E-05
45,612,4.3E-05
55,612,0.000415
65,612,0.000203
70,612,0.00023
75,612,0.000336
0,614,4E-06
15,614,8E-06
25,614,9E-05
35,614,4E-05
45,614,4.7E-05
55,614,0.000444
65,614,0.000193
70,614,0.000248
75,614,0.000392
0,616,4E-06
15,616,1E-05
25,616,0.000123
35,616,3.7E-05
45,616,5.3E-05
55,616,0.000449
65,616,0.000188
70,616,0.000272
75,616,0.000466
0,618,5E-06
15,618,1.2E-05
25,618,0.000143
35,618,3.3E-05
45,618,6.1E-05
55,618,0.000429
65,618,0.000187
70,618,0.000303
75,618,0.000566
0,620,5E-06
15,620,1.6E-05
25,620,0.000142
35,620,2.9E-05
45,620,7.3E-05
55,620,0.000391
65,620,0.000188
70,620,0.000343
75,620,0.000699
0,622,6E-06
15,622,2.3E-05
25,622,0.000121
35,622,2.5E-05
45,622,8.8E-05
55,622,0.000343
65,622,0.000193
70,622,0.000398
75,622,0.000872
0,624,8E-06
15,624,3.4E-05
25,624,9.4E-05
35,624,2.3E-05
45,624,0.00011
55,624,0.000295
65,624,0.000201
70,624,0.000467
75,624,0.001108
0,626,9E-06
15,626,5.3E-05
25,626,7.2E-05
35,626,2.2E-05
45,626,0.000138
55,626,0.000253
65,626,0.000214
70,626,0.000552
75,626,0.00143
0,628,1.2E-05
15,628,8.3E-05
25,628,5.7E-05
35,628,2.2E-05
45,628,0.000176
55,628,0.000219
65,628,0.000232
70,628,0.000661
75,628,0.001859
0,630,1.6E-05
15,630,0.000116
25,630,4.5E-05
35,630,2.2E-05
45,630,0.00022
55,630,0.000193
65,630,0.000256
70,630,0.000807
75,630,0.002409
0,632,2.3E-05
15,632,0.000136
25,632,3.4E-05
35,632,2.3E-05
45,632,0.000268
55,632,0.000174
65,632,0.000284
70,632,0.001005
75,632,0.003061
0,634,3.5E-05
15,634,0.00013
25,634,2.7E-05
35,634,2.4E-05
45,634,0.00031
55,634,0.00016
65,634,0.000316
70,634,0.001267
75,634,0.003747
0,636,5.7E-05
15,636,0.000104
25,636,2.2E-05
35,636,2.6E-05
45,636,0.000337
55,636,0.00015
65,636,0.000356
70,636,0.001609
75,636,0.00436
0,638,9.2E-05
15,638,7.5E-05
25,638,1.9E-05
35,638,2.9E-05
45,638,0.000345
55,638,0.000144
65,638,0.000408
70,638,0.002045
75,638,0.004802
0,640,0.000131
15,640,5.2E-05
25,640,1.8E-05
35,640,3.2E-05
45,640,0.000333
55,640,0.000142
65,640,0.000477
70,640,0.002577
75,640,0.005022
0,642,0.00014
15,642,3.7E-05
25,642,1.6E-05
35,642,3.7E-05
45,642,0.000306
55,642,0.000143
65,642,0.000567
70,642,0.003184
75,642,0.005027
0,644,0.000112
15,644,2.8E-05
25,644,1.5E-05
35,644,4.4E-05
45,644,0.000269
55,644,0.000147
65,644,0.000685
70,644,0.003812
75,644,0.004877
0,646,7.6E-05
15,646,2.2E-05
25,646,1.5E-05
35,646,5.3E-05
45,646,0.000231
55,646,0.000151
65,646,0.00084
70,646,0.004388
75,646,0.004646
0,648,5.1E-05
15,648,1.9E-05
25,648,1.5E-05
35,648,6.5E-05
45,648,0.000197
55,648,0.000155
65,648,0.001043
70,648,0.004845
75,648,0.004401
0,650,3.6E-05
15,650,1.6E-05
25,650,1.5E-05
35,650,8.2E-05
45,650,0.00017
55,650,0.00016
65,650,0.001311
70,650,0.00514
75,650,0.004185
0,652,2.7E-05
15,652,1.5E-05
25,652,1.6E-05
35,652,0.000105
45,652,0.00015
55,652,0.000166
65,652,0.001658
70,652,0.005261
75,652,0.004021
0,654,2.1E-05
15,654,1.3E-05
25,654,1.7E-05
35,654,0.000136
45,654,0.000136
55,654,0.000177
65,654,0.002097
70,654,0.005235
75,654,0.003917
0,656,1.8E-05
15,656,1.3E-05
25,656,1.8E-05
35,656,0.000174
45,656,0.000128
55,656,0.000192
65,656,0.002628
70,656,0.005108
75,656,0.003874
0,658,1.5E-05
15,658,1.2E-05
25,658,2E-05
35,658,0.000214
45,658,0.000123
55,658,0.000211
65,658,0.003229
70,658,0.004937
75,658,0.003892
0,660,1.4E-05
15,660,1.2E-05
25,660,2.2E-05
35,660,0.000248
45,660,0.000119
55,660,0.000237
65,660,0.003858
70,660,0.004765
75,660,0.003965
0,662,1.3E-05
15,662,1.2E-05
25,662,2.5E-05
35,662,0.000269
45,662,0.000114
55,662,0.000269
65,662,0.004457
70,662,0.004624
75,662,0.004095
0,664,1.2E-05
15,664,1.3E-05
25,664,2.9E-05
35,664,0.000273
45,664,0.00011
55,664,0.00031
65,664,0.004961
70,664,0.004531
75,664,0.004278
0,666,1.1E-05
15,666,1.3E-05
25,666,3.5E-05
35,666,0.000259
45,666,0.000106
55,666,0.000363
65,666,0.00532
70,666,0.004491
75,666,0.004509
0,668,1.1E-05
15,668,1.4E-05
25,668,4.3E-05
35,668,0.000233
45,668,0.000104
55,668,0.000432
65,668,0.005513
70,668,0.00451
75,668,0.004783
0,670,1.1E-05
15,670,1.5E-05
25,670,5.3E-05
35,670,0.000203
45,670,0.000104
55,670,0.000521
65,670,0.005552
70,670,0.004584
75,670,0.005097
0,672,1.1E-05
15,672,1.6E-05
25,672,6.8E-05
35,672,0.000176
45,672,0.000106
55,672,0.000638
65,672,0.005469
70,672,0.004713
75,672,0.005436
0,674,1.1E-05
15,674,1.8E-05
25,674,8.9E-05
35,674,0.000154
45,674,0.000111
55,674,0.000795
65,674,0.005312
70,674,0.004895
75,674,0.005782
0,676,1.2E-05
15,676,2.1E-05
25,676,0.000117
35,676,0.000137
45,676,0.000117
55,676,0.001003
65,676,0.005134
70,676,0.005126
75,676,0.006113
0,678,1.3E-05
15,678,2.4E-05
25,678,0.000153
35,678,0.000123
45,678,0.000126
55,678,0.001279
65,678,0.004973
70,678,0.005399
75,678,0.006409
0,680,1.4E-05
15,680,2.9E-05
25,680,0.000191
35,680,0.00011
45,680,0.000137
55,680,0.001642
65,680,0.004851
70,680,0.005706
75,680,0.006648
0,682,1.5E-05
15,682,3.5E-05
25,682,0.000224
35,682,9.7E-05
45,682,0.00015
55,682,0.002109
65,682,0.004781
70,682,0.006038
75,682,0.006815
0,684,1.7E-05
15,684,4.4E-05
25,684,0.000243
35,684,8.8E-05
45,684,0.000168
55,684,0.002679
65,684,0.004769
70,684,0.006379
75,684,0.0069
0,686,1.9E-05
15,686,5.5E-05
25,686,0.000244
35,686,8E-05
45,686,0.00019
55,686,0.003325
65,686,0.004815
70,686,0.006708
75,686,0.006907
0,688,2.3E-05
15,688,7.2E-05
25,688,0.000229
35,688,7.5E-05
45,688,0.000218
55,688,0.003993
65,688,0.004918
70,688,0.007007
75,688,0.006845
0,690,2.7E-05
15,690,9.6E-05
25,690,0.000204
35,690,7.2E-05
45,690,0.000253
55,690,0.004609
65,690,0.005074
70,690,0.007257
75,690,0.00673
0,692,3.3E-05
15,692,0.000129
25,692,0.000176
35,692,7.1E-05
45,692,0.000298
55,692,0.005118
65,692,0.005283
70,692,0.007444
75,692,0.006579
0,694,4.1E-05
15,694,0.000169
25,694,0.000148
35,694,7E-05
45,694,0.000358
55,694,0.005469
65,694,0.005539
70,694,0.007558
75,694,0.006409
0,696,5.2E-05
15,696,0.00021
25,696,0.000124
35,696,7.1E-05
45,696,0.000435
55,696,0.005635
65,696,0.005834
70,696,0.007594
75,696,0.00624
0,698,6.7E-05
15,698,0.000239
25,698,0.000104
35,698,7.2E-05
45,698,0.000538
55,698,0.005627
65,698,0.006161
70,698,0.007563
75,698,0.006089
0,700,9E-05
15,700,0.000245
25,700,8.9E-05
35,700,7.5E-05
45,700,0.000676
55,700,0.00548
65,700,0.006506
70,700,0.007475
75,700,0.005988
0,702,0.000122
15,702,0.000228
25,702,7.8E-05
35,702,7.9E-05
45,702,0.000864
55,702,0.005251
65,702,0.006852
70,702,0.007346
75,702,0.006005
0,704,0.000163
15,704,0.000195
25,704,7E-05
35,704,8.4E-05
45,704,0.00112
55,704,0.005002
65,704,0.007179
70,704,0.007215
75,704,0.006058
0,706,0.000208
15,706,0.000161
25,706,6.4E-05
35,706,9E-05
45,706,0.001465
55,706,0.004777
65,706,0.00747
70,706,0.007143
75,706,0.005955
0,708,0.00024
15,708,0.00013
25,708,6E-05
35,708,9.8E-05
45,708,0.00192
55,708,0.004601
65,708,0.00771
70,708,0.007109
75,708,0.005768
0,710,0.000243
15,710,0.000107
25,710,5.7E-05
35,710,0.000108
45,710,0.002494
55,710,0.004488
65,710,0.007891
70,710,0.006978
75,710,0.005657
0,712,0.000218
15,712,8.9E-05
25,712,5.5E-05
35,712,0.00012
45,712,0.003164
55,712,0.004441
65,712,0.008018
70,712,0.006719
75,712,0.005632
0,714,0.000181
15,714,7.7E-05
25,714,5.4E-05
35,714,0.000135
45,714,0.003869
55,714,0.004459
65,714,0.008124
70,714,0.006451
75,714,0.005657
0,716,0.000146
15,716,6.7E-05
25,716,5.3E-05
35,716,0.000154
45,716,0.004523
55,716,0.00454
65,716,0.00818
70,716,0.006259
75,716,0.005716
0,718,0.000118
15,718,6E-05
25,718,5.4E-05
35,718,0.000178
45,718,0.005049
55,718,0.004681
65,718,0.0081
70,718,0.006136
75,718,0.005801
0,720,9.7E-05
15,720,5.5E-05
25,720,5.5E-05
35,720,0.000209
45,720,0.005393
55,720,0.00488
65,720,0.007871
70,720,0.006056
75,720,0.005907
0,722,8.1E-05
15,722,5.2E-05
25,722,5.7E-05
35,722,0.000249
45,722,0.005533
55,722,0.00514
65,722,0.007544
70,722,0.006012
75,722,0.006033
0,724,7E-05
15,724,4.9E-05
25,724,5.9E-05
35,724,0.000301
45,724,0.005476
55,724,0.005459
65,724,0.00721
70,724,0.005999
75,724,0.006173
0,726,6.2E-05
15,726,4.7E-05
25,726,6.3E-05
35,726,0.000369
45,726,0.005266
55,726,0.005837
65,726,0.006917
70,726,0.006012
75,726,0.006319
0,728,5.5E-05
15,728,4.6E-05
25,728,6.7E-05
35,728,0.00046
45,728,0.004969
55,728,0.006282
65,728,0.00666
70,728,0.006052
75,728,0.006472
0,730,5.1E-05
15,730,4.6E-05
25,730,7.2E-05
35,730,0.000584
45,730,0.004657
55,730,0.006784
65,730,0.006437
70,730,0.006114
75,730,0.006626
0,732,4.8E-05
15,732,4.6E-05
25,732,7.9E-05
35,732,0.000755
45,732,0.004381
55,732,0.007272
65,732,0.006244
70,732,0.006197
75,732,0.006778
0,734,4.5E-05
15,734,4.6E-05
25,734,8.7E-05
35,734,0.000994
45,734,0.00417
55,734,0.007667
65,734,0.006082
70,734,0.006298
75,734,0.00692
0,736,4.3E-05
15,736,4.7E-05
25,736,9.7E-05
35,736,0.001325
45,736,0.004035
55,736,0.007933
65,736,0.005953
70,736,0.006415
75,736,0.007051
0,738,4.2E-05
15,738,4.9E-05
25,738,0.000109
35,738,0.001776
45,738,0.003976
55,738,0.008069
65,738,0.005855
70,738,0.006546
75,738,0.007168
0,740,4.2E-05
15,740,5.2E-05
25,740,0.000124
35,740,0.002363
45,740,0.003996
55,740,0.008104
65,740,0.005789
70,740,0.006688
75,740,0.007269
0,742,4.2E-05
15,742,5.4E-05
25,742,0.000143
35,742,0.003071
45,742,0.004103
55,742,0.008061
65,742,0.005753
70,742,0.006841
75,742,0.007356
0,744,4.2E-05
15,744,5.8E-05
25,744,0.000167
35,744,0.003826
45,744,0.004308
55,744,0.007944
65,744,0.005746
70,744,0.007001
75,744,0.007432
0,746,4.3E-05
15,746,6.3E-05
25,746,0.000198
35,746,0.004518
45,746,0.004595
55,746,0.007755
65,746,0.005766
70,746,0.007168
75,746,0.007503
0,748,4.5E-05
15,748,6.9E-05
25,748,0.000238
35,748,0.005045
45,748,0.004923
55,748,0.007508
65,748,0.005816
70,748,0.007343
75,748,0.007568
0,750,4.7E-05
15,750,7.6E-05
25,750,0.00029
35,750,0.005347
45,750,0.005248
55,750,0.00722
65,750,0.005892
70,750,0.007523
75,750,0.007616
0,752,4.9E-05
15,752,8.4E-05
25,752,0.00036
35,752,0.005404
45,752,0.005559
55,752,0.00691
65,752,0.005997
70,752,0.00771
75,752,0.007627
0,754,5.2E-05
15,754,9.5E-05
25,754,0.000453
35,754,0.005245
45,754,0.005869
55,754,0.006596
65,754,0.006129
70,754,0.007894
75,754,0.007591
0,756,5.6E-05
15,756,0.000108
25,756,0.000581
35,756,0.004943
45,756,0.006195
55,756,0.006297
65,756,0.006292
70,756,0.008046
75,756,0.007519
0,758,6.1E-05
15,758,0.000124
25,758,0.000761
35,758,0.004594
45,758,0.006548
55,758,0.00602
65,758,0.006489
70,758,0.008144
75,758,0.00743
0,760,6.6E-05
15,760,0.000144
25,760,0.001015
35,760,0.004286
45,760,0.00691
55,760,0.005774
65,760,0.006711
70,760,0.008189
75,760,0.007348
0,762,7.3E-05
15,762,0.00017
25,762,0.001375
35,762,0.00407
45,762,0.007246
55,762,0.005564
65,762,0.006954
70,762,0.008194
75,762,0.007282
0,764,8.2E-05
15,764,0.000203
25,764,0.001875
35,764,0.003958
45,764,0.007525
55,764,0.005392
65,764,0.007193
70,764,0.008181
75,764,0.007227
0,766,9.3E-05
15,766,0.000245
25,766,0.002533
35,766,0.003916
45,766,0.007712
55,766,0.00526
65,766,0.007402
70,766,0.008169
75,766,0.007183
0,768,0.000106
15,768,0.000301
25,768,0.003331
35,768,0.003899
45,768,0.007795
55,768,0.005171
65,768,0.007571
70,768,0.008158
75,768,0.007154
0,770,0.000122
15,770,0.000376
25,770,0.004165
35,770,0.00388
45,770,0.007765
55,770,0.005122
65,770,0.007704
70,770,0.008146
75,770,0.007137
0,772,0.000142
15,772,0.000478
25,772,0.004888
35,772,0.003864
45,772,0.007633
55,772,0.005117
65,772,0.007821
70,772,0.008139
75,772,0.00713
0,774,0.000167
15,774,0.000619
25,774,0.00537
35,774,0.003882
45,774,0.00741
55,774,0.005153
65,774,0.007935
70,774,0.00813
75,774,0.007132
0,776,0.0002
15,776,0.000817
25,776,0.005552
35,776,0.003959
45,776,0.007123
55,776,0.005228
65,776,0.008049
70,776,0.008121
75,776,0.007144
0,778,0.000242
15,778,0.001099
25,778,0.005462
35,778,0.004106
45,778,0.006798
55,778,0.005333
65,778,0.008164
70,778,0.008118
75,778,0.007167
0,780,0.000297
15,780,0.001506
25,780,0.005197
35,780,0.004324
45,780,0.006459
55,780,0.005447
65,780,0.008272
70,780,0.008115
75,780,0.007195
0,782,0.000371
15,782,0.002083
25,782,0.004857
35,782,0.004614
45,782,0.006132
55,782,0.005555
65,782,0.008375
70,782,0.008114
75,782,0.007231
0,784,0.000472
15,784,0.002857
25,784,0.004497
35,784,0.004966
45,784,0.005832
55,784,0.005649
65,784,0.008462
70,784,0.00812
75,784,0.007273
0,786,0.000611
15,786,0.0038
25,786,0.004148
35,786,0.00537
45,786,0.005571
55,786,0.005731
65,786,0.00854
70,786,0.008127
75,786,0.007316
0,788,0.000806
15,788,0.004771
25,788,0.003832
35,788,0.005812
45,788,0.005355
55,788,0.005819
65,788,0.008603
70,788,0.008137
75,788,0.007362
0,790,0.001086
15,790,0.005546
25,790,0.00357
35,790,0.006269
45,790,0.005189
55,790,0.00592
65,790,0.008652
70,790,0.008151
75,790,0.007412
0,792,0.001493
15,792,0.005926
25,792,0.003382
35,792,0.006715
45,792,0.005067
55,792,0.006045
65,792,0.008687
70,792,0.008171
75,792,0.00746
0,794,0.002079
15,794,0.005866
25,794,0.003267
35,794,0.007104
45,794,0.00498
55,794,0.006198
65,794,0.008711
70,794,0.008196
75,794,0.007504
0,796,0.002898
15,796,0.005471
25,796,0.003222
35,796,0.007413
45,796,0.004916
55,796,0.006378
65,796,0.008723
70,796,0.00822
75,796,0.007548
0,798,0.003957
15,798,0.004917
25,798,0.003241
35,798,0.007609
45,798,0.00486
55,798,0.006582
65,798,0.008729
70,798,0.008248
75,798,0.007586
0,800,0.005087
15,800,0.004361
25,800,0.003318
35,800,0.00768
45,800,0.004801
55,800,0.006801
65,800,0.008726
70,800,0.008282
75,800,0.007622
0,802,0.005938
15,802,0.003887
25,802,0.003453
35,802,0.007625
45,802,0.004737
55,802,0.007035
65,802,0.00872
70,802,0.008317
75,802,0.007655
0,804,0.006191
15,804,0.00352
25,804,0.003646
35,804,0.007453
45,804,0.004679
55,804,0.007269
65,804,0.008713
70,804,0.008353
75,804,0.00768
0,806,0.005873
15,806,0.003255
25,806,0.003896
35,806,0.007204
45,806,0.004636
55,806,0.007509
65,806,0.008703
70,806,0.00839
75,806,0.007701
0,808,0.005258
15,808,0.003074
25,808,0.004211
35,808,0.006898
45,808,0.004617
55,808,0.00774
65,808,0.008696
70,808,0.008431
75,808,0.007719
0,810,0.004608
15,810,0.002966
25,810,0.004588
35,810,0.00657
45,810,0.004627
55,810,0.007961
65,810,0.008695
70,810,0.008471
75,810,0.007731
0,812,0.004052
15,812,0.002918
25,812,0.004994
35,812,0.006266
45,812,0.004661
55,812,0.008148
65,812,0.008699
70,812,0.008513
75,812,0.007757
0,814,0.003612
15,814,0.002921
25,814,0.00547
35,814,0.005955
45,814,0.004732
55,814,0.008335
65,814,0.008701
70,814,0.008555
75,814,0.007772
0,816,0.003287
15,816,0.002974
25,816,0.005981
35,816,0.005657
45,816,0.004838
55,816,0.008499
65,816,0.008712
70,816,0.0086
75,816,0.00778
0,818,0.003054
15,818,0.003077
25,818,0.006498
35,818,0.005372
45,818,0.004971
55,818,0.008639
65,818,0.00873
70,818,0.008648
75,818,0.007783
0,820,0.002896
15,820,0.00323
25,820,0.006979
35,820,0.005099
45,820,0.005131
55,820,0.008753
65,820,0.008756
70,820,0.008687
75,820,0.007777
0,822,0.002803
15,822,0.003438
25,822,0.007386
35,822,0.004844
45,822,0.005321
55,822,0.008845
65,822,0.008788
70,822,0.008728
75,822,0.007758
0,824,0.002765
15,824,0.003704
25,824,0.007673
35,824,0.004606
45,824,0.005538
55,824,0.0089
65,824,0.008829
70,824,0.00876
75,824,0.007729
0,826,0.002777
15,826,0.004033
25,826,0.007811
35,826,0.004394
45,826,0.005773
55,826,0.008935
65,826,0.008883
70,826,0.008784
75,826,0.007691
0,828,0.002834
15,828,0.004426
25,828,0.007796
35,828,0.004216
45,828,0.006028
55,828,0.008956
65,828,0.008935
70,828,0.008804
75,828,0.007645
0,830,0.002937
15,830,0.004886
25,830,0.007639
35,830,0.00407
45,830,0.0063
55,830,0.008953
65,830,0.009002
70,830,0.008798
75,830,0.007598
0,832,0.003089
15,832,0.005411
25,832,0.00736
35,832,0.003956
45,832,0.006586
55,832,0.008942
65,832,0.009063
70,832,0.008782
75,832,0.007551
0,834,0.00329
15,834,0.005969
25,834,0.006995
35,834,0.003877
45,834,0.006881
55,834,0.008915
65,834,0.009129
70,834,0.008754
75,834,0.007505
0,836,0.003549
15,836,0.006543
25,836,0.006583
35,836,0.00383
45,836,0.007174
55,836,0.008883
65,836,0.009187
70,836,0.00872
75,836,0.007468
0,838,0.00387
15,838,0.007079
25,838,0.006142
35,838,0.003811
45,838,0.007459
55,838,0.008855
65,838,0.009239
70,838,0.008678
75,838,0.007439
0,840,0.004256
15,840,0.007527
25,840,0.005707
35,840,0.003823
45,840,0.007734
55,840,0.008831
65,840,0.009279
70,840,0.008641
75,840,0.007419
0,842,0.00471
15,842,0.007835
25,842,0.005303
35,842,0.00386
45,842,0.007994
55,842,0.008804
65,842,0.009306
70,842,0.008601
75,842,0.007402
0,844,0.005238
15,844,0.007953
25,844,0.004926
35,844,0.003923
45,844,0.008228
55,844,0.008795
65,844,0.009324
70,844,0.008566
75,844,0.007395
0,846,0.005811
15,846,0.007878
25,846,0.004594
35,846,0.004012
45,846,0.008438
55,846,0.008792
65,846,0.009332
70,846,0.008539
75,846,0.007399
0,848,0.00642
15,848,0.00763
25,848,0.004312
35,848,0.004126
45,848,0.0086
55,848,0.00879
65,848,0.00932
70,848,0.008519
75,848,0.007407
0,850,0.006999
15,850,0.007255
25,850,0.004075
35,850,0.004263
45,850,0.008747
55,850,0.008795
65,850,0.009318
70,850,0.008501
75,850,0.007435
0,852,0.007509
15,852,0.006781
25,852,0.003876
35,852,0.004426
45,852,0.008855
55,852,0.008824
65,852,0.009301
70,852,0.008481
75,852,0.007454
0,854,0.007862
15,854,0.006282
25,854,0.003712
35,854,0.004612
45,854,0.008934
55,854,0.008839
65,854,0.009295
70,854,0.008474
75,854,0.007484
0,856,0.00801
15,856,0.005793
25,856,0.00359
35,856,0.004828
45,856,0.008962
55,856,0.008872
65,856,0.009282
70,856,0.008477
75,856,0.007518
0,858,0.00794
15,858,0.005333
25,858,0.003499
35,858,0.005062
45,858,0.008985
55,858,0.008901
65,858,0.009268
70,858,0.008485
75,858,0.007557
0,860,0.007663
15,860,0.004919
25,860,0.003432
35,860,0.005322
45,860,0.008987
55,860,0.008945
65,860,0.009251
70,860,0.008483
75,860,0.007605
0,862,0.007249
15,862,0.00455
25,862,0.003384
35,862,0.0056
45,862,0.00896
55,862,0.008969
65,862,0.009221
70,862,0.008489
75,862,0.007653
0,864,0.006742
15,864,0.004245
25,864,0.003373
35,864,0.005901
45,864,0.008913
55,864,0.008983
65,864,0.009224
70,864,0.00851
75,864,0.00771
0,866,0.00622
15,866,0.003983
25,866,0.003377
35,866,0.006202
45,866,0.008872
55,866,0.009005
65,866,0.009182
70,866,0.008518
75,866,0.007764
0,868,0.005714
15,868,0.003763
25,868,0.003403
35,868,0.006525
45,868,0.008829
55,868,0.009053
65,868,0.009179
70,868,0.008552
75,868,0.007834
0,870,0.005252
15,870,0.003586
25,870,0.003463
35,870,0.006846
45,870,0.008766
55,870,0.009058
65,870,0.009157
70,870,0.008555
75,870,0.007887
0,872,0.004822
15,872,0.003444
25,872,0.003532
35,872,0.00719
45,872,0.00873
55,872,0.009116
65,872,0.009169
70,872,0.00859
75,872,0.007924
0,874,0.004455
15,874,0.003322
25,874,0.003625
35,874,0.0075
45,874,0.008655
55,874,0.009157
65,874,0.009135
70,874,0.008614
75,874,0.008
0,876,0.004149
15,876,0.003249
25,876,0.003738
35,876,0.007772
45,876,0.008611
55,876,0.009192
65,876,0.00912
70,876,0.008628
75,876,0.008041
0,878,0.003879
15,878,0.003179
25,878,0.003873
35,878,0.008078
45,878,0.008581
55,878,0.009251
65,878,0.009099
70,878,0.008694
75,878,0.008069
0,880,0.003652
15,880,0.003154
25,880,0.004037
35,880,0.008301
45,880,0.008512
55,880,0.009237
65,880,0.009067
70,880,0.008735
75,880,0.00813
0,882,0.00349
15,882,0.003127
25,882,0.004214
35,882,0.008496
45,882,0.008508
55,882,0.009308
65,882,0.009067
70,882,0.008745
75,882,0.008169
0,884,0.003333
15,884,0.003136
25,884,0.004451
35,884,0.008654
45,884,0.008457
55,884,0.00937
65,884,0.009083
70,884,0.008802
75,884,0.008222
0,886,0.00322
15,886,0.003176
25,886,0.004669
35,886,0.008781
45,886,0.00846
55,886,0.00935
65,886,0.009048
70,886,0.008821
75,886,0.008221
0,888,0.003132
15,888,0.003222
25,888,0.004922
35,888,0.008882
45,888,0.008481
55,888,0.009363
65,888,0.00904
70,888,0.008873
75,888,0.008231
0,890,0.003071
15,890,0.003275
25,890,0.005214
35,890,0.008918
45,890,0.008424
55,890,0.009407
65,890,0.009052
70,890,0.008855
75,890,0.008219
0,892,0.003018
15,892,0.003352
25,892,0.005485
35,892,0.008984
45,892,0.008479
55,892,0.009435
65,892,0.009082
70,892,0.008897
75,892,0.008248
0,894,0.00301
15,894,0.00347
25,894,0.005803
35,894,0.008891
45,894,0.008493
55,894,0.009478
65,894,0.00905
70,894,0.008945
75,894,0.008228
0,896,0.002995
15,896,0.003574
25,896,0.006136
35,896,0.008839
45,896,0.008517
55,896,0.009454
65,896,0.009012
70,896,0.008934
75,896,0.00822
0,898,0.003014
15,898,0.003725
25,898,0.006464
35,898,0.008847
45,898,0.008539
55,898,0.009387
65,898,0.009047
70,898,0.008953
75,898,0.00821
0,900,0.003052
15,900,0.003896
25,900,0.006818
35,900,0.008717
45,900,0.008616
55,900,0.009438
65,900,0.009041
70,900,0.008976
75,900,0.008246
