0,250,0
15,250,0
25,250,0
35,250,0
45,250,0
55,250,0
65,250,0
70,250,0
75,250,3E-06
0,252,0
15,252,0
25,252,0
35,252,0
45,252,0
55,252,0
65,252,0
70,252,0
75,252,3E-06
0,254,0
15,254,0
25,254,0
35,254,0
45,254,0
55,254,0
65,254,0
70,254,0
75,254,3E-06
0,256,0
15,256,0
25,256,0
35,256,0
45,256,0
55,256,0
65,256,0
70,256,0
75,256,3E-06
0,258,0
15,258,0
25,258,0
35,258,0
45,258,0
55,258,0
65,258,0
70,258,0
75,258,3E-06
0,260,0
15,260,0
25,260,0
35,260,0
45,260,0
55,260,0
65,260,0
70,260,0
75,260,3E-06
0,262,0
15,262,0
25,262,0
35,262,0
45,262,0
55,262,0
65,262,0
70,262,0
75,262,3E-06
0,264,0
15,264,0
25,264,0
35,264,0
45,264,0
55,264,0
65,264,0
70,264,0
75,264,3E-06
0,266,0
15,266,0
25,266,0
35,266,0
45,266,0
55,266,0
65,266,0
70,266,0
75,266,3E-06
0,268,0
15,268,0
25,268,0
35,268,0
45,268,0
55,268,0
65,268,0
70,268,0
75,268,3E-06
0,270,0
15,270,0
25,270,0
35,270,0
45,270,0
55,270,0
65,270,0
70,270,0
75,270,3E-06
0,272,0
15,272,0
25,272,0
35,272,0
45,272,0
55,272,0
65,272,0
70,272,0
75,272,3E-06
0,274,0
15,274,0
25,274,0
35,274,0
45,274,0
55,274,0
65,274,0
70,274,0
75,274,3E-06
0,276,0
15,276,0
25,276,0
35,276,0
45,276,0
55,276,0
65,276,0
70,276,0
75,276,3E-06
0,278,0
15,278,0
25,278,0
35,278,0
45,278,0
55,278,0
65,278,0
70,278,0
75,278,3E-06
0,280,0
15,280,0
25,280,0
35,280,0
45,280,0
55,280,0
65,280,0
70,280,0
75,280,2E-06
0,282,0
15,282,0
25,282,0
35,282,0
45,282,0
55,282,0
65,282,0
70,282,0
75,282,3E-06
0,284,0
15,284,0
25,284,0
35,284,0
45,284,0
55,284,0
65,284,0
70,284,0
75,284,3E-06
0,286,0
15,286,0
25,286,0
35,286,0
45,286,0
55,286,0
65,286,0
70,286,0
75,286,3E-06
0,288,0
15,288,0
25,288,0
35,288,0
45,288,0
55,288,0
65,288,0
70,288,0
75,288,3E-06
0,290,0
15,290,0
25,290,0
35,290,0
45,290,0
55,290,0
65,290,0
70,290,0
75,290,3E-06
0,292,0
15,292,0
25,292,0
35,292,0
45,292,0
55,292,0
65,292,0
70,292,0
75,292,3E-06
0,294,0
15,294,0
25,294,0
35,294,0
45,294,0
55,294,0
65,294,0
70,294,0
75,294,3E-06
0,296,0
15,296,0
25,296,0
35,296,0
45,296,0
55,296,0
65,296,0
70,296,0
75,296,3E-06
0,298,0
15,298,0
25,298,0
35,298,0
45,298,0
55,298,0
65,298,0
70,298,0
75,298,3E-06
0,300,0
15,300,0
25,300,0
35,300,0
45,300,0
55,300,0
65,300,0
70,300,0
75,300,3E-06
0,302,0
15,302,0
25,302,0
35,302,0
45,302,0
55,302,0
65,302,0
70,302,0
75,302,2E-06
0,304,0
15,304,0
25,304,0
35,304,0
45,304,0
55,304,0
65,304,0
70,304,0
75,304,2E-06
0,306,0
15,306,0
25,306,0
35,306,0
45,306,0
55,306,0
65,306,0
70,306,0
75,306,2E-06
0,308,0
15,308,0
25,308,0
35,308,0
45,308,0
55,308,0
65,308,0
70,308,0
75,308,2E-06
0,310,0
15,310,0
25,310,0
35,310,0
45,310,0
55,310,0
65,310,0
70,310,0
75,310,2E-06
0,312,0
15,312,0
25,312,0
35,312,0
45,312,0
55,312,0
65,312,0
70,312,0
75,312,2E-06
0,314,0
15,314,0
25,314,0
35,314,0
45,314,0
55,314,0
65,314,0
70,314,0
75,314,3E-06
0,316,0
15,316,0
25,316,0
35,316,0
45,316,0
55,316,0
65,316,0
70,316,0
75,316,3E-06
0,318,0
15,318,0
25,318,0
35,318,0
45,318,0
55,318,0
65,318,0
70,318,0
75,318,3E-06
0,320,2E-06
15,320,2E-06
25,320,2E-06
35,320,2E-06
45,320,2E-06
55,320,2E-06
65,320,2E-06
70,320,2E-06
75,320,5E-06
0,322,2E-06
15,322,2E-06
25,322,2E-06
35,322,2E-06
45,322,2E-06
55,322,2E-06
65,322,2E-06
70,322,2E-06
75,322,5E-06
0,324,2E-06
15,324,2E-06
25,324,2E-06
35,324,2E-06
45,324,2E-06
55,324,2E-06
65,324,2E-06
70,324,2E-06
75,324,5E-06
0,326,2E-06
15,326,2E-06
25,326,2E-06
35,326,1E-06
45,326,2E-06
55,326,1E-06
65,326,2E-06
70,326,2E-06
75,326,4E-06
0,328,1E-06
15,328,1E-06
25,328,2E-06
35,328,1E-06
45,328,1E-06
55,328,1E-06
65,328,1E-06
70,328,2E-06
75,328,4E-06
0,330,1E-06
15,330,1E-06
25,330,1E-06
35,330,1E-06
45,330,1E-06
55,330,1E-06
65,330,1E-06
70,330,2E-06
75,330,4E-06
0,332,1E-06
15,332,1E-06
25,332,1E-06
35,332,1E-06
45,332,1E-06
55,332,1E-06
65,332,1E-06
70,332,1E-06
75,332,4E-06
0,334,1E-06
15,334,1E-06
25,334,1E-06
35,334,1E-06
45,334,1E-06
55,334,1E-06
65,334,1E-06
70,334,2E-06
75,334,4E-06
0,336,1E-06
15,336,1E-06
25,336,1E-06
35,336,1E-06
45,336,2E-06
55,336,2E-06
65,336,2E-06
70,336,2E-06
75,336,4E-06
0,338,1E-06
15,338,2E-06
25,338,2E-06
35,338,2E-06
45,338,3E-06
55,338,3E-06
65,338,2E-06
70,338,2E-06
75,338,5E-06
0,340,2E-06
15,340,2E-06
25,340,3E-06
35,340,4E-06
45,340,6E-06
55,340,6E-06
65,340,4E-06
70,340,4E-06
75,340,6E-06
0,342,4E-06
15,342,5E-06
25,342,6E-06
35,342,1.1E-05
45,342,1.4E-05
55,342,1.3E-05
65,342,8E-06
70,342,7E-06
75,342,8E-06
0,344,9E-06
15,344,1.1E-05
25,344,1.5E-05
35,344,2.6E-05
45,344,3.1E-05
55,344,2.4E-05
65,344,1.4E-05
70,344,1.3E-05
75,344,1.2E-05
0,346,2.2E-05
15,346,2.7E-05
25,346,3.9E-05
35,346,6.1E-05
45,346,6.2E-05
55,346,4.2E-05
65,346,2.7E-05
70,346,2.3E-05
75,346,2.1E-05
0,348,5.3E-05
15,348,6.8E-05
25,348,9.4E-05
35,348,0.000127
45,348,0.000109
55,348,7.3E-05
65,348,4.8E-05
70,348,4.2E-05
75,348,3.8E-05
0,350,0.000123
15,350,0.000156
25,350,0.000198
35,350,0.000237
45,350,0.000171
55,350,0.000123
65,350,8.2E-05
70,350,7.7E-05
75,350,7.6E-05
0,352,0.000271
15,352,0.000318
25,352,0.000372
35,352,0.000398
45,352,0.000261
55,352,0.000199
65,352,0.000147
70,352,0.000154
75,352,0.000159
0,354,0.000516
15,354,0.000572
25,354,0.000627
35,354,0.000598
45,354,0.000404
55,354,0.000296
65,354,0.000285
70,354,0.00031
75,354,0.000305
0,356,0.000867
15,356,0.000924
25,356,0.000973
35,356,0.00082
45,356,0.000597
55,356,0.000436
65,356,0.000542
70,356,0.000564
75,356,0.000519
0,358,0.001316
15,358,0.001362
25,358,0.001407
35,358,0.001104
45,358,0.000808
55,358,0.000691
65,358,0.000915
70,358,0.000904
75,358,0.000819
0,360,0.001826
15,360,0.001881
25,360,0.001871
35,360,0.001489
45,360,0.001066
55,360,0.001153
65,360,0.001365
70,360,0.00134
75,360,0.001199
0,362,0.002411
15,362,0.00247
25,362,0.002325
35,362,0.001922
45,362,0.00149
55,362,0.001827
65,362,0.001908
70,362,0.001862
75,362,0.001609
0,364,0.003052
15,364,0.003051
25,364,0.002828
35,364,0.002345
45,364,0.002185
55,364,0.002551
65,364,0.002523
70,364,0.002404
75,364,0.00201
0,366,0.003683
15,366,0.003622
25,366,0.003387
35,366,0.002831
45,366,0.003086
55,366,0.003224
65,366,0.003127
70,366,0.002911
75,366,0.00237
0,368,0.004283
15,368,0.00419
25,368,0.003931
35,368,0.003492
45,368,0.003943
55,368,0.003898
65,368,0.003672
70,368,0.003365
75,368,0.00263
0,370,0.004836
15,370,0.004705
25,370,0.004472
35,370,0.004301
45,370,0.004625
55,370,0.004559
65,370,0.00414
70,370,0.003693
75,370,0.002765
0,372,0.005309
15,372,0.005196
25,372,0.005071
35,372,0.005117
45,372,0.005208
55,372,0.005149
65,372,0.004474
70,372,0.003863
75,372,0.002829
0,374,0.00575
15,374,0.005722
25,374,0.005704
35,374,0.005803
45,374,0.005749
55,374,0.005648
65,374,0.00464
70,374,0.003954
75,374,0.002819
0,376,0.00623
15,376,0.006272
25,376,0.00628
35,376,0.006331
45,376,0.006238
55,376,0.006076
65,376,0.00472
70,376,0.004033
75,376,0.002852
0,378,0.006699
15,378,0.006742
25,378,0.006746
35,378,0.006754
45,378,0.006648
55,378,0.006417
65,378,0.004835
70,378,0.0041
75,378,0.003107
0,380,0.007062
15,380,0.007119
25,380,0.007136
35,380,0.007133
45,380,0.007022
55,380,0.006647
65,380,0.005004
70,380,0.004261
75,380,0.003516
0,382,0.007288
15,382,0.007413
25,382,0.007425
35,382,0.007424
45,382,0.00731
55,382,0.006711
65,382,0.00516
70,382,0.004538
75,382,0.003821
0,384,0.007532
15,384,0.007677
25,384,0.007661
35,384,0.007664
45,384,0.007538
55,384,0.006722
65,384,0.005337
70,384,0.004812
75,384,0.004029
0,386,0.007811
15,386,0.00787
25,386,0.007877
35,386,0.007868
45,386,0.007677
55,386,0.006805
65,386,0.005489
70,386,0.004988
75,386,0.00425
0,388,0.008025
15,388,0.007994
25,388,0.008076
35,388,0.008037
45,388,0.007724
55,388,0.00703
65,388,0.005581
70,388,0.005149
75,388,0.004513
0,390,0.008116
15,390,0.008114
25,390,0.008242
35,390,0.008189
45,390,0.00771
55,390,0.007341
65,390,0.005668
70,390,0.005364
75,390,0.004687
0,392,0.008163
15,392,0.00827
25,392,0.008348
35,392,0.008326
45,392,0.007728
55,392,0.007586
65,392,0.005822
70,392,0.005558
75,392,0.004639
0,394,0.008268
15,394,0.008439
25,394,0.00841
35,394,0.008427
45,394,0.007846
55,394,0.007614
65,394,0.005989
70,394,0.005583
75,394,0.004454
0,396,0.008434
15,396,0.008545
25,396,0.008465
35,396,0.008485
45,396,0.008064
55,396,0.007407
65,396,0.006027
70,396,0.005413
75,396,0.004325
0,398,0.008585
15,398,0.008576
25,398,0.008538
35,398,0.008496
45,398,0.008304
55,398,0.007139
65,398,0.005883
70,398,0.00522
75,398,0.004302
0,400,0.008647
15,400,0.008575
25,400,0.008629
35,400,0.008485
45,400,0.008462
55,400,0.006969
65,400,0.005683
70,400,0.005127
75,400,0.004165
0,402,0.008632
15,402,0.008599
25,402,0.008711
35,402,0.008492
45,402,0.008468
55,402,0.006902
65,402,0.005552
70,402,0.005003
75,402,0.00364
0,404,0.00861
15,404,0.008658
25,404,0.008774
35,404,0.008545
45,404,0.008306
55,404,0.006837
65,404,0.005413
70,404,0.00451
75,404,0.002788
0,406,0.00863
15,406,0.00874
25,406,0.008812
35,406,0.008641
45,406,0.008042
55,406,0.006695
65,406,0.004932
70,406,0.003508
75,406,0.001968
0,408,0.008695
15,408,0.008812
25,408,0.008821
35,408,0.008746
45,408,0.007766
55,408,0.006509
65,408,0.003883
70,408,0.002383
75,408,0.001388
0,410,0.008773
15,410,0.008859
25,410,0.008806
35,410,0.008828
45,410,0.007507
55,410,0.006352
65,410,0.002619
70,410,0.001535
75,410,0.001013
0,412,0.008837
15,412,0.008883
25,412,0.008779
35,412,0.008868
45,412,0.007248
55,412,0.006157
65,412,0.001613
70,412,0.000998
75,412,0.000764
0,414,0.008872
15,414,0.008886
25,414,0.008757
35,414,0.008864
45,414,0.006991
55,414,0.0056
65,414,0.000985
70,414,0.000675
75,414,0.000586
0,416,0.00889
15,416,0.008857
25,416,0.008762
35,416,0.008814
45,416,0.006786
55,416,0.004378
65,416,0.000626
70,416,0.000477
75,416,0.000455
0,418,0.008885
15,418,0.008804
25,418,0.008796
35,418,0.0087
45,418,0.006578
55,418,0.00283
65,418,0.000424
70,418,0.000355
75,418,0.00036
0,420,0.008845
15,420,0.008752
25,420,0.008846
35,420,0.0085
45,420,0.006064
55,420,0.001608
65,420,0.000305
70,420,0.000276
75,420,0.000294
0,422,0.008775
15,422,0.008724
25,422,0.008893
35,422,0.00819
45,422,0.004892
55,422,0.000883
65,422,0.000231
70,422,0.000225
75,422,0.00025
0,424,0.008704
15,424,0.00874
25,424,0.00892
35,424,0.007791
45,424,0.003236
55,424,0.000502
65,424,0.000185
70,424,0.000192
75,424,0.000225
0,426,0.008664
15,426,0.008797
25,426,0.008926
35,426,0.007374
45,426,0.001803
55,426,0.000306
65,426,0.000156
70,426,0.000173
75,426,0.000215
0,428,0.008683
15,428,0.008857
25,428,0.008912
35,428,0.006853
45,428,0.000944
55,428,0.000202
65,428,0.000139
70,428,0.000165
75,428,0.00022
0,430,0.008742
15,430,0.008895
25,430,0.008882
35,430,0.005893
45,430,0.00051
55,430,0.000143
65,430,0.000131
70,430,0.000168
75,430,0.000238
0,432,0.008811
15,432,0.008905
25,432,0.008813
35,432,0.00431
45,432,0.000295
55,432,0.000108
65,432,0.000132
70,432,0.000181
75,432,0.000263
0,434,0.008855
15,434,0.008896
25,434,0.008636
35,434,0.002576
45,434,0.000183
55,434,8.6E-05
65,434,0.000141
70,434,0.000206
75,434,0.000284
0,436,0.008864
15,436,0.008878
25,436,0.008211
35,436,0.001336
45,436,0.000121
55,436,7.3E-05
65,436,0.000159
70,436,0.000238
75,436,0.000278
0,438,0.008853
15,438,0.008841
25,438,0.007323
35,438,0.000678
45,438,8.7E-05
55,438,6.6E-05
65,438,0.000187
70,438,0.000264
75,438,0.00024
0,440,0.008837
15,440,0.008724
25,440,0.005808
35,440,0.000361
45,440,6.6E-05
55,440,6.2E-05
65,440,0.000219
70,440,0.000266
75,440,0.000186
0,442,0.008793
15,442,0.008344
25,442,0.003873
35,442,0.000206
45,442,5.3E-05
55,442,6.2E-05
65,442,0.000242
70,442,0.000234
75,442,0.000139
0,444,0.00864
15,444,0.007353
25,444,0.00215
35,444,0.000126
45,444,4.6E-05
55,444,6.8E-05
65,444,0.000239
70,444,0.000184
75,444,0.000106
0,446,0.008169
15,446,0.005563
25,446,0.001079
35,446,8.4E-05
45,446,4.2E-05
55,446,7.8E-05
65,446,0.000207
70,446,0.000139
75,446,8.6E-05
0,448,0.007075
15,448,0.003504
25,448,0.000554
35,448,6.1E-05
45,448,4.1E-05
55,448,9.5E-05
65,448,0.000164
70,448,0.000108
75,448,7.5E-05
0,450,0.005257
15,450,0.001899
25,450,0.0003
35,450,4.7E-05
45,450,4.2E-05
55,450,0.00012
65,450,0.000126
70,450,8.8E-05
75,450,6.9E-05
0,452,0.003241
15,452,0.000966
25,452,0.000174
35,452,3.8E-05
45,452,4.5E-05
55,452,0.000151
65,452,9.9E-05
70,452,7.6E-05
75,452,6.7E-05
0,454,0.001718
15,454,0.000494
25,454,0.000108
35,454,3.3E-05
45,454,5.2E-05
55,454,0.000177
65,454,8.2E-05
70,454,7E-05
75,454,6.9E-05
0,456,0.00086
15,456,0.000266
25,456,7.1E-05
35,456,2.9E-05
45,456,6.2E-05
55,456,0.000184
65,456,7.2E-05
70,456,6.7E-05
75,456,7.4E-05
0,458,0.000445
15,458,0.000154
25,458,5.1E-05
35,458,2.7E-05
45,458,7.8E-05
55,458,0.000166
65,458,6.6E-05
70,458,6.8E-05
75,458,8.3E-05
0,460,0.000243
15,460,9.5E-05
25,460,3.7E-05
35,460,2.5E-05
45,460,0.0001
55,460,0.000133
65,460,6.3E-05
70,460,7.2E-05
75,460,9.7E-05
0,462,0.00014
15,462,6.2E-05
25,462,2.8E-05
35,462,2.5E-05
45,462,0.000124
55,462,0.000101
65,462,6.3E-05
70,462,7.9E-05
75,462,0.000118
0,464,8.5E-05
15,464,4.1E-05
25,464,2.1E-05
35,464,2.5E-05
45,464,0.000141
55,464,7.6E-05
65,464,6.7E-05
70,464,9.2E-05
75,464,0.000147
0,466,5.4E-05
15,466,2.8E-05
25,466,1.7E-05
35,466,2.6E-05
45,466,0.000139
55,466,5.9E-05
65,466,7.4E-05
70,466,0.000112
75,466,0.000182
0,468,3.6E-05
15,468,2E-05
25,468,1.4E-05
35,468,3.1E-05
45,468,0.000119
55,468,4.8E-05
65,468,8.6E-05
70,468,0.000139
75,468,0.000212
0,470,2.5E-05
15,470,1.5E-05
25,470,1.2E-05
35,470,3.8E-05
45,470,9E-05
55,470,4.2E-05
65,470,0.000105
70,470,0.000173
75,470,0.000225
0,472,1.8E-05
15,472,1.2E-05
25,472,1.1E-05
35,472,5.1E-05
45,472,6.6E-05
55,472,3.9E-05
65,472,0.000132
70,472,0.000206
75,472,0.000217
0,474,1.4E-05
15,474,1E-05
25,474,1.1E-05
35,474,6.8E-05
45,474,4.9E-05
55,474,3.8E-05
65,474,0.000165
70,474,0.000226
75,474,0.000193
0,476,1.1E-05
15,476,9E-06
25,476,1.2E-05
35,476,8.5E-05
45,476,3.8E-05
55,476,4E-05
65,476,0.000196
70,476,0.000222
75,476,0.000167
0,478,9E-06
15,478,8E-06
25,478,1.2E-05
35,478,9.3E-05
45,478,3.1E-05
55,478,4.3E-05
65,478,0.000211
70,478,0.000199
75,478,0.000145
0,480,8E-06
15,480,8E-06
25,480,1.5E-05
35,480,8.6E-05
45,480,2.7E-05
55,480,4.9E-05
65,480,0.000204
70,480,0.000169
75,480,0.000131
0,482,9E-06
15,482,9E-06
25,482,2E-05
35,482,6.8E-05
45,482,2.6E-05
55,482,6E-05
65,482,0.000181
70,482,0.000144
75,482,0.000123
0,484,1E-05
15,484,1.1E-05
25,484,2.8E-05
35,484,5.1E-05
45,484,2.7E-05
55,484,7.6E-05
65,484,0.000155
70,484,0.000128
75,484,0.000124
0,486,1.1E-05
15,486,1.3E-05
25,486,3.9E-05
35,486,3.8E-05
45,486,2.9E-05
55,486,9.7E-05
65,486,0.000134
70,486,0.00012
75,486,0.000132
0,488,1.2E-05
15,488,1.6E-05
25,488,5.5E-05
35,488,3E-05
45,488,3.3E-05
55,488,0.000123
65,488,0.000121
70,488,0.00012
75,488,0.00015
0,490,1.3E-05
15,490,2.1E-05
25,490,7E-05
35,490,2.6E-05
45,490,4E-05
55,490,0.000147
65,490,0.000115
70,490,0.000126
75,490,0.000181
0,492,1.6E-05
15,492,2.8E-05
25,492,7.7E-05
35,492,2.4E-05
45,492,5E-05
55,492,0.000162
65,492,0.000116
70,492,0.000142
75,492,0.000232
0,494,2E-05
15,494,4E-05
25,494,7E-05
35,494,2.3E-05
45,494,6.5E-05
55,494,0.000161
65,494,0.000123
70,494,0.000168
75,494,0.000317
0,496,2.5E-05
15,496,5.5E-05
25,496,5.5E-05
35,496,2.4E-05
45,496,8.5E-05
55,496,0.000148
65,496,0.000138
70,496,0.000211
75,496,0.000454
0,498,3.3E-05
15,498,7.1E-05
25,498,4.2E-05
35,498,2.5E-05
45,498,0.00011
55,498,0.00013
65,498,0.000161
70,498,0.000277
75,498,0.000669
0,500,4.5E-05
15,500,7.5E-05
25,500,3.3E-05
35,500,2.6E-05
45,500,0.000133
55,500,0.000113
65,500,0.000196
70,500,0.000379
75,500,0.000976
0,502,6E-05
15,502,6.4E-05
25,502,2.6E-05
35,502,2.8E-05
45,502,0.000146
55,502,0.000101
65,502,0.000251
70,502,0.000538
75,502,0.001344
0,504,7E-05
15,504,4.6E-05
25,504,2.1E-05
35,504,3.1E-05
45,504,0.000144
55,504,9.2E-05
65,504,0.000336
70,504,0.000771
75,504,0.001677
0,506,6.4E-05
15,506,3.2E-05
25,506,1.7E-05
35,506,3.7E-05
45,506,0.000128
55,506,8.8E-05
65,506,0.000468
70,506,0.00107
75,506,0.001871
0,508,4.8E-05
15,508,2.3E-05
25,508,1.5E-05
35,508,4.5E-05
45,508,0.000107
55,508,8.8E-05
65,508,0.00066
70,508,0.001363
75,508,0.001933
0,510,3.3E-05
15,510,1.7E-05
25,510,1.3E-05
35,510,5.8E-05
45,510,8.8E-05
55,510,9.1E-05
65,510,0.0009
70,510,0.00155
75,510,0.001966
0,512,2.3E-05
15,512,1.3E-05
25,512,1.3E-05
35,512,7.6E-05
45,512,7.4E-05
55,512,0.000101
65,512,0.001131
70,512,0.00159
75,512,0.002088
0,514,1.6E-05
15,514,1.1E-05
25,514,1.3E-05
35,514,9.3E-05
45,514,6.4E-05
55,514,0.000117
65,514,0.001271
70,514,0.001539
75,514,0.002406
0,516,1.3E-05
15,516,1E-05
25,516,1.4E-05
35,516,0.000104
45,516,5.9E-05
55,516,0.000144
65,516,0.001276
70,516,0.00149
75,516,0.00302
0,518,1E-05
15,518,9E-06
25,518,1.7E-05
35,518,0.000102
45,518,5.8E-05
55,518,0.000186
65,518,0.001195
70,518,0.001516
75,518,0.00387
0,520,9E-06
15,520,9E-06
25,520,2.1E-05
35,520,9E-05
45,520,5.9E-05
55,520,0.000251
65,520,0.001104
70,520,0.001664
75,520,0.004462
0,522,8E-06
15,522,1E-05
25,522,2.7E-05
35,522,7.3E-05
45,522,6.4E-05
55,522,0.000343
65,522,0.001058
70,522,0.001977
75,522,0.004154
0,524,8E-06
15,524,1.1E-05
25,524,3.7E-05
35,524,5.9E-05
45,524,7.2E-05
55,524,0.000455
65,524,0.001081
70,524,0.002462
75,524,0.003065
0,526,9E-06
15,526,1.3E-05
25,526,5E-05
35,526,4.8E-05
45,526,8.5E-05
55,526,0.000553
65,526,0.001197
70,526,0.002938
75,526,0.001902
0,528,1E-05
15,528,1.7E-05
25,528,6.6E-05
35,528,4.1E-05
45,528,0.000107
55,528,0.000594
65,528,0.001426
70,528,0.003058
75,528,0.001123
0,530,1.1E-05
15,530,2.2E-05
25,530,7.7E-05
35,530,3.7E-05
45,530,0.00014
55,530,0.000562
65,530,0.001761
70,530,0.002687
75,530,0.000694
0,532,1.4E-05
15,532,3E-05
25,532,7.8E-05
35,532,3.5E-05
45,532,0.00019
55,532,0.000485
65,532,0.002088
70,532,0.002015
75,532,0.000464
0,534,1.7E-05
15,534,4.1E-05
25,534,6.9E-05
35,534,3.5E-05
45,534,0.000255
55,534,0.000401
65,534,0.002204
70,534,0.001334
75,534,0.000334
0,536,2.3E-05
15,536,5.5E-05
25,536,5.6E-05
35,536,3.7E-05
45,536,0.000317
55,536,0.000336
65,536,0.002016
70,536,0.00084
75,536,0.000255
0,538,3.1E-05
15,538,6.8E-05
25,538,4.4E-05
35,538,4.2E-05
45,538,0.000349
55,538,0.000294
65,538,0.001613
70,538,0.000548
75,538,0.000206
0,540,4.2E-05
15,540,7.1E-05
25,540,3.5E-05
35,540,4.8E-05
45,540,0.000334
55,540,0.000274
65,540,0.001147
70,540,0.00038
75,540,0.000175
0,542,5.7E-05
15,542,6.3E-05
25,542,2.9E-05
35,542,5.9E-05
45,542,0.000284
55,542,0.000271
65,542,0.000759
70,542,0.00028
75,542,0.000154
0,544,6.7E-05
15,544,5.1E-05
25,544,2.6E-05
35,544,7.4E-05
45,544,0.000224
55,544,0.000286
65,544,0.000502
70,544,0.000219
75,544,0.000141
0,546,6.7E-05
15,546,3.9E-05
25,546,2.4E-05
35,546,9.8E-05
45,546,0.000174
55,546,0.000323
65,546,0.000347
70,546,0.000179
75,546,0.000133
0,548,5.8E-05
15,548,3.1E-05
25,548,2.3E-05
35,548,0.000131
45,548,0.00014
55,548,0.000389
65,548,0.000255
70,548,0.000153
75,548,0.00013
0,550,4.5E-05
15,550,2.6E-05
25,550,2.4E-05
35,550,0.000167
45,550,0.000119
55,550,0.000494
65,550,0.000199
70,550,0.000136
75,550,0.000132
0,552,3.5E-05
15,552,2.2E-05
25,552,2.6E-05
35,552,0.00019
45,552,0.000106
55,552,0.00063
65,552,0.000162
70,552,0.000126
75,552,0.000137
0,554,2.8E-05
15,554,2E-05
25,554,2.9E-05
35,554,0.000185
45,554,0.0001
55,554,0.000757
65,554,0.000138
70,554,0.000119
75,554,0.000147
0,556,2.3E-05
15,556,2E-05
25,556,3.5E-05
35,556,0.000155
45,556,0.0001
55,556,0.000819
65,556,0.000122
70,556,0.000117
75,556,0.000163
0,558,2.1E-05
15,558,2E-05
25,558,4.5E-05
35,558,0.000117
45,558,0.000104
55,558,0.000792
65,558,0.000111
70,558,0.000118
75,558,0.000187
0,560,1.9E-05
15,560,2.1E-05
25,560,5.9E-05
35,560,8.5E-05
45,560,0.000115
55,560,0.000692
65,560,0.000105
70,560,0.000122
75,560,0.000223
0,562,1.9E-05
15,562,2.3E-05
25,562,7.9E-05
35,562,6.4E-05
45,562,0.000135
55,562,0.000548
65,562,0.000102
70,562,0.000131
75,562,0.000277
0,564,1.9E-05
15,564,2.8E-05
25,564,0.000103
35,564,5E-05
45,564,0.000167
55,564,0.000397
65,564,0.000102
70,564,0.000144
75,564,0.000358
0,566,2E-05
15,566,3.4E-05
25,566,0.000121
35,566,4.1E-05
45,566,0.000219
55,566,0.000276
65,566,0.000104
70,566,0.000163
75,566,0.000478
0,568,2.3E-05
15,568,4.5E-05
25,568,0.000121
35,568,3.6E-05
45,568,0.000293
55,568,0.000195
65,568,0.00011
70,568,0.00019
75,568,0.000647
0,570,2.6E-05
15,570,6.1E-05
25,570,0.000101
35,570,3.2E-05
45,570,0.000378
55,570,0.000145
65,570,0.000118
70,570,0.000229
75,570,0.000844
0,572,3.3E-05
15,572,8.4E-05
25,572,7.4E-05
35,572,3E-05
45,572,0.000444
55,572,0.000113
65,572,0.000132
70,572,0.000285
75,572,0.001005
0,574,4.3E-05
15,574,0.000104
25,574,5.1E-05
35,574,3E-05
45,574,0.000464
55,574,9.2E-05
65,574,0.00015
70,574,0.000362
75,574,0.001055
0,576,6E-05
15,576,0.000108
25,576,3.6E-05
35,576,3E-05
45,576,0.000438
55,576,7.9E-05
65,576,0.000177
70,576,0.000464
75,576,0.000978
0,578,8.3E-05
15,578,8.9E-05
25,578,2.7E-05
35,578,3.2E-05
45,578,0.000374
55,578,6.9E-05
65,578,0.000213
70,578,0.000581
75,578,0.000824
0,580,0.000102
15,580,6.3E-05
25,580,2.1E-05
35,580,3.5E-05
45,580,0.000288
55,580,6.3E-05
65,580,0.000264
70,580,0.000689
75,580,0.000656
0,582,0.000101
15,582,4.2E-05
25,582,1.7E-05
35,582,4E-05
45,582,0.000206
55,582,5.9E-05
65,582,0.00033
70,582,0.000757
75,582,0.000512
0,584,7.8E-05
15,584,2.9E-05
25,584,1.5E-05
35,584,4.7E-05
45,584,0.000145
55,584,5.7E-05
65,584,0.000412
70,584,0.000765
75,584,0.000405
0,586,5.3E-05
15,586,2.1E-05
25,586,1.3E-05
35,586,6E-05
45,586,0.000105
55,586,5.6E-05
65,586,0.000501
70,586,0.000714
75,586,0.00033
0,588,3.5E-05
15,588,1.6E-05
25,588,1.2E-05
35,588,8E-05
45,588,8.1E-05
55,588,5.7E-05
65,588,0.000578
70,588,0.000626
75,588,0.000277
0,590,2.4E-05
15,590,1.3E-05
25,590,1.1E-05
35,590,0.000112
45,590,6.5E-05
55,590,6E-05
65,590,0.000625
70,590,0.000527
75,590,0.000241
0,592,1.8E-05
15,592,1.1E-05
25,592,1.1E-05
35,592,0.000159
45,592,5.4E-05
55,592,6.4E-05
65,592,0.00063
70,592,0.000435
75,592,0.000216
0,594,1.4E-05
15,594,9E-06
25,594,1.1E-05
35,594,0.000212
45,594,4.8E-05
55,594,6.9E-05
65,594,0.000596
70,594,0.00036
75,594,0.000198
0,596,1.1E-05
15,596,8E-06
25,596,1.1E-05
35,596,0.00025
45,596,4.3E-05
55,596,7.5E-05
65,596,0.000533
70,596,0.000304
75,596,0.000187
0,598,9E-06
15,598,7E-06
25,598,1.1E-05
35,598,0.000259
45,598,4.1E-05
55,598,8.3E-05
65,598,0.00046
70,598,0.000263
75,598,0.00018
0,600,8E-06
15,600,7E-06
25,600,1.3E-05
35,600,0.000239
45,600,4E-05
55,600,9.6E-05
65,600,0.000388
70,600,0.000232
75,600,0.000177
0,602,7E-06
15,602,7E-06
25,602,1.4E-05
35,602,0.000196
45,602,4E-05
55,602,0.000114
65,602,0.000328
70,602,0.000211
75,602,0.000178
0,604,7E-06
15,604,7E-06
25,604,1.6E-05
35,604,0.000144
45,604,4E-05
55,604,0.000137
65,604,0.00028
70,604,0.000196
75,604,0.000182
0,606,6E-06
15,606,7E-06
25,606,2E-05
35,606,0.000101
45,606,3.9E-05
55,606,0.000169
65,606,0.000244
70,606,0.000186
75,606,0.000189
0,608,6E-06
15,608,7E-06
25,608,2.4E-05
35,608,7.2E-05
45,608,3.9E-05
55,608,0.00021
65,608,0.000217
70,608,0.00018
75,608,0.000199
0,610,6E-06
15,610,8E-06
25,610,3.2E-05
35,610,5.6E-05
45,610,4.1E-05
55,610,0.000259
65,610,0.000198
70,610,0.000178
75,610,0.000214
0,612,6E-06
15,612,8E-06
25,612,4.5E-05
35,612,4.6E-05
45,612,4.4E-05
55,612,0.000311
65,612,0.000185
70,612,0.000179
75,612,0.000235
0,614,6E-06
15,614,9E-06
25,614,6.7E-05
35,614,4.2E-05
45,614,4.8E-05
55,614,0.000357
65,614,0.000175
70,614,0.000183
75,614,0.000261
0,616,6E-06
15,616,1E-05
25,616,0.000102
35,616,3.8E-05
45,616,5.4E-05
55,616,0.000389
65,616,0.00017
70,616,0.00019
75,616,0.000295
0,618,7E-06
15,618,1.2E-05
25,618,0.000142
35,618,3.4E-05
45,618,6.2E-05
55,618,0.0004
65,618,0.000168
70,618,0.0002
75,618,0.00034
0,620,7E-06
15,620,1.5E-05
25,620,0.000172
35,620,2.9E-05
45,620,7.3E-05
55,620,0.00039
65,620,0.000168
70,620,0.000215
75,620,0.0004
0,622,8E-06
15,622,2E-05
25,622,0.000175
35,622,2.5E-05
45,622,8.8E-05
55,622,0.000362
65,622,0.000171
70,622,0.000235
75,622,0.000479
0,624,9E-06
15,624,2.7E-05
25,624,0.000152
35,624,2.3E-05
45,624,0.000109
55,624,0.000322
65,624,0.000178
70,624,0.000261
75,624,0.000581
0,626,1.1E-05
15,626,3.9E-05
25,626,0.000118
35,626,2.2E-05
45,626,0.000136
55,626,0.000279
65,626,0.000187
70,626,0.000295
75,626,0.000714
0,628,1.3E-05
15,628,5.9E-05
25,628,8.9E-05
35,628,2.2E-05
45,628,0.000171
55,628,0.000239
65,628,0.000201
70,628,0.000337
75,628,0.000893
0,630,1.7E-05
15,630,9.3E-05
25,630,6.8E-05
35,630,2.2E-05
45,630,0.000211
55,630,0.000206
65,630,0.00022
70,630,0.000389
75,630,0.001138
0,632,2.3E-05
15,632,0.000135
25,632,5.1E-05
35,632,2.2E-05
45,632,0.000253
55,632,0.00018
65,632,0.000243
70,632,0.000453
75,632,0.001466
0,634,3.2E-05
15,634,0.000165
25,634,3.8E-05
35,634,2.4E-05
45,634,0.000287
55,634,0.00016
65,634,0.00027
70,634,0.000539
75,634,0.00189
0,636,4.9E-05
15,636,0.000162
25,636,2.9E-05
35,636,2.5E-05
45,636,0.000309
55,636,0.000145
65,636,0.000302
70,636,0.000652
75,636,0.002406
0,638,7.9E-05
15,638,0.000129
25,638,2.3E-05
35,638,2.8E-05
45,638,0.000313
55,638,0.000134
65,638,0.000343
70,638,0.000801
75,638,0.002978
0,640,0.000127
15,640,9E-05
25,640,2E-05
35,640,3.1E-05
45,640,0.000301
55,640,0.000127
65,640,0.000398
70,640,0.000997
75,640,0.003539
0,642,0.00017
15,642,6E-05
25,642,1.7E-05
35,642,3.5E-05
45,642,0.000275
55,642,0.000123
65,642,0.000469
70,642,0.001254
75,642,0.004003
0,644,0.000167
15,644,4.2E-05
25,644,1.6E-05
35,644,4.1E-05
45,644,0.000242
55,644,0.000122
65,644,0.000562
70,644,0.001585
75,644,0.004305
0,646,0.000122
15,646,3.1E-05
25,646,1.5E-05
35,646,4.9E-05
45,646,0.000208
55,646,0.000123
65,646,0.000682
70,646,0.001995
75,646,0.004422
0,648,7.9E-05
15,648,2.4E-05
25,648,1.4E-05
35,648,6E-05
45,648,0.000178
55,648,0.000126
65,648,0.000841
70,648,0.002478
75,648,0.004379
0,650,5.2E-05
15,650,2E-05
25,650,1.4E-05
35,650,7.4E-05
45,650,0.000153
55,650,0.000128
65,650,0.001048
70,650,0.003005
75,650,0.004227
0,652,3.7E-05
15,652,1.7E-05
25,652,1.4E-05
35,652,9.5E-05
45,652,0.000134
55,652,0.00013
65,652,0.001318
70,652,0.003526
75,652,0.004025
0,654,2.7E-05
15,654,1.5E-05
25,654,1.4E-05
35,654,0.000122
45,654,0.000121
55,654,0.000134
65,654,0.001661
70,654,0.003982
75,654,0.003822
0,656,2.2E-05
15,656,1.3E-05
25,656,1.4E-05
35,656,0.000154
45,656,0.000112
55,656,0.00014
65,656,0.002082
70,656,0.004324
75,656,0.003649
0,658,1.8E-05
15,658,1.2E-05
25,658,1.5E-05
35,658,0.000188
45,658,0.000107
55,658,0.000149
65,658,0.002568
70,658,0.004527
75,658,0.003523
0,660,1.5E-05
15,660,1.2E-05
25,660,1.6E-05
35,660,0.000219
45,660,0.000104
55,660,0.000162
65,660,0.003094
70,660,0.004594
75,660,0.003447
0,662,1.4E-05
15,662,1.1E-05
25,662,1.8E-05
35,662,0.000238
45,662,0.000101
55,662,0.000178
65,662,0.003611
70,662,0.004548
75,662,0.003423
0,664,1.3E-05
15,664,1.1E-05
25,664,1.9E-05
35,664,0.000243
45,664,9.7E-05
55,664,0.000199
65,664,0.004067
70,664,0.004427
75,664,0.003449
0,666,1.2E-05
15,666,1.1E-05
25,666,2.2E-05
35,666,0.000233
45,666,9.3E-05
55,666,0.000225
65,666,0.004414
70,666,0.004278
75,666,0.003526
0,668,1.1E-05
15,668,1.1E-05
25,668,2.5E-05
35,668,0.000212
45,668,9.1E-05
55,668,0.000258
65,668,0.004629
70,668,0.004134
75,668,0.003653
0,670,1.1E-05
15,670,1.2E-05
25,670,3E-05
35,670,0.000186
45,670,9E-05
55,670,0.000301
65,670,0.00471
70,670,0.004018
75,670,0.003829
0,672,1.1E-05
15,672,1.2E-05
25,672,3.6E-05
35,672,0.00016
45,672,9.2E-05
55,672,0.000356
65,672,0.004676
70,672,0.003944
75,672,0.004053
0,674,1.1E-05
15,674,1.3E-05
25,674,4.5E-05
35,674,0.000139
45,674,9.5E-05
55,674,0.000427
65,674,0.004563
70,674,0.003916
75,674,0.004324
0,676,1.1E-05
15,676,1.5E-05
25,676,5.6E-05
35,676,0.000123
45,676,0.0001
55,676,0.00052
65,676,0.004415
70,676,0.003939
75,676,0.004635
0,678,1.1E-05
15,678,1.6E-05
25,678,7.2E-05
35,678,0.000111
45,678,0.000107
55,678,0.000642
65,678,0.004266
70,678,0.004011
75,678,0.00498
0,680,1.2E-05
15,680,1.8E-05
25,680,9.5E-05
35,680,9.9E-05
45,680,0.000115
55,680,0.000805
65,680,0.004143
70,680,0.004131
75,680,0.005348
0,682,1.2E-05
15,682,2.1E-05
25,682,0.000123
35,682,8.9E-05
45,682,0.000126
55,682,0.001022
65,682,0.004061
70,682,0.004301
75,682,0.005722
0,684,1.3E-05
15,684,2.5E-05
25,684,0.000156
35,684,7.9E-05
45,684,0.000139
55,684,0.001309
65,684,0.004025
70,684,0.00452
75,684,0.006082
0,686,1.5E-05
15,686,3E-05
25,686,0.000186
35,686,7.2E-05
45,686,0.000156
55,686,0.001677
65,686,0.004039
70,686,0.004783
75,686,0.006403
0,688,1.6E-05
15,688,3.7E-05
25,688,0.000207
35,688,6.7E-05
45,688,0.000177
55,688,0.002131
65,688,0.004103
70,688,0.005086
75,688,0.006666
0,690,1.9E-05
15,690,4.6E-05
25,690,0.000212
35,690,6.3E-05
45,690,0.000204
55,690,0.002654
65,690,0.004216
70,690,0.005423
75,690,0.006854
0,692,2.2E-05
15,692,5.9E-05
25,692,0.000202
35,692,6.1E-05
45,692,0.000239
55,692,0.003212
65,692,0.00438
70,692,0.005784
75,692,0.006961
0,694,2.6E-05
15,694,7.8E-05
25,694,0.000183
35,694,6E-05
45,694,0.000283
55,694,0.003748
65,694,0.004592
70,694,0.006159
75,694,0.006988
0,696,3.1E-05
15,696,0.000104
25,696,0.000158
35,696,6E-05
45,696,0.00034
55,696,0.004201
65,696,0.00485
70,696,0.006522
75,696,0.006945
0,698,3.8E-05
15,698,0.000137
25,698,0.000133
35,698,6.1E-05
45,698,0.000415
55,698,0.004527
65,698,0.00515
70,698,0.006858
75,698,0.006848
0,700,4.9E-05
15,700,0.000172
25,700,0.000111
35,700,6.3E-05
45,700,0.000516
55,700,0.004706
65,700,0.005487
70,700,0.007147
75,700,0.006715
0,702,6.3E-05
15,702,0.000201
25,702,9.2E-05
35,702,6.5E-05
45,702,0.000651
55,702,0.004735
65,702,0.005853
70,702,0.007374
75,702,0.006566
0,704,8.4E-05
15,704,0.000212
25,704,7.8E-05
35,704,6.9E-05
45,704,0.000834
55,704,0.004636
65,704,0.006232
70,704,0.007529
75,704,0.006436
0,706,0.000113
15,706,0.000201
25,706,6.8E-05
35,706,7.3E-05
45,706,0.00108
55,706,0.004451
65,706,0.006607
70,706,0.007609
75,706,0.006386
0,708,0.00015
15,708,0.000176
25,708,6E-05
35,708,7.9E-05
45,708,0.001408
55,708,0.004232
65,708,0.00696
70,708,0.007624
75,708,0.006365
0,710,0.000187
15,710,0.000145
25,710,5.4E-05
35,710,8.6E-05
45,710,0.001832
55,710,0.00402
65,710,0.007273
70,710,0.007607
75,710,0.006233
0,712,0.000211
15,712,0.000118
25,712,5E-05
35,712,9.4E-05
45,712,0.002348
55,712,0.003845
65,712,0.007534
70,712,0.007594
75,712,0.006026
0,714,0.000209
15,714,9.6E-05
25,714,4.7E-05
35,714,0.000105
45,714,0.002919
55,714,0.003719
65,714,0.007743
70,714,0.007527
75,714,0.005874
0,716,0.000185
15,716,8E-05
25,716,4.5E-05
35,716,0.000119
45,716,0.003483
55,716,0.003648
65,716,0.007918
70,716,0.007341
75,716,0.005797
0,718,0.000153
15,718,6.8E-05
25,718,4.4E-05
35,718,0.000135
45,718,0.003976
55,718,0.003632
65,718,0.008031
70,718,0.00707
75,718,0.00577
0,720,0.000123
15,720,5.9E-05
25,720,4.3E-05
35,720,0.000157
45,720,0.004343
55,720,0.003669
65,720,0.00801
70,720,0.006804
75,720,0.005775
0,722,9.9E-05
15,722,5.2E-05
25,722,4.3E-05
35,722,0.000184
45,722,0.004551
55,722,0.00376
65,722,0.007844
70,722,0.006587
75,722,0.005808
0,724,8.2E-05
15,724,4.7E-05
25,724,4.3E-05
35,724,0.000219
45,724,0.004593
55,724,0.003905
65,724,0.007587
70,724,0.006416
75,724,0.005866
0,726,6.9E-05
15,726,4.4E-05
25,726,4.4E-05
35,726,0.000264
45,726,0.004487
55,726,0.004104
65,726,0.007314
70,726,0.00628
75,726,0.005946
0,728,5.9E-05
15,728,4.1E-05
25,728,4.6E-05
35,728,0.000323
45,728,0.004274
55,728,0.004361
65,728,0.007059
70,728,0.006175
75,728,0.006043
0,730,5.2E-05
15,730,3.9E-05
25,730,4.8E-05
35,730,0.000403
45,730,0.00401
55,730,0.004681
65,730,0.006824
70,730,0.006099
75,730,0.006155
0,732,4.7E-05
15,732,3.8E-05
25,732,5E-05
35,732,0.000512
45,732,0.003749
55,732,0.005077
65,732,0.006607
70,732,0.006049
75,732,0.00628
0,734,4.3E-05
15,734,3.7E-05
25,734,5.4E-05
35,734,0.000661
45,734,0.003527
55,734,0.005547
65,734,0.006414
70,734,0.006027
75,734,0.006411
0,736,4E-05
15,736,3.7E-05
25,736,5.8E-05
35,736,0.000868
45,736,0.003362
55,736,0.00604
65,736,0.006249
70,736,0.006031
75,736,0.006546
0,738,3.8E-05
15,738,3.7E-05
25,738,6.3E-05
35,738,0.001154
45,738,0.003259
55,738,0.006498
65,738,0.006113
70,738,0.006059
75,738,0.006682
0,740,3.6E-05
15,740,3.7E-05
25,740,6.9E-05
35,740,0.001539
45,740,0.003215
55,740,0.006893
65,740,0.006004
70,740,0.006107
75,740,0.006811
0,742,3.5E-05
15,742,3.8E-05
25,742,7.7E-05
35,742,0.002037
45,742,0.003235
55,742,0.007218
65,742,0.005925
70,742,0.006176
75,742,0.006933
0,744,3.5E-05
15,744,4E-05
25,744,8.6E-05
35,744,0.00262
45,744,0.003324
55,744,0.007475
65,744,0.005875
70,744,0.006266
75,744,0.007044
0,746,3.4E-05
15,746,4.2E-05
25,746,9.7E-05
35,746,0.003223
45,746,0.003489
55,746,0.007668
65,746,0.005853
70,746,0.006369
75,746,0.007142
0,748,3.5E-05
15,748,4.4E-05
25,748,0.000112
35,748,0.003764
45,748,0.003725
55,748,0.007784
65,748,0.005857
70,748,0.006488
75,748,0.007227
0,750,3.5E-05
15,750,4.7E-05
25,750,0.00013
35,750,0.004161
45,750,0.003997
55,750,0.007807
65,750,0.005886
70,750,0.006619
75,750,0.007299
0,752,3.6E-05
15,752,5.1E-05
25,752,0.000153
35,752,0.004376
45,752,0.004277
55,752,0.007738
65,752,0.00594
70,752,0.006761
75,752,0.007362
0,754,3.8E-05
15,754,5.5E-05
25,754,0.000183
35,754,0.004397
45,754,0.004562
55,754,0.007582
65,754,0.006017
70,754,0.00691
75,754,0.00742
0,756,3.9E-05
15,756,6E-05
25,756,0.000221
35,756,0.004247
45,756,0.004863
55,756,0.007362
65,756,0.006119
70,756,0.00707
75,756,0.007481
0,758,4.1E-05
15,758,6.7E-05
25,758,0.000271
35,758,0.003985
45,758,0.0052
55,758,0.007092
65,758,0.00624
70,758,0.007238
75,758,0.007543
0,760,4.4E-05
15,760,7.5E-05
25,760,0.000338
35,760,0.003685
45,760,0.005584
55,760,0.006798
65,760,0.006385
70,760,0.007419
75,760,0.00759
0,762,4.8E-05
15,762,8.5E-05
25,762,0.00043
35,762,0.003413
45,762,0.006003
55,762,0.006498
65,762,0.006553
70,762,0.007611
75,762,0.007596
0,764,5.2E-05
15,764,9.7E-05
25,764,0.000557
35,764,0.003215
45,764,0.00643
55,764,0.006208
65,764,0.006748
70,764,0.007806
75,764,0.007546
0,766,5.7E-05
15,766,0.000112
25,766,0.000736
35,766,0.003102
45,766,0.006831
55,766,0.005945
65,766,0.006967
70,766,0.007981
75,766,0.007468
0,768,6.3E-05
15,768,0.000131
25,768,0.000987
35,768,0.003055
45,768,0.007172
55,768,0.005708
65,768,0.007207
70,768,0.008107
75,768,0.007384
0,770,7E-05
15,770,0.000156
25,770,0.001341
35,770,0.003036
45,770,0.007427
55,770,0.005507
65,770,0.007452
70,770,0.008171
75,770,0.007312
0,772,7.9E-05
15,772,0.000187
25,772,0.001824
35,772,0.00302
45,772,0.007576
55,772,0.005343
65,772,0.007675
70,772,0.008188
75,772,0.007254
0,774,9E-05
15,774,0.000228
25,774,0.002434
35,774,0.003004
45,774,0.007613
55,774,0.005219
65,774,0.007848
70,774,0.008183
75,774,0.007214
0,776,0.000104
15,776,0.000282
25,776,0.003115
35,776,0.003008
45,776,0.007538
55,776,0.005134
65,776,0.007966
70,776,0.008172
75,776,0.007186
0,778,0.000121
15,778,0.000354
25,778,0.003752
35,778,0.003052
45,778,0.007363
55,778,0.005087
65,778,0.00805
70,778,0.008161
75,778,0.007171
0,780,0.000142
15,780,0.000454
25,780,0.004225
35,780,0.003151
45,780,0.007113
55,780,0.00508
65,780,0.00812
70,780,0.008155
75,780,0.007166
0,782,0.00017
15,782,0.000594
25,782,0.004456
35,782,0.003311
45,782,0.006813
55,782,0.005117
65,782,0.008185
70,782,0.008152
75,782,0.007172
0,784,0.000206
15,784,0.000791
25,784,0.004445
35,784,0.003534
45,784,0.006489
55,784,0.005198
65,784,0.008248
70,784,0.008146
75,784,0.007185
0,786,0.000252
15,786,0.001074
25,786,0.004249
35,786,0.003816
45,786,0.006166
55,786,0.005316
65,786,0.008306
70,786,0.008142
75,786,0.007207
0,788,0.000315
15,788,0.001477
25,788,0.003954
35,788,0.00416
45,788,0.005861
55,788,0.005456
65,788,0.008362
70,788,0.008138
75,788,0.007237
0,790,0.0004
15,790,0.002035
25,790,0.003624
35,790,0.004562
45,790,0.005588
55,790,0.005599
65,790,0.008407
70,790,0.008135
75,790,0.007272
0,792,0.000518
15,792,0.002757
25,792,0.003297
35,792,0.005014
45,792,0.005357
55,792,0.005729
65,792,0.008442
70,792,0.008137
75,792,0.007312
0,794,0.000683
15,794,0.003557
25,794,0.003001
35,794,0.005499
45,794,0.005174
55,794,0.005843
65,794,0.008469
70,794,0.008141
75,794,0.007358
0,796,0.000919
15,796,0.004263
25,796,0.002755
35,796,0.005993
45,796,0.00504
55,796,0.005947
65,796,0.008486
70,796,0.008143
75,796,0.007406
0,798,0.001262
15,798,0.004692
25,798,0.002568
35,798,0.006468
45,798,0.004952
55,798,0.006055
65,798,0.008499
70,798,0.00815
75,798,0.007455
0,800,0.001754
15,800,0.00474
25,800,0.002444
35,800,0.006885
45,800,0.004906
55,800,0.006179
65,800,0.0085
70,800,0.008161
75,800,0.007501
0,802,0.002445
15,802,0.004459
25,802,0.002373
35,802,0.007207
45,802,0.004888
55,802,0.00633
65,802,0.008501
70,802,0.008177
75,802,0.007549
0,804,0.003309
15,804,0.004002
25,804,0.00235
35,804,0.007411
45,804,0.004887
55,804,0.006502
65,804,0.008499
70,804,0.008194
75,804,0.007593
0,806,0.004192
15,806,0.003519
25,806,0.002371
35,806,0.007484
45,806,0.004881
55,806,0.0067
65,806,0.008493
70,806,0.008218
75,806,0.007637
0,808,0.004801
15,808,0.003096
25,808,0.002433
35,808,0.007427
45,808,0.004868
55,808,0.006912
65,808,0.008489
70,808,0.008247
75,808,0.007677
0,810,0.004906
15,810,0.002762
25,810,0.002535
35,810,0.007261
45,810,0.004852
55,810,0.007133
65,810,0.008484
70,810,0.008274
75,810,0.007714
0,812,0.004577
15,812,0.002522
25,812,0.002672
35,812,0.007033
45,812,0.004838
55,812,0.007344
65,812,0.00849
70,812,0.008315
75,812,0.007759
0,814,0.004049
15,814,0.002342
25,814,0.002858
35,814,0.006737
45,814,0.004845
55,814,0.007563
65,814,0.008498
70,814,0.008352
75,814,0.007791
0,816,0.003515
15,816,0.002221
25,816,0.003098
35,816,0.006415
45,816,0.004879
55,816,0.007784
65,816,0.008502
70,816,0.008395
75,816,0.007814
0,818,0.003063
15,818,0.002147
25,818,0.003396
35,818,0.006101
45,818,0.004942
55,818,0.007991
65,818,0.008512
70,818,0.008435
75,818,0.007839
0,820,0.002715
15,820,0.002114
25,820,0.003755
35,820,0.005807
45,820,0.005043
55,820,0.008178
65,820,0.008534
70,820,0.008482
75,820,0.007864
0,822,0.002453
15,822,0.00212
25,822,0.004178
35,822,0.005536
45,822,0.005174
55,822,0.008354
65,822,0.008557
70,822,0.008527
75,822,0.007888
0,824,0.002266
15,824,0.002159
25,824,0.004667
35,824,0.005291
45,824,0.005333
55,824,0.008498
65,824,0.008586
70,824,0.008583
75,824,0.007903
0,826,0.002137
15,826,0.002233
25,826,0.005199
35,826,0.005062
45,826,0.005519
55,826,0.008616
65,826,0.008625
70,826,0.008635
75,826,0.007914
0,828,0.002054
15,828,0.002344
25,828,0.00577
35,828,0.004845
45,828,0.005733
55,828,0.008712
65,828,0.008672
70,828,0.00869
75,828,0.007913
0,830,0.002012
15,830,0.002494
25,830,0.006334
35,830,0.004643
45,830,0.005965
55,830,0.008782
65,830,0.00872
70,830,0.008745
75,830,0.007902
0,832,0.002005
15,832,0.002691
25,832,0.006852
35,832,0.004456
45,832,0.006222
55,832,0.008827
65,832,0.00878
70,832,0.008794
75,832,0.007875
0,834,0.002031
15,834,0.002933
25,834,0.007271
35,834,0.004295
45,834,0.006488
55,834,0.008849
65,834,0.008842
70,834,0.00884
75,834,0.007836
0,836,0.002087
15,836,0.003235
25,836,0.007553
35,836,0.004163
45,836,0.006763
55,836,0.00885
65,836,0.008909
70,836,0.008865
75,836,0.007792
0,838,0.002176
15,838,0.003599
25,838,0.007671
35,838,0.004065
45,838,0.007045
55,838,0.008838
65,838,0.008975
70,838,0.008875
75,838,0.007746
0,840,0.0023
15,840,0.004027
25,840,0.007628
35,840,0.003998
45,840,0.007321
55,840,0.008813
65,840,0.009035
70,840,0.008877
75,840,0.007699
0,842,0.002464
15,842,0.004536
25,842,0.007433
35,842,0.003964
45,842,0.007598
55,842,0.008786
65,842,0.009085
70,842,0.00886
75,842,0.007658
0,844,0.002673
15,844,0.005106
25,844,0.007126
35,844,0.003961
45,844,0.00786
55,844,0.008753
65,844,0.009125
70,844,0.008838
75,844,0.007618
0,846,0.002932
15,846,0.00572
25,846,0.006745
35,846,0.003986
45,846,0.008092
55,846,0.008714
65,846,0.009145
70,846,0.008803
75,846,0.007586
0,848,0.003247
15,848,0.006349
25,848,0.006323
35,848,0.004039
45,848,0.008306
55,848,0.008693
65,848,0.00916
70,848,0.008776
75,848,0.007568
0,850,0.00363
15,850,0.006936
25,850,0.005891
35,850,0.004117
45,850,0.008487
55,850,0.008668
65,850,0.009159
70,850,0.008741
75,850,0.007557
0,852,0.004091
15,852,0.007409
25,852,0.005469
35,852,0.004223
45,852,0.008631
55,852,0.008655
65,852,0.009147
70,852,0.008697
75,852,0.00755
0,854,0.004619
15,854,0.007729
25,854,0.00508
35,854,0.004361
45,854,0.008747
55,854,0.008659
65,854,0.00914
70,854,0.008673
75,854,0.007549
0,856,0.005207
15,856,0.007834
25,856,0.004733
35,856,0.004516
45,856,0.008835
55,856,0.008667
65,856,0.009124
70,856,0.008647
75,856,0.007552
0,858,0.005866
15,858,0.007737
25,858,0.004433
35,858,0.004695
45,858,0.008888
55,858,0.008666
65,858,0.009091
70,858,0.008629
75,858,0.007573
0,860,0.006511
15,860,0.007469
25,860,0.004184
35,860,0.004905
45,860,0.008914
55,860,0.00869
65,860,0.009078
70,860,0.008614
75,860,0.007603
0,862,0.00711
15,862,0.007046
25,862,0.003963
35,862,0.00514
45,862,0.008917
55,862,0.008711
65,862,0.009054
70,862,0.008593
75,862,0.007622
0,864,0.007582
15,864,0.006571
25,864,0.003789
35,864,0.005383
45,864,0.008897
55,864,0.008749
65,864,0.009048
70,864,0.008567
75,864,0.007664
0,866,0.007831
15,866,0.006065
25,866,0.003658
35,866,0.005659
45,866,0.008846
55,866,0.008757
65,866,0.009044
70,866,0.008562
75,866,0.007696
0,868,0.007866
15,868,0.005589
25,868,0.00355
35,868,0.005954
45,868,0.00883
55,868,0.008789
65,868,0.009004
70,868,0.008558
75,868,0.007736
0,870,0.007676
15,870,0.005157
25,870,0.003477
35,870,0.006259
45,870,0.008765
55,870,0.008808
65,870,0.00899
70,870,0.00855
75,870,0.00779
0,872,0.007297
15,872,0.004771
25,872,0.003444
35,872,0.006576
45,872,0.008726
55,872,0.008836
65,872,0.008969
70,872,0.008551
75,872,0.007826
0,874,0.006828
15,874,0.004435
25,874,0.003419
35,874,0.006895
45,874,0.00866
55,874,0.008862
65,874,0.00895
70,874,0.008553
75,874,0.007854
0,876,0.006306
15,876,0.004146
25,876,0.003431
35,876,0.007192
45,876,0.008614
55,876,0.008895
65,876,0.008932
70,876,0.00857
75,876,0.007928
0,878,0.005802
15,878,0.003887
25,878,0.003436
35,878,0.007521
45,878,0.008548
55,878,0.008905
65,878,0.008916
70,878,0.008582
75,878,0.007969
0,880,0.005345
15,880,0.003707
25,880,0.00349
35,880,0.007768
45,880,0.008542
55,880,0.008972
65,880,0.008921
70,880,0.008573
75,880,0.008012
0,882,0.004903
15,882,0.003548
25,882,0.003578
35,882,0.008091
45,882,0.008482
55,882,0.008972
65,882,0.00889
70,882,0.008617
75,882,0.008058
0,884,0.004536
15,884,0.003429
25,884,0.003667
35,884,0.008315
45,884,0.008418
55,884,0.009043
65,884,0.008883
70,884,0.00862
75,884,0.008111
0,886,0.004219
15,886,0.003333
25,886,0.003757
35,886,0.00847
45,886,0.008424
55,886,0.009066
65,886,0.008893
70,886,0.008682
75,886,0.008147
0,888,0.003981
15,888,0.003252
25,888,0.003888
35,888,0.008679
45,888,0.008366
55,888,0.009113
65,888,0.008871
70,888,0.008645
75,888,0.008206
0,890,0.003749
15,890,0.003203
25,890,0.004041
35,890,0.00879
45,890,0.008364
55,890,0.009134
65,890,0.008878
70,890,0.008704
75,890,0.008209
0,892,0.003554
15,892,0.003194
25,892,0.004219
35,892,0.00885
45,892,0.008341
55,892,0.009192
65,892,0.008851
70,892,0.008709
75,892,0.008259
0,894,0.003396
15,894,0.003167
25,894,0.004454
35,894,0.008892
45,894,0.008363
55,894,0.009219
65,894,0.008813
70,894,0.008746
75,894,0.008278
0,896,0.003297
15,896,0.003211
25,896,0.004682
35,896,0.008891
45,896,0.00836
55,896,0.009185
65,896,0.008859
70,896,0.008735
75,896,0.00829
0,898,0.003218
15,898,0.00325
25,898,0.004934
35,898,0.008901
45,898,0.008383
55,898,0.009237
65,898,0.008834
70,898,0.008772
75,898,0.008297
0,900,0.003144
15,900,0.00331
25,900,0.005209
35,900,0.008869
45,900,0.008402
55,900,0.009241
65,900,0.008841
70,900,0.008805
75,900,0.008313
