0,250,0
15,250,0
25,250,0
35,250,0
45,250,0
55,250,0
65,250,0
70,250,0
75,250,0
0,252,0
15,252,0
25,252,0
35,252,0
45,252,0
55,252,0
65,252,0
70,252,0
75,252,0
0,254,0
15,254,0
25,254,0
35,254,0
45,254,0
55,254,0
65,254,0
70,254,0
75,254,0
0,256,0
15,256,0
25,256,0
35,256,0
45,256,0
55,256,0
65,256,0
70,256,0
75,256,0
0,258,0
15,258,0
25,258,0
35,258,0
45,258,0
55,258,0
65,258,0
70,258,0
75,258,0
0,260,0
15,260,0
25,260,0
35,260,0
45,260,0
55,260,0
65,260,0
70,260,0
75,260,0
0,262,0
15,262,0
25,262,0
35,262,0
45,262,0
55,262,0
65,262,0
70,262,0
75,262,0
0,264,0
15,264,0
25,264,0
35,264,0
45,264,0
55,264,0
65,264,0
70,264,0
75,264,0
0,266,0
15,266,0
25,266,0
35,266,0
45,266,0
55,266,0
65,266,0
70,266,0
75,266,0
0,268,0
15,268,0
25,268,0
35,268,0
45,268,0
55,268,0
65,268,0
70,268,0
75,268,0
0,270,0
15,270,0
25,270,0
35,270,0
45,270,0
55,270,0
65,270,0
70,270,0
75,270,0
0,272,0
15,272,0
25,272,0
35,272,0
45,272,0
55,272,0
65,272,0
70,272,0
75,272,0
0,274,0
15,274,0
25,274,0
35,274,0
45,274,0
55,274,0
65,274,0
70,274,0
75,274,0
0,276,0
15,276,0
25,276,0
35,276,0
45,276,0
55,276,0
65,276,0
70,276,0
75,276,0
0,278,0
15,278,0
25,278,0
35,278,0
45,278,0
55,278,0
65,278,0
70,278,0
75,278,0
0,280,0
15,280,0
25,280,0
35,280,0
45,280,0
55,280,0
65,280,0
70,280,1E-06
75,280,1E-06
0,282,0
15,282,0
25,282,0
35,282,0
45,282,0
55,282,0
65,282,6E-06
70,282,9E-06
75,282,8E-06
0,284,1E-06
15,284,0
25,284,2E-06
35,284,1E-06
45,284,0
55,284,6E-06
65,284,2.6E-05
70,284,2E-05
75,284,1.3E-05
0,286,1E-06
15,286,2E-06
25,286,9E-06
35,286,1E-06
45,286,5E-06
55,286,3.9E-05
65,286,4.3E-05
70,286,2.4E-05
75,286,1.5E-05
0,288,7E-06
15,288,2.5E-05
25,288,6E-06
35,288,1E-06
45,288,1.9E-05
55,288,9.7E-05
65,288,4.8E-05
70,288,3.3E-05
75,288,2.7E-05
0,290,5.4E-05
15,290,3.4E-05
25,290,3E-06
35,290,1.1E-05
45,290,7.4E-05
55,290,0.000126
65,290,6.9E-05
70,290,4.3E-05
75,290,2.4E-05
0,292,6.2E-05
15,292,1.3E-05
25,292,9E-06
35,292,3.9E-05
45,292,0.000154
55,292,0.000157
65,292,6.7E-05
70,292,2.6E-05
75,292,1.4E-05
0,294,2.2E-05
15,294,1E-05
25,294,3.7E-05
35,294,0.000116
45,294,0.000206
55,294,0.000207
65,294,3.5E-05
70,294,1.4E-05
75,294,9E-06
0,296,1.7E-05
15,296,2.6E-05
25,296,0.00011
35,296,0.0002
45,296,0.0003
55,296,0.000169
65,296,1.9E-05
70,296,1.2E-05
75,296,2.4E-05
0,298,3.6E-05
15,298,9.8E-05
25,298,0.000279
35,298,0.000205
45,298,0.000457
55,298,7E-05
65,298,1.4E-05
70,298,5.8E-05
75,298,0.000196
0,300,0.000137
15,300,0.000312
25,300,0.0002
35,300,0.000321
45,300,0.000517
55,300,4.3E-05
65,300,5.7E-05
70,300,0.000293
75,300,0.000356
0,302,0.000441
15,302,0.000371
25,302,0.000249
35,302,0.000596
45,302,0.000268
55,302,2.3E-05
65,302,0.000305
70,302,0.000346
75,302,0.000447
0,304,0.000421
15,304,0.000168
25,304,0.000462
35,304,0.000814
45,304,9.1E-05
55,304,2.2E-05
65,304,0.000321
70,304,0.000395
75,304,0.00026
0,306,0.000165
15,306,0.000338
25,306,0.000913
35,306,0.00079
45,306,8.3E-05
55,306,0.000151
65,306,0.000343
70,306,0.00017
75,306,5.8E-05
0,308,0.00034
15,308,0.000672
25,308,0.000869
35,308,0.000399
45,308,5E-05
55,308,0.000413
65,308,0.000188
70,308,3.7E-05
75,308,1.7E-05
0,310,0.000756
15,310,0.001224
25,310,0.00087
35,310,0.000115
45,310,2.4E-05
55,310,0.00026
65,310,4.4E-05
70,310,1.5E-05
75,310,2.5E-05
0,312,0.001343
15,312,0.000781
25,312,0.000434
35,312,0.000126
45,312,5.8E-05
55,312,0.000237
65,312,1.4E-05
70,312,3.3E-05
75,312,0.00018
0,314,0.000824
15,314,0.000913
25,314,0.000123
35,314,0.000122
45,314,0.000365
55,314,0.000133
65,314,2.1E-05
70,314,0.00031
75,314,0.001545
0,316,0.000815
15,316,0.00052
25,316,0.000155
35,316,4.6E-05
45,316,0.000373
55,316,3.1E-05
65,316,0.00015
70,316,0.001885
75,316,0.001725
0,318,0.000738
15,318,0.000142
25,318,0.000181
35,318,3E-05
45,318,0.000154
55,318,1.1E-05
65,318,0.001337
70,318,0.001526
75,318,0.000419
0,320,0.00021
15,320,0.000156
25,320,7.2E-05
35,320,0.000121
45,320,0.00014
55,320,1.5E-05
65,320,0.001948
70,320,0.000361
75,320,0.000111
0,322,0.000138
15,322,0.000277
25,322,3.1E-05
35,322,0.000412
45,322,7.9E-05
55,322,7.1E-05
65,322,0.000635
70,322,0.000102
75,322,0.000199
0,324,0.000326
15,324,0.000113
25,324,6.2E-05
35,324,0.000245
45,324,2E-05
55,324,0.000702
65,324,0.000125
70,324,0.000229
75,324,0.000978
0,326,0.000194
15,326,3.7E-05
25,326,0.000344
35,326,9.1E-05
45,326,9E-06
55,326,0.001656
65,326,0.000113
70,326,0.000909
75,326,0.000828
0,328,5.3E-05
15,328,3.4E-05
25,328,0.000288
35,328,9.8E-05
45,328,1.1E-05
55,328,0.00082
65,328,0.00053
70,328,0.000658
75,328,0.000414
0,330,2.9E-05
15,330,0.00021
25,330,7.7E-05
35,330,5.1E-05
45,330,5.5E-05
55,330,0.00014
65,330,0.000707
70,330,0.000332
75,330,0.000478
0,332,8.4E-05
15,332,0.000366
25,332,8E-05
35,332,1.3E-05
45,332,0.000577
55,332,5.4E-05
65,332,0.000269
70,332,0.000379
75,332,0.000302
0,334,0.000404
15,334,8.3E-05
25,334,6.7E-05
35,334,6E-06
45,334,0.001362
55,334,0.000218
65,334,0.000238
70,334,0.000235
75,334,0.000136
0,336,0.000139
15,336,5.4E-05
25,336,1.8E-05
35,336,9E-06
45,336,0.000679
55,336,0.000443
65,336,0.000226
70,336,0.000102
75,336,0.000121
0,338,4.3E-05
15,338,8.5E-05
25,338,7E-06
35,338,4.5E-05
45,338,0.000102
55,338,0.00019
65,338,0.000102
70,338,8.6E-05
75,338,0.000232
0,340,7.8E-05
15,340,3.1E-05
25,340,7E-06
35,340,0.000498
45,340,3.2E-05
55,340,7.5E-05
65,340,5.3E-05
70,340,0.00016
75,340,0.00049
0,342,5.9E-05
15,342,9E-06
25,342,1.8E-05
35,342,0.001262
45,342,0.000125
55,342,9.7E-05
65,342,6.4E-05
70,342,0.000333
75,342,0.0007
0,344,1.5E-05
15,344,6E-06
25,344,0.000191
35,344,0.000563
45,344,0.00026
55,344,7.8E-05
65,344,0.000138
70,344,0.000484
75,344,0.001246
0,346,7E-06
15,346,1E-05
25,346,0.001131
35,346,7.6E-05
45,346,0.000101
55,346,3.2E-05
65,346,0.00024
70,346,0.00094
75,346,0.001356
0,348,8E-06
15,348,5.1E-05
25,348,0.000935
35,348,2.5E-05
45,348,2.1E-05
55,348,1.9E-05
65,348,0.000389
70,348,0.001068
75,348,0.000324
0,350,2.1E-05
15,350,0.000697
25,350,0.000149
35,350,9.4E-05
45,350,2.6E-05
55,350,2.6E-05
65,350,0.000797
70,350,0.000265
75,350,5.9E-05
0,352,0.000261
15,352,0.001411
25,352,2.5E-05
35,352,0.000193
45,352,3.6E-05
55,352,5.6E-05
65,352,0.000519
70,352,4.5E-05
75,352,2E-05
0,354,0.001458
15,354,0.000338
25,354,4.1E-05
35,354,5.3E-05
45,354,2.2E-05
55,354,8.6E-05
65,354,7.6E-05
70,354,1.6E-05
75,354,1.2E-05
0,356,0.000756
15,356,4.4E-05
25,356,0.000179
35,356,8E-06
45,356,8E-06
55,356,0.000178
65,356,1.5E-05
70,356,9E-06
75,356,9E-06
0,358,9.9E-05
15,358,2.1E-05
25,358,9E-05
35,358,7E-06
45,358,6E-06
55,358,0.000361
65,358,7E-06
70,358,7E-06
75,358,1E-05
0,360,2.4E-05
15,360,0.000127
25,360,8E-06
35,360,1.4E-05
45,360,1.1E-05
55,360,0.000224
65,360,5E-06
70,360,7E-06
75,360,1.2E-05
0,362,4.9E-05
15,362,0.000169
25,362,3E-06
35,362,1.5E-05
45,362,2.2E-05
55,362,2.2E-05
65,362,4E-06
70,362,8E-06
75,362,1.9E-05
0,364,0.000245
15,364,1.3E-05
25,364,4E-06
35,364,5E-06
45,364,2.7E-05
55,364,3E-06
65,364,3E-06
70,364,1E-05
75,364,3.2E-05
0,366,4E-05
15,366,1E-06
25,366,1E-05
35,366,1E-06
45,366,8.5E-05
55,366,1E-06
65,366,3E-06
70,366,1.5E-05
75,366,5.6E-05
0,368,2E-06
15,368,0
25,368,7E-06
35,368,1E-06
45,368,0.00016
55,368,0
65,368,4E-06
70,368,2.6E-05
75,368,0.0001
0,370,0
15,370,2E-06
25,370,0
35,370,4E-06
45,370,8.1E-05
55,370,0
65,370,5E-06
70,370,5E-05
75,370,0.000207
0,372,0
15,372,8E-06
25,372,0
35,372,7E-06
45,372,0
55,372,0
65,372,8E-06
70,372,0.000115
75,372,0.000349
0,374,2E-06
15,374,1E-06
25,374,0
35,374,6E-06
45,374,0
55,374,0
65,374,1.7E-05
70,374,0.00024
75,374,0.000284
0,376,4E-06
15,376,0
25,376,0
35,376,4.2E-05
45,376,0
55,376,0
65,376,5.1E-05
70,376,0.000274
75,376,0.000139
0,378,3E-06
15,378,1E-06
25,378,7E-06
35,378,9E-05
45,378,0
55,378,1E-06
65,378,0.000147
70,378,0.000175
75,378,9.2E-05
0,380,2E-06
15,380,3E-06
25,380,7E-06
35,380,2.2E-05
45,380,1E-06
55,380,2E-06
65,380,0.00021
70,380,9.9E-05
75,380,9.3E-05
0,382,2E-06
15,382,5E-06
25,382,4.3E-05
35,382,2E-06
45,382,1E-06
55,382,3E-06
65,382,0.000166
70,382,8.7E-05
75,382,0.00015
0,384,3E-06
15,384,6E-06
25,384,6.6E-05
35,384,1E-06
45,384,1E-06
55,384,4E-06
65,384,9.7E-05
70,384,0.000113
75,384,0.000318
0,386,6E-06
15,386,5E-06
25,386,7E-06
35,386,1E-06
45,386,1E-06
55,386,9E-06
65,386,7.9E-05
70,386,0.000202
75,386,0.000407
0,388,5E-06
15,388,4.1E-05
25,388,1E-06
35,388,1E-06
45,388,1E-06
55,388,3.1E-05
65,388,9.3E-05
70,388,0.000306
75,388,0.00026
0,390,6E-06
15,390,4.7E-05
25,390,1E-06
35,390,1E-06
45,390,1E-06
55,390,7.7E-05
65,390,0.000142
70,390,0.000277
75,390,0.000136
0,392,6E-05
15,392,2E-06
25,392,1E-06
35,392,1E-06
45,392,1E-06
55,392,0.000101
65,392,0.000205
70,392,0.000174
75,392,9.7E-05
0,394,2E-05
15,394,1E-06
25,394,1E-06
35,394,1E-06
45,394,1E-06
55,394,9.3E-05
65,394,0.000215
70,394,0.000111
75,394,9.5E-05
0,396,1E-06
15,396,1E-06
25,396,1E-06
35,396,1E-06
45,396,1E-06
55,396,6.4E-05
65,396,0.000168
70,396,9.2E-05
75,396,0.000125
0,398,1E-06
15,398,1E-06
25,398,1E-06
35,398,1E-06
45,398,1E-06
55,398,6E-05
65,398,0.000117
70,398,9.9E-05
75,398,0.000206
0,400,1E-06
15,400,1E-06
25,400,1E-06
35,400,1E-06
45,400,2E-06
55,400,7.4E-05
65,400,9E-05
70,400,0.00013
75,400,0.000367
0,402,1E-06
15,402,1E-06
25,402,1E-06
35,402,1E-06
45,402,6E-06
55,402,9.7E-05
65,402,8.2E-05
70,402,0.000198
75,402,0.000544
0,404,1E-06
15,404,1E-06
25,404,1E-06
35,404,1E-06
45,404,2.2E-05
55,404,0.000112
65,404,8.9E-05
70,404,0.000312
75,404,0.000617
0,406,1E-06
15,406,1E-06
25,406,1E-06
35,406,1E-06
45,406,4.2E-05
55,406,0.000112
65,406,0.000112
70,406,0.000435
75,406,0.000607
0,408,1E-06
15,408,1E-06
25,408,1E-06
35,408,1E-06
45,408,4.9E-05
55,408,9.9E-05
65,408,0.000159
70,408,0.000517
75,408,0.000624
0,410,1E-06
15,410,1E-06
25,410,1E-06
35,410,1E-06
45,410,4.6E-05
55,410,8.3E-05
65,410,0.000237
70,410,0.000556
75,410,0.000754
0,412,1E-06
15,412,1E-06
25,412,1E-06
35,412,1E-06
45,412,4E-05
55,412,6.7E-05
65,412,0.000335
70,412,0.000595
75,412,0.001084
0,414,1E-06
15,414,1E-06
25,414,1E-06
35,414,1E-06
45,414,4.7E-05
55,414,5.4E-05
65,414,0.000423
70,414,0.0007
75,414,0.001689
0,416,1E-06
15,416,1E-06
25,416,1E-06
35,416,2E-06
45,416,5.7E-05
55,416,4.8E-05
65,416,0.000466
70,416,0.000957
75,416,0.002305
0,418,1E-06
15,418,1E-06
25,418,1E-06
35,418,5E-06
45,418,6.1E-05
55,418,4.9E-05
65,418,0.000474
70,418,0.00141
75,418,0.002314
0,420,1E-06
15,420,1E-06
25,420,1E-06
35,420,1.5E-05
45,420,6.1E-05
55,420,5.9E-05
65,420,0.000506
70,420,0.001824
75,420,0.001671
0,422,1E-06
15,422,1E-06
25,422,1E-06
35,422,2.4E-05
45,422,6.1E-05
55,422,8.8E-05
65,422,0.000637
70,422,0.001787
75,422,0.000992
0,424,1E-06
15,424,1E-06
25,424,1E-06
35,424,2.8E-05
45,424,5.9E-05
55,424,0.000146
65,424,0.000914
70,424,0.00129
75,424,0.000605
0,426,1E-06
15,426,1E-06
25,426,2E-06
35,426,2.9E-05
45,426,5.1E-05
55,426,0.000217
65,426,0.001191
70,426,0.000749
75,426,0.000422
0,428,1E-06
15,428,1E-06
25,428,6E-06
35,428,3.4E-05
45,428,3.9E-05
55,428,0.000255
65,428,0.0012
70,428,0.000454
75,428,0.000339
0,430,1E-06
15,430,1E-06
25,430,1.3E-05
35,430,4E-05
45,430,2.8E-05
55,430,0.000237
65,430,0.000935
70,430,0.000324
75,430,0.00031
0,432,1E-06
15,432,1E-06
25,432,1.9E-05
35,432,4E-05
45,432,2.2E-05
55,432,0.000187
65,432,0.000573
70,432,0.000269
75,432,0.000321
0,434,1E-06
15,434,1E-06
25,434,2.2E-05
35,434,3.8E-05
45,434,2.1E-05
55,434,0.000159
65,434,0.000339
70,434,0.000256
75,434,0.000376
0,436,1E-06
15,436,2E-06
25,436,2.7E-05
35,436,3.9E-05
45,436,2.6E-05
55,436,0.000179
65,436,0.000237
70,436,0.000277
75,436,0.000501
0,438,1E-06
15,438,6E-06
25,438,3.3E-05
35,438,4.3E-05
45,438,4.2E-05
55,438,0.000261
65,438,0.000199
70,438,0.000339
75,438,0.000754
0,440,1E-06
15,440,1.3E-05
25,440,3.5E-05
35,440,4.3E-05
45,440,7.9E-05
55,440,0.000401
65,440,0.000193
70,440,0.000467
75,440,0.001246
0,442,3E-06
15,442,1.6E-05
25,442,3.1E-05
35,442,3.3E-05
45,442,0.00012
55,442,0.000497
65,442,0.000214
70,442,0.000729
75,442,0.002104
0,444,9E-06
15,444,2E-05
25,444,3E-05
35,444,2.2E-05
45,444,0.00013
55,444,0.000489
65,444,0.00027
70,444,0.001259
75,444,0.003233
0,446,1.6E-05
15,446,3E-05
25,446,3.6E-05
35,446,1.5E-05
45,446,0.000104
55,446,0.000397
65,446,0.000391
70,446,0.002232
75,446,0.004182
0,448,1.7E-05
15,448,3.6E-05
25,448,4.3E-05
35,448,1.2E-05
45,448,6.3E-05
55,448,0.000259
65,448,0.000642
70,448,0.003544
75,448,0.004555
0,450,2.4E-05
15,450,3E-05
25,450,3.9E-05
35,450,1.2E-05
45,450,4.4E-05
55,450,0.000166
65,450,0.001159
70,450,0.004701
75,450,0.004583
0,452,3.5E-05
15,452,2.5E-05
25,452,2.5E-05
35,452,1.7E-05
45,452,4.1E-05
55,452,0.000128
65,452,0.002141
70,452,0.005292
75,452,0.00473
0,454,3.4E-05
15,454,2.9E-05
25,454,1.5E-05
35,454,3E-05
45,454,5E-05
55,454,0.000119
65,454,0.003603
70,454,0.005413
75,454,0.005178
0,456,2.5E-05
15,456,4E-05
25,456,1.1E-05
35,456,6.3E-05
45,456,7.8E-05
55,456,0.000129
65,456,0.005085
70,456,0.005558
75,456,0.00584
0,458,2.3E-05
15,458,4.4E-05
25,458,1E-05
35,458,9.1E-05
45,458,0.000143
55,458,0.000158
65,458,0.006049
70,458,0.00599
75,458,0.006462
0,460,3E-05
15,460,2.7E-05
25,460,1E-05
35,460,8.6E-05
45,460,0.000226
55,460,0.000218
65,460,0.006373
70,460,0.006626
75,460,0.006817
0,462,4.3E-05
15,462,1.3E-05
25,462,1.3E-05
35,462,5.1E-05
45,462,0.000268
55,462,0.00034
65,462,0.006446
70,462,0.007226
75,462,0.006864
0,464,3.6E-05
15,464,6E-06
25,464,2.6E-05
35,464,2.2E-05
45,464,0.000258
55,464,0.000606
65,464,0.006709
70,464,0.007566
75,464,0.006738
0,466,1.5E-05
15,466,4E-06
25,466,5.7E-05
35,466,1.3E-05
45,466,0.0002
55,466,0.00119
65,466,0.007203
70,466,0.007584
75,466,0.006618
0,468,6E-06
15,468,3E-06
25,468,7.3E-05
35,468,1E-05
45,468,0.000124
55,468,0.002296
65,468,0.0077
70,468,0.007414
75,468,0.006593
0,470,3E-06
15,470,3E-06
25,470,5.3E-05
35,470,1E-05
45,470,8.2E-05
55,470,0.003852
65,470,0.007988
70,470,0.007233
75,470,0.006647
0,472,2E-06
15,472,7E-06
25,472,2E-05
35,472,1.2E-05
45,472,6.8E-05
55,472,0.005382
65,472,0.007991
70,472,0.007143
75,472,0.006757
0,474,2E-06
15,474,2.2E-05
25,474,8E-06
35,474,2.1E-05
45,474,6.7E-05
55,474,0.006468
65,474,0.007793
70,474,0.007169
75,474,0.006992
0,476,3E-06
15,476,5.6E-05
25,476,4E-06
35,476,4.4E-05
45,476,7.8E-05
55,476,0.006906
65,476,0.007558
70,476,0.007368
75,476,0.007338
0,478,8E-06
15,478,6.2E-05
25,478,3E-06
35,478,8.9E-05
45,478,0.000103
55,478,0.006872
65,478,0.007421
70,478,0.007798
75,478,0.00742
0,480,2.8E-05
15,480,2.4E-05
25,480,3E-06
35,480,0.000135
45,480,0.00015
55,480,0.006828
65,480,0.007502
70,480,0.008126
75,480,0.007358
0,482,6.6E-05
15,482,8E-06
25,482,5E-06
35,482,0.000148
45,482,0.000244
55,482,0.006931
65,482,0.007961
70,482,0.008099
75,482,0.007389
0,484,4.8E-05
15,484,5E-06
25,484,1E-05
35,484,0.000128
45,484,0.00046
55,484,0.007154
65,484,0.008545
70,484,0.008057
75,484,0.007382
0,486,1.4E-05
15,486,5E-06
25,486,1.8E-05
35,486,8.5E-05
45,486,0.000981
55,486,0.007391
65,486,0.008736
70,486,0.008072
75,486,0.007348
0,488,8E-06
15,488,5E-06
25,488,3.9E-05
35,488,5.8E-05
45,488,0.002041
55,488,0.007568
65,488,0.00871
70,488,0.008051
75,488,0.007402
0,490,6E-06
15,490,6E-06
25,490,8.2E-05
35,490,5.4E-05
45,490,0.003609
55,490,0.007808
65,490,0.008738
70,490,0.008073
75,490,0.007531
0,492,6E-06
15,492,7E-06
25,492,0.000126
35,492,5.8E-05
45,492,0.005262
55,492,0.00829
65,492,0.008739
70,492,0.008194
75,492,0.007647
0,494,7E-06
15,494,1E-05
25,494,0.000135
35,494,6.2E-05
45,494,0.006627
55,494,0.008863
65,494,0.008739
70,494,0.00836
75,494,0.007671
0,496,8E-06
15,496,1.4E-05
25,496,0.000106
35,496,7.2E-05
45,496,0.007429
55,496,0.009219
65,496,0.008817
70,496,0.008473
75,496,0.007598
0,498,9E-06
15,498,2.3E-05
25,498,7.3E-05
35,498,9.9E-05
45,498,0.007713
55,498,0.009356
65,498,0.008963
70,498,0.008478
75,498,0.007491
0,500,1E-05
15,500,4.7E-05
25,500,5.7E-05
35,500,0.000155
45,500,0.007979
55,500,0.009463
65,500,0.009104
70,500,0.008402
75,500,0.007414
0,502,1.1E-05
15,502,9.9E-05
25,502,4.8E-05
35,502,0.000276
45,502,0.008424
55,502,0.009547
65,502,0.009182
70,502,0.008302
75,502,0.007388
0,504,1.6E-05
15,504,0.000145
25,504,4.6E-05
35,504,0.000569
45,504,0.008925
55,504,0.009562
65,504,0.009179
70,504,0.008224
75,504,0.007402
0,506,3E-05
15,506,0.000125
25,506,5.2E-05
35,506,0.001293
45,506,0.009327
55,506,0.009534
65,506,0.009114
70,506,0.008189
75,506,0.007437
0,508,7.3E-05
15,508,7.4E-05
25,508,6.5E-05
35,508,0.002782
45,508,0.009514
55,508,0.009514
65,508,0.009025
70,508,0.008192
75,508,0.007473
0,510,0.000139
15,510,4.6E-05
25,510,9.3E-05
35,510,0.004912
45,510,0.009516
55,510,0.009528
65,510,0.008946
70,510,0.008216
75,510,0.007502
0,512,0.000134
15,512,3.6E-05
25,512,0.000151
35,512,0.006906
45,512,0.009459
55,512,0.009577
65,512,0.008899
70,512,0.008244
75,512,0.007526
0,514,7.3E-05
15,514,3.3E-05
25,514,0.000278
35,514,0.008111
45,514,0.009463
55,514,0.009638
65,514,0.008884
70,514,0.008268
75,514,0.007551
0,516,4.4E-05
15,516,3.6E-05
25,516,0.000584
35,516,0.008409
45,516,0.009541
55,516,0.009683
65,516,0.008895
70,516,0.008283
75,516,0.00759
0,518,3.3E-05
15,518,4.4E-05
25,518,0.00134
35,518,0.008406
45,518,0.009624
55,518,0.009692
65,518,0.008913
70,518,0.008296
75,518,0.007647
0,520,3.1E-05
15,520,6E-05
25,520,0.002922
35,520,0.008691
45,520,0.009664
55,520,0.009666
65,520,0.008925
70,520,0.008322
75,520,0.007722
0,522,3.3E-05
15,522,8.9E-05
25,522,0.005208
35,522,0.009129
45,522,0.009653
55,522,0.009618
65,522,0.008934
70,522,0.008367
75,522,0.007804
0,524,4E-05
15,524,0.000148
25,524,0.007246
35,524,0.009411
45,524,0.009615
55,524,0.009568
65,524,0.00894
70,524,0.008429
75,524,0.007875
0,526,5.2E-05
15,526,0.000276
25,526,0.008281
35,526,0.009473
45,526,0.009583
55,526,0.009528
65,526,0.008952
70,526,0.008503
75,526,0.007912
0,528,7.6E-05
15,528,0.000579
25,528,0.008523
35,528,0.009439
45,528,0.009577
55,528,0.009505
65,528,0.00898
70,528,0.008568
75,528,0.007909
0,530,0.000122
15,530,0.001348
25,530,0.008654
35,530,0.009403
45,530,0.009593
55,530,0.009496
65,530,0.009025
70,530,0.00861
75,530,0.007865
0,532,0.000215
15,532,0.00309
25,532,0.008877
35,532,0.009401
45,532,0.009622
55,532,0.009494
65,532,0.009078
70,532,0.008616
75,532,0.00779
0,534,0.000431
15,534,0.005836
25,534,0.009127
35,534,0.009435
45,534,0.009647
55,534,0.009497
65,534,0.00913
70,534,0.008586
75,534,0.007702
0,536,0.000978
15,536,0.008202
25,536,0.009329
35,536,0.009486
45,536,0.009663
55,536,0.009502
65,536,0.00917
70,536,0.008529
75,536,0.007615
0,538,0.002373
15,538,0.008908
25,538,0.009406
35,538,0.009531
45,538,0.009667
55,538,0.009513
65,538,0.009186
70,538,0.008457
75,538,0.007542
0,540,0.00513
15,540,0.008654
25,540,0.009375
35,540,0.009553
45,540,0.009659
55,540,0.009528
65,540,0.009178
70,540,0.008379
75,540,0.007487
0,542,0.008103
15,542,0.008559
25,542,0.009312
35,542,0.009547
45,542,0.009645
55,542,0.009546
65,542,0.009148
70,542,0.008308
75,542,0.007452
0,544,0.009073
15,544,0.008828
25,544,0.009285
35,544,0.009522
45,544,0.009629
55,544,0.009568
65,544,0.009101
70,544,0.008249
75,544,0.007436
0,546,0.008645
15,546,0.00919
25,546,0.00932
35,546,0.009491
45,546,0.009611
55,546,0.00959
65,546,0.009046
70,546,0.008209
75,546,0.007438
0,548,0.008458
15,548,0.009391
25,548,0.009395
35,548,0.009475
45,548,0.0096
55,548,0.00961
65,548,0.008988
70,548,0.008186
75,548,0.007451
0,550,0.008723
15,550,0.009378
25,550,0.009462
35,550,0.009482
45,550,0.009595
55,550,0.009623
65,550,0.008932
70,550,0.008182
75,550,0.007472
0,552,0.009129
15,552,0.009257
25,552,0.009487
35,552,0.009514
45,552,0.009599
55,552,0.009632
65,552,0.008886
70,552,0.008193
75,552,0.0075
0,554,0.009384
15,554,0.009164
25,554,0.009459
35,554,0.009558
45,554,0.009611
55,554,0.009636
65,554,0.008855
70,554,0.008216
75,554,0.007528
0,556,0.009387
15,556,0.009167
25,556,0.009402
35,556,0.0096
45,556,0.00963
55,556,0.009635
65,556,0.008841
70,556,0.008246
75,556,0.007558
0,558,0.00925
15,558,0.009254
25,558,0.009352
35,558,0.009625
45,558,0.009653
55,558,0.009633
65,558,0.008843
70,558,0.008278
75,558,0.007586
0,560,0.009131
15,560,0.009365
25,560,0.009333
35,560,0.009627
45,560,0.009673
55,560,0.009622
65,560,0.00886
70,560,0.008308
75,560,0.007611
0,562,0.009115
15,562,0.009432
25,562,0.009358
35,562,0.00961
45,562,0.009686
55,562,0.009604
65,562,0.008889
70,562,0.008334
75,562,0.007635
0,564,0.0092
15,564,0.009423
25,564,0.009416
35,564,0.009581
45,564,0.009693
55,564,0.009578
65,564,0.008923
70,564,0.008356
75,564,0.007656
0,566,0.009324
15,566,0.009354
25,566,0.009488
35,566,0.009556
45,566,0.009694
55,566,0.009547
65,566,0.008957
70,566,0.008372
75,566,0.007672
0,568,0.009411
15,568,0.00927
25,568,0.009545
35,568,0.009548
45,568,0.009693
55,568,0.009515
65,568,0.008984
70,568,0.008382
75,568,0.007688
0,570,0.009418
15,570,0.009213
25,570,0.00957
35,570,0.009556
45,570,0.009691
55,570,0.009489
65,570,0.009003
70,570,0.00839
75,570,0.007704
0,572,0.009352
15,572,0.009212
25,572,0.009562
35,572,0.009579
45,572,0.009689
55,572,0.009472
65,572,0.009011
70,572,0.008401
75,572,0.007717
0,574,0.009254
15,574,0.009268
25,574,0.009528
35,574,0.009611
45,574,0.009692
55,574,0.009467
65,574,0.009013
70,574,0.008411
75,574,0.007722
0,576,0.009178
15,576,0.009358
25,576,0.00949
35,576,0.00964
45,576,0.009696
55,576,0.009475
65,576,0.009011
70,576,0.008425
75,576,0.00772
0,578,0.009162
15,578,0.009451
25,578,0.009464
35,578,0.009658
45,578,0.009697
55,578,0.009494
65,578,0.00901
70,578,0.008437
75,578,0.007706
0,580,0.009208
15,580,0.009513
25,580,0.009462
35,580,0.009661
45,580,0.009695
55,580,0.009521
65,580,0.009013
70,580,0.008443
75,580,0.007682
0,582,0.009301
15,582,0.009532
25,582,0.009483
35,582,0.009652
45,582,0.009688
55,582,0.009549
65,582,0.00902
70,582,0.00844
75,582,0.007648
0,584,0.009406
15,584,0.009507
25,584,0.00952
35,584,0.009635
45,584,0.009675
55,584,0.009572
65,584,0.009031
70,584,0.008427
75,584,0.00761
0,586,0.009489
15,586,0.00946
25,586,0.009559
35,586,0.009618
45,586,0.009658
55,586,0.009589
65,586,0.009044
70,586,0.008402
75,586,0.007574
0,588,0.009525
15,588,0.009415
25,588,0.009586
35,588,0.009611
45,588,0.009637
55,588,0.009595
65,588,0.009053
70,588,0.00837
75,588,0.007545
0,590,0.009512
15,590,0.00939
25,590,0.009595
35,590,0.009614
45,590,0.009622
55,590,0.009592
65,590,0.009054
70,590,0.008334
75,590,0.007526
0,592,0.009466
15,592,0.009394
25,592,0.009582
35,592,0.009626
45,592,0.009614
55,592,0.009582
65,592,0.009046
70,592,0.008301
75,592,0.007521
0,594,0.009413
15,594,0.009424
25,594,0.009555
35,594,0.009645
45,594,0.009613
55,594,0.00957
65,594,0.00903
70,594,0.008275
75,594,0.007529
0,596,0.009374
15,596,0.00947
25,596,0.009524
35,596,0.009665
45,596,0.009621
55,596,0.00956
65,596,0.009003
70,596,0.008261
75,596,0.007548
0,598,0.009367
15,598,0.009512
25,598,0.0095
35,598,0.009677
45,598,0.009636
55,598,0.009555
65,598,0.008973
70,598,0.00826
75,598,0.007574
0,600,0.00939
15,600,0.009535
25,600,0.009491
35,600,0.009679
45,600,0.009652
55,600,0.009556
65,600,0.008944
70,600,0.008273
75,600,0.007601
0,602,0.009433
15,602,0.009534
25,602,0.0095
35,602,0.009669
45,602,0.009669
55,602,0.009562
65,602,0.008921
70,602,0.008296
75,602,0.007626
0,604,0.00948
15,604,0.009508
25,604,0.009525
35,604,0.009648
45,604,0.009683
55,604,0.009571
65,604,0.008907
70,604,0.008323
75,604,0.007643
0,606,0.009512
15,606,0.009464
25,606,0.009558
35,606,0.009622
45,606,0.009689
55,606,0.009581
65,606,0.008906
70,606,0.008351
75,606,0.007647
0,608,0.009518
15,608,0.009418
25,608,0.009591
35,608,0.009598
45,608,0.009691
55,608,0.009586
65,608,0.008918
70,608,0.008375
75,608,0.00764
0,610,0.009497
15,610,0.009386
25,610,0.009614
35,610,0.009581
45,610,0.009688
55,610,0.009586
65,610,0.008939
70,610,0.008389
75,610,0.007622
0,612,0.009452
15,612,0.009376
25,612,0.009622
35,612,0.009574
45,612,0.009679
55,612,0.00958
65,612,0.008964
70,612,0.008392
75,612,0.007596
0,614,0.0094
15,614,0.009392
25,614,0.009612
35,614,0.009576
45,614,0.009669
55,614,0.009569
65,614,0.00899
70,614,0.008382
75,614,0.007569
0,616,0.009355
15,616,0.009429
25,616,0.009588
35,616,0.009591
45,616,0.00966
55,616,0.009554
65,616,0.009013
70,616,0.008361
75,616,0.007544
0,618,0.009331
15,618,0.009478
25,618,0.009555
35,618,0.009611
45,618,0.009655
55,618,0.009538
65,618,0.009027
70,618,0.008336
75,618,0.007524
0,620,0.009333
15,620,0.009527
25,620,0.009524
35,620,0.00963
45,620,0.009654
55,620,0.009523
65,620,0.00903
70,620,0.00831
75,620,0.007514
0,622,0.009365
15,622,0.009564
25,622,0.009498
35,622,0.009648
45,622,0.009657
55,622,0.009513
65,622,0.009023
70,622,0.008285
75,622,0.007517
0,624,0.009417
15,624,0.009583
25,624,0.009484
35,624,0.009658
45,624,0.00966
55,624,0.009509
65,624,0.009007
70,624,0.008268
75,624,0.007527
0,626,0.009475
15,626,0.009578
25,626,0.009485
35,626,0.009659
45,626,0.009666
55,626,0.009511
65,626,0.008986
70,626,0.008261
75,626,0.007544
0,628,0.00953
15,628,0.009552
25,628,0.009498
35,628,0.009652
45,628,0.009673
55,628,0.00952
65,628,0.008963
70,628,0.008263
75,628,0.007565
0,630,0.009565
15,630,0.009511
25,630,0.00952
35,630,0.009638
45,630,0.009676
55,630,0.009535
65,630,0.00894
70,630,0.008275
75,630,0.007587
0,632,0.009577
15,632,0.009469
25,632,0.009547
35,632,0.009622
45,632,0.009674
55,632,0.009551
65,632,0.008924
70,632,0.008294
75,632,0.007604
0,634,0.009564
15,634,0.009433
25,634,0.009569
35,634,0.009606
45,634,0.00967
55,634,0.009568
65,634,0.008915
70,634,0.008314
75,634,0.007615
0,636,0.009529
15,636,0.00941
25,636,0.009582
35,636,0.009596
45,636,0.009662
55,636,0.009581
65,636,0.008915
70,636,0.008336
75,636,0.007619
0,638,0.009483
15,638,0.009405
25,638,0.009584
35,638,0.009591
45,638,0.009653
55,638,0.00959
65,638,0.008924
70,638,0.008354
75,638,0.007614
0,640,0.009438
15,640,0.009415
25,640,0.009576
35,640,0.009594
45,640,0.009644
55,640,0.009592
65,640,0.008939
70,640,0.008365
75,640,0.0076
0,642,0.0094
15,642,0.009437
25,642,0.009559
35,642,0.009603
45,642,0.009637
55,642,0.009586
65,642,0.008958
70,642,0.008368
75,642,0.007581
0,644,0.009377
15,644,0.009466
25,644,0.009537
35,644,0.009617
45,644,0.009634
55,644,0.009577
65,644,0.008979
70,644,0.008362
75,644,0.007562
0,646,0.009375
15,646,0.009495
25,646,0.009514
35,646,0.009631
45,646,0.009634
55,646,0.009564
65,646,0.008997
70,646,0.00835
75,646,0.007543
0,648,0.009391
15,648,0.009516
25,648,0.009495
35,648,0.009642
45,648,0.009639
55,648,0.00955
65,648,0.00901
70,648,0.008331
75,648,0.007531
0,650,0.009417
15,650,0.009524
25,650,0.009486
35,650,0.00965
45,650,0.009647
55,650,0.009538
65,650,0.009016
70,650,0.008313
75,650,0.007526
0,652,0.009448
15,652,0.009518
25,652,0.009487
35,652,0.009652
45,652,0.009654
55,652,0.009529
65,652,0.009015
70,652,0.008296
75,652,0.007528
0,654,0.009476
15,654,0.009498
25,654,0.009497
35,654,0.009649
45,654,0.009664
55,654,0.009524
65,654,0.009008
70,654,0.008283
75,654,0.007539
0,656,0.009495
15,656,0.009471
25,656,0.009515
35,656,0.009641
45,656,0.009674
55,656,0.009524
65,656,0.008995
70,656,0.008279
75,656,0.007558
0,658,0.009501
15,658,0.009442
25,658,0.009536
35,658,0.009628
45,658,0.00968
55,658,0.00953
65,658,0.008979
70,658,0.008283
75,658,0.007582
0,660,0.009492
15,660,0.009415
25,660,0.009557
35,660,0.009615
45,660,0.009685
55,660,0.009541
65,660,0.008963
70,660,0.008294
75,660,0.00761
0,662,0.009469
15,662,0.009397
25,662,0.009573
35,662,0.009604
45,662,0.009685
55,662,0.009555
65,662,0.008952
70,662,0.008312
75,662,0.007638
0,664,0.009438
15,664,0.009391
25,664,0.009583
35,664,0.009595
45,664,0.00968
55,664,0.009567
65,664,0.008944
70,664,0.008334
75,664,0.007662
0,666,0.009405
15,666,0.009399
25,666,0.009584
35,666,0.009591
45,666,0.009673
55,666,0.009578
65,666,0.008941
70,666,0.008359
75,666,0.00768
0,668,0.009378
15,668,0.009416
25,668,0.009579
35,668,0.009594
45,668,0.009665
55,668,0.00959
65,668,0.008946
70,668,0.008385
75,668,0.00769
0,670,0.009359
15,670,0.00944
25,670,0.009567
35,670,0.009603
45,670,0.009659
55,670,0.009596
65,670,0.008959
70,670,0.008409
75,670,0.007692
0,672,0.009353
15,672,0.009468
25,672,0.009551
35,672,0.009618
45,672,0.009651
55,672,0.009598
65,672,0.008975
70,672,0.008427
75,672,0.007685
0,674,0.00936
15,674,0.009497
25,674,0.009534
35,674,0.009631
45,674,0.009647
55,674,0.009597
65,674,0.008995
70,674,0.008436
75,674,0.007673
0,676,0.00938
15,676,0.00952
25,676,0.009521
35,676,0.009643
45,676,0.009649
55,676,0.009592
65,676,0.009017
70,676,0.008438
75,676,0.007654
0,678,0.00941
15,678,0.009534
25,678,0.009512
35,678,0.009654
45,678,0.009652
55,678,0.009585
65,678,0.00904
70,678,0.008431
75,678,0.007633
0,680,0.009443
15,680,0.009537
25,680,0.00951
35,680,0.00966
45,680,0.009657
55,680,0.009578
65,680,0.009057
70,680,0.008419
75,680,0.007614
0,682,0.009475
15,682,0.009529
25,682,0.009514
35,682,0.009661
45,682,0.009664
55,682,0.009571
65,682,0.009067
70,682,0.008402
75,682,0.007596
0,684,0.009501
15,684,0.009514
25,684,0.009523
35,684,0.009658
45,684,0.009671
55,684,0.009565
65,684,0.009074
70,684,0.008382
75,684,0.007582
0,686,0.009516
15,686,0.009496
25,686,0.009537
35,686,0.009651
45,686,0.009681
55,686,0.009563
65,686,0.009074
70,686,0.008363
75,686,0.007573
0,688,0.009522
15,688,0.009477
25,688,0.009553
35,688,0.00964
45,688,0.009689
55,688,0.009563
65,688,0.009065
70,688,0.008346
75,688,0.007572
0,690,0.009516
15,690,0.009458
25,690,0.009569
35,690,0.009628
45,690,0.009696
55,690,0.009566
65,690,0.009055
70,690,0.008334
75,690,0.007579
0,692,0.009499
15,692,0.009444
25,692,0.00958
35,692,0.009616
45,692,0.009701
55,692,0.009574
65,692,0.009041
70,692,0.008326
75,692,0.007592
0,694,0.009481
15,694,0.009439
25,694,0.009591
35,694,0.009607
45,694,0.009704
55,694,0.009584
65,694,0.009023
70,694,0.008325
75,694,0.007608
0,696,0.009459
15,696,0.009444
25,696,0.009594
35,696,0.009601
45,696,0.009706
55,696,0.009594
65,696,0.009008
70,696,0.008329
75,696,0.007625
0,698,0.00944
15,698,0.009454
25,698,0.009588
35,698,0.009601
45,698,0.009704
55,698,0.009603
65,698,0.008995
70,698,0.008338
75,698,0.007645
0,700,0.009426
15,700,0.009471
25,700,0.009583
35,700,0.009603
45,700,0.009701
55,700,0.009613
65,700,0.008985
70,700,0.008352
75,700,0.007664
0,702,0.00942
15,702,0.009491
25,702,0.00957
35,702,0.009609
45,702,0.009698
55,702,0.00962
65,702,0.00898
70,702,0.00837
75,702,0.007679
0,704,0.00942
15,704,0.00951
25,704,0.009554
35,704,0.009621
45,704,0.009694
55,704,0.009625
65,704,0.00898
70,704,0.008388
75,704,0.007691
0,706,0.00943
15,706,0.009528
25,706,0.009539
35,706,0.009633
45,706,0.009692
55,706,0.009629
65,706,0.008985
70,706,0.008407
75,706,0.0077
0,708,0.009446
15,708,0.009539
25,708,0.009525
35,708,0.009647
45,708,0.009691
55,708,0.009627
65,708,0.008992
70,708,0.008423
75,708,0.007702
0,710,0.009466
15,710,0.009543
25,710,0.009516
35,710,0.009659
45,710,0.009691
55,710,0.009624
65,710,0.009004
70,710,0.008434
75,710,0.007699
0,712,0.009486
15,712,0.009538
25,712,0.009513
35,712,0.009669
45,712,0.009692
55,712,0.00962
65,712,0.009018
70,712,0.008444
75,712,0.007692
0,714,0.009505
15,714,0.009529
25,714,0.009515
35,714,0.009677
45,714,0.009697
55,714,0.009612
65,714,0.009033
70,714,0.008447
75,714,0.007682
0,716,0.00952
15,716,0.009516
25,716,0.009523
35,716,0.009681
45,716,0.009701
55,716,0.009603
65,716,0.009047
70,716,0.008445
75,716,0.007669
0,718,0.009529
15,718,0.0095
25,718,0.009532
35,718,0.009681
45,718,0.009706
55,718,0.009597
65,718,0.009061
70,718,0.008439
75,718,0.007656
0,720,0.009528
15,720,0.00948
25,720,0.009547
35,720,0.009681
45,720,0.009711
55,720,0.009592
65,720,0.009073
70,720,0.008431
75,720,0.007645
0,722,0.00952
15,722,0.009461
25,722,0.009564
35,722,0.009676
45,722,0.009717
55,722,0.009587
65,722,0.009079
70,722,0.00842
75,722,0.007637
0,724,0.009505
15,724,0.00945
25,724,0.009579
35,724,0.009671
45,724,0.009721
55,724,0.009583
65,724,0.009082
70,724,0.008409
75,724,0.007632
0,726,0.009487
15,726,0.009443
25,726,0.009593
35,726,0.009663
45,726,0.009723
55,726,0.00958
65,726,0.009083
70,726,0.008398
75,726,0.007631
0,728,0.009466
15,728,0.009442
25,728,0.009603
35,728,0.009661
45,728,0.009723
55,728,0.009585
65,728,0.009077
70,728,0.008391
75,728,0.007635
0,730,0.009446
15,730,0.009446
25,730,0.009608
35,730,0.009656
45,730,0.00972
55,730,0.009588
65,730,0.00907
70,730,0.008385
75,730,0.007641
0,732,0.00943
15,732,0.009457
25,732,0.009612
35,732,0.009654
45,732,0.009717
55,732,0.009595
65,732,0.009062
70,732,0.008381
75,732,0.007652
0,734,0.00942
15,734,0.009474
25,734,0.009612
35,734,0.009657
45,734,0.009713
55,734,0.009602
65,734,0.009054
70,734,0.008383
75,734,0.007666
0,736,0.009416
15,736,0.009492
25,736,0.009608
35,736,0.009658
45,736,0.00971
55,736,0.009611
65,736,0.009045
70,736,0.008386
75,736,0.007682
0,738,0.009419
15,738,0.009511
25,738,0.009602
35,738,0.009661
45,738,0.009704
55,738,0.009619
65,738,0.009039
70,738,0.008395
75,738,0.007696
0,740,0.009427
15,740,0.00953
25,740,0.009595
35,740,0.00967
45,740,0.0097
55,740,0.009624
65,740,0.009034
70,740,0.008408
75,740,0.007712
0,742,0.009444
15,742,0.009543
25,742,0.009585
35,742,0.009679
45,742,0.009696
55,742,0.009631
65,742,0.009031
70,742,0.008422
75,742,0.007725
0,744,0.009464
15,744,0.009553
25,744,0.009579
35,744,0.009687
45,744,0.009694
55,744,0.009639
65,744,0.00903
70,744,0.008435
75,744,0.007735
0,746,0.009481
15,746,0.00956
25,746,0.009574
35,746,0.009694
45,746,0.009691
55,746,0.009643
65,746,0.009034
70,746,0.008449
75,746,0.007741
0,748,0.009501
15,748,0.009561
25,748,0.009572
35,748,0.009698
45,748,0.009693
55,748,0.009643
65,748,0.009042
70,748,0.008461
75,748,0.007743
0,750,0.009519
15,750,0.009556
25,750,0.009574
35,750,0.0097
45,750,0.009692
55,750,0.00964
65,750,0.009049
70,750,0.008471
75,750,0.007741
0,752,0.009532
15,752,0.00955
25,752,0.009579
35,752,0.0097
45,752,0.009696
55,752,0.009638
65,752,0.009059
70,752,0.008479
75,752,0.007734
0,754,0.009541
15,754,0.00954
25,754,0.009584
35,754,0.009696
45,754,0.0097
55,754,0.009635
65,754,0.009069
70,754,0.008485
75,754,0.007725
0,756,0.009543
15,756,0.00953
25,756,0.009594
35,756,0.00969
45,756,0.009704
55,756,0.009632
65,756,0.009082
70,756,0.008485
75,756,0.007713
0,758,0.009543
15,758,0.00952
25,758,0.009603
35,758,0.009684
45,758,0.009711
55,758,0.009627
65,758,0.009093
70,758,0.008482
75,758,0.0077
0,760,0.009537
15,760,0.009513
25,760,0.009611
35,760,0.009674
45,760,0.009714
55,760,0.009625
65,760,0.009101
70,760,0.008476
75,760,0.007682
0,762,0.009529
15,762,0.009509
25,762,0.009622
35,762,0.009662
45,762,0.009718
55,762,0.009621
65,762,0.009109
70,762,0.008467
75,762,0.007666
0,764,0.009517
15,764,0.009506
25,764,0.009627
35,764,0.009652
45,764,0.009725
55,764,0.009617
65,764,0.009116
70,764,0.008454
75,764,0.007651
0,766,0.009504
15,766,0.009509
25,766,0.009629
35,766,0.009645
45,766,0.009727
55,766,0.009619
65,766,0.009116
70,766,0.008441
75,766,0.007638
0,768,0.009496
15,768,0.009514
25,768,0.009629
35,768,0.009642
45,768,0.009727
55,768,0.009619
65,768,0.009114
70,768,0.008427
75,768,0.007627
0,770,0.009485
15,770,0.00952
25,770,0.009626
35,770,0.009636
45,770,0.009731
55,770,0.009621
65,770,0.009109
70,770,0.008414
75,770,0.007618
0,772,0.00948
15,772,0.009532
25,772,0.009617
35,772,0.009637
45,772,0.009731
55,772,0.009621
65,772,0.009103
70,772,0.008399
75,772,0.007612
0,774,0.009482
15,774,0.009544
25,774,0.009606
35,774,0.00964
45,774,0.009731
55,774,0.009625
65,774,0.009096
70,774,0.008387
75,774,0.007609
0,776,0.009483
15,776,0.009556
25,776,0.009597
35,776,0.009642
45,776,0.00973
55,776,0.00963
65,776,0.009083
70,776,0.008379
75,776,0.007609
0,778,0.00949
15,778,0.009563
25,778,0.009586
35,778,0.009645
45,778,0.009727
55,778,0.009633
65,778,0.009074
70,778,0.008371
75,778,0.007613
0,780,0.0095
15,780,0.009569
25,780,0.009571
35,780,0.009655
45,780,0.009724
55,780,0.009641
65,780,0.009063
70,780,0.008366
75,780,0.007618
0,782,0.009514
15,782,0.009574
25,782,0.00956
35,782,0.00966
45,782,0.009722
55,782,0.009645
65,782,0.00905
70,782,0.008365
75,782,0.007625
0,784,0.009524
15,784,0.009574
25,784,0.009552
35,784,0.009669
45,784,0.009721
55,784,0.009647
65,784,0.009042
70,784,0.008368
75,784,0.007636
0,786,0.009534
15,786,0.009568
25,786,0.009545
35,786,0.009677
45,786,0.009718
55,786,0.009651
65,786,0.009034
70,786,0.008371
75,786,0.007647
0,788,0.009547
15,788,0.009564
25,788,0.009545
35,788,0.009687
45,788,0.009715
55,788,0.009658
65,788,0.009028
70,788,0.008377
75,788,0.00766
0,790,0.009555
15,790,0.009555
25,790,0.009545
35,790,0.009692
45,790,0.009716
55,790,0.009655
65,790,0.009022
70,790,0.008386
75,790,0.007672
0,792,0.009556
15,792,0.009538
25,792,0.009548
35,792,0.009695
45,792,0.009716
55,792,0.009656
65,792,0.009021
70,792,0.008396
75,792,0.007683
0,794,0.009558
15,794,0.009524
25,794,0.009552
35,794,0.009698
45,794,0.009718
55,794,0.009655
65,794,0.009022
70,794,0.008407
75,794,0.007688
0,796,0.00955
15,796,0.009509
25,796,0.00956
35,796,0.009701
45,796,0.009716
55,796,0.009656
65,796,0.009026
70,796,0.008416
75,796,0.007695
0,798,0.009539
15,798,0.009495
25,798,0.009572
35,798,0.009698
45,798,0.009721
55,798,0.009654
65,798,0.00903
70,798,0.008427
75,798,0.007704
0,800,0.009527
15,800,0.009483
25,800,0.009583
35,800,0.009697
45,800,0.009721
55,800,0.00965
65,800,0.009037
70,800,0.008437
75,800,0.007706
0,802,0.009512
15,802,0.009478
25,802,0.009594
35,802,0.009691
45,802,0.009726
55,802,0.009645
65,802,0.009043
70,802,0.008443
75,802,0.007706
0,804,0.009497
15,804,0.009472
25,804,0.009606
35,804,0.009685
45,804,0.009731
55,804,0.009639
65,804,0.009053
70,804,0.008452
75,804,0.007707
0,806,0.009482
15,806,0.00947
25,806,0.009614
35,806,0.00968
45,806,0.009731
55,806,0.009633
65,806,0.009065
70,806,0.008456
75,806,0.007708
0,808,0.009469
15,808,0.009471
25,808,0.009618
35,808,0.009677
45,808,0.009731
55,808,0.009629
65,808,0.009072
70,808,0.008462
75,808,0.007705
0,810,0.009455
15,810,0.009476
25,810,0.009623
35,810,0.009668
45,810,0.009733
55,810,0.009624
65,810,0.009077
70,810,0.008463
75,810,0.007704
0,812,0.009449
15,812,0.009489
25,812,0.009628
35,812,0.009667
45,812,0.009735
55,812,0.009628
65,812,0.009093
70,812,0.00847
75,812,0.00772
0,814,0.009447
15,814,0.009498
25,814,0.009627
35,814,0.009665
45,814,0.009735
55,814,0.009627
65,814,0.009099
70,814,0.008474
75,814,0.007722
0,816,0.009446
15,816,0.009509
25,816,0.009626
35,816,0.00966
45,816,0.009736
55,816,0.009625
65,816,0.009104
70,816,0.008476
75,816,0.007721
0,818,0.009449
15,818,0.009522
25,818,0.009616
35,818,0.00966
45,818,0.009729
55,818,0.009625
65,818,0.009111
70,818,0.008473
75,818,0.007723
0,820,0.009452
15,820,0.009538
25,820,0.009611
35,820,0.009662
45,820,0.009728
55,820,0.009627
65,820,0.009111
70,820,0.008471
75,820,0.007721
0,822,0.009463
15,822,0.009549
25,822,0.009606
35,822,0.009661
45,822,0.009732
55,822,0.009629
65,822,0.009112
70,822,0.008467
75,822,0.007727
0,824,0.009473
15,824,0.009561
25,824,0.009597
35,824,0.009666
45,824,0.009726
55,824,0.009634
65,824,0.009115
70,824,0.008469
75,824,0.00773
0,826,0.009485
15,826,0.009564
25,826,0.009592
35,826,0.009672
45,826,0.009727
55,826,0.009641
65,826,0.009114
70,826,0.008469
75,826,0.007738
0,828,0.009497
15,828,0.009573
25,828,0.009586
35,828,0.009679
45,828,0.009725
55,828,0.009643
65,828,0.009118
70,828,0.008473
75,828,0.007743
0,830,0.009514
15,830,0.009574
25,830,0.009579
35,830,0.00968
45,830,0.009726
55,830,0.00965
65,830,0.009117
70,830,0.008475
75,830,0.00775
0,832,0.009523
15,832,0.009575
25,832,0.009573
35,832,0.009691
45,832,0.009728
55,832,0.009658
65,832,0.009115
70,832,0.008477
75,832,0.007763
0,834,0.009533
15,834,0.009568
25,834,0.009574
35,834,0.009689
45,834,0.009724
55,834,0.00966
65,834,0.009113
70,834,0.008486
75,834,0.007774
0,836,0.009544
15,836,0.00956
25,836,0.009576
35,836,0.009694
45,836,0.009726
55,836,0.009664
65,836,0.009113
70,836,0.008492
75,836,0.00779
0,838,0.009552
15,838,0.009554
25,838,0.009581
35,838,0.009697
45,838,0.009729
55,838,0.009669
65,838,0.009112
70,838,0.0085
75,838,0.007799
0,840,0.00955
15,840,0.009542
25,840,0.009579
35,840,0.009699
45,840,0.009732
55,840,0.009677
65,840,0.009115
70,840,0.008514
75,840,0.007808
0,842,0.009551
15,842,0.009533
25,842,0.009586
35,842,0.009697
45,842,0.009734
55,842,0.009673
65,842,0.00912
70,842,0.008522
75,842,0.007821
0,844,0.009543
15,844,0.009526
25,844,0.009586
35,844,0.009698
45,844,0.009738
55,844,0.00968
65,844,0.009127
70,844,0.008528
75,844,0.007832
0,846,0.00954
15,846,0.009525
25,846,0.00959
35,846,0.009688
45,846,0.009739
55,846,0.009678
65,846,0.009128
70,846,0.008543
75,846,0.007837
0,848,0.009532
15,848,0.009504
25,848,0.00961
35,848,0.009694
45,848,0.00974
55,848,0.009685
65,848,0.009133
70,848,0.008555
75,848,0.007847
0,850,0.009515
15,850,0.009504
25,850,0.009603
35,850,0.009689
45,850,0.009748
55,850,0.009687
65,850,0.009137
70,850,0.008564
75,850,0.007847
0,852,0.009494
15,852,0.009504
25,852,0.009612
35,852,0.009676
45,852,0.00975
55,852,0.009682
65,852,0.009147
70,852,0.00857
75,852,0.007862
0,854,0.009484
15,854,0.009491
25,854,0.009612
35,854,0.009671
45,854,0.00975
55,854,0.00968
65,854,0.009166
70,854,0.008583
75,854,0.00787
0,856,0.009482
15,856,0.009507
25,856,0.009617
35,856,0.009673
45,856,0.009752
55,856,0.009694
65,856,0.00917
70,856,0.008589
75,856,0.007868
0,858,0.009486
15,858,0.009504
25,858,0.009627
35,858,0.009673
45,858,0.009756
55,858,0.009687
65,858,0.009163
70,858,0.008591
75,858,0.007862
0,860,0.00947
15,860,0.00951
25,860,0.009604
35,860,0.009673
45,860,0.009762
55,860,0.009684
65,860,0.009185
70,860,0.008603
75,860,0.007852
0,862,0.009464
15,862,0.0095
25,862,0.009623
35,862,0.009645
45,862,0.009763
55,862,0.009691
65,862,0.009193
70,862,0.008605
75,862,0.00785
0,864,0.009465
15,864,0.00953
25,864,0.009611
35,864,0.009666
45,864,0.009754
55,864,0.009681
65,864,0.0092
70,864,0.008603
75,864,0.007851
0,866,0.009454
15,866,0.009535
25,866,0.009597
35,866,0.009655
45,866,0.009753
55,866,0.009703
65,866,0.009197
70,866,0.00861
75,866,0.007839
0,868,0.009471
15,868,0.009536
25,868,0.009618
35,868,0.00964
45,868,0.009747
55,868,0.009677
65,868,0.009194
70,868,0.008597
75,868,0.007834
0,870,0.009473
15,870,0.009554
25,870,0.009587
35,870,0.009661
45,870,0.009747
55,870,0.009697
65,870,0.009203
70,870,0.008592
75,870,0.007832
0,872,0.009474
15,872,0.00954
25,872,0.009598
35,872,0.009677
45,872,0.009757
55,872,0.009675
65,872,0.009196
70,872,0.00859
75,872,0.007819
0,874,0.00948
15,874,0.009553
25,874,0.009536
35,874,0.009658
45,874,0.009739
55,874,0.009669
65,874,0.009226
70,874,0.00857
75,874,0.007806
0,876,0.009461
15,876,0.009555
25,876,0.009558
35,876,0.00966
45,876,0.009758
55,876,0.009666
65,876,0.009213
70,876,0.008575
75,876,0.007795
0,878,0.009488
15,878,0.009537
25,878,0.009555
35,878,0.009677
45,878,0.009748
55,878,0.009704
65,878,0.009203
70,878,0.008567
75,878,0.007793
0,880,0.009486
15,880,0.009546
25,880,0.009544
35,880,0.009674
45,880,0.009734
55,880,0.009684
65,880,0.009214
70,880,0.008566
75,880,0.007776
0,882,0.009514
15,882,0.00949
25,882,0.009542
35,882,0.00968
45,882,0.00974
55,882,0.009677
65,882,0.009222
70,882,0.008573
75,882,0.007777
0,884,0.00947
15,884,0.009488
25,884,0.009566
35,884,0.009669
45,884,0.009734
55,884,0.009701
65,884,0.009241
70,884,0.008554
75,884,0.007773
0,886,0.009493
15,886,0.009531
25,886,0.009567
35,886,0.009695
45,886,0.009708
55,886,0.009707
65,886,0.009212
70,886,0.008558
75,886,0.007779
0,888,0.009489
15,888,0.009454
25,888,0.009473
35,888,0.009665
45,888,0.009726
55,888,0.009712
65,888,0.009201
70,888,0.008513
75,888,0.007796
0,890,0.0095
15,890,0.009466
25,890,0.00953
35,890,0.009717
45,890,0.00972
55,890,0.009674
65,890,0.009181
70,890,0.008508
75,890,0.007764
0,892,0.009488
15,892,0.009481
25,892,0.009535
35,892,0.009749
45,892,0.009704
55,892,0.009713
65,892,0.009185
70,892,0.008537
75,892,0.007796
0,894,0.00948
15,894,0.009491
25,894,0.009593
35,894,0.009667
45,894,0.009747
55,894,0.009719
65,894,0.009136
70,894,0.008505
75,894,0.007777
0,896,0.009453
15,896,0.009499
25,896,0.00954
35,896,0.009709
45,896,0.009737
55,896,0.009678
65,896,0.009132
70,896,0.008541
75,896,0.007767
0,898,0.009487
15,898,0.009481
25,898,0.009579
35,898,0.009671
45,898,0.009722
55,898,0.00963
65,898,0.009162
70,898,0.00848
75,898,0.007759
0,900,0.00948
15,900,0.009461
25,900,0.00955
35,900,0.00967
45,900,0.009699
55,900,0.009691
65,900,0.009137
70,900,0.008494
75,900,0.007811
