0,250,0
15,250,0
25,250,0
35,250,0
45,250,0
55,250,0
65,250,0
70,250,0
75,250,0
0,252,0
15,252,0
25,252,0
35,252,0
45,252,0
55,252,0
65,252,0
70,252,0
75,252,0
0,254,0
15,254,0
25,254,0
35,254,0
45,254,0
55,254,0
65,254,0
70,254,0
75,254,0
0,256,0
15,256,0
25,256,0
35,256,0
45,256,0
55,256,0
65,256,0
70,256,0
75,256,0
0,258,0
15,258,0
25,258,0
35,258,0
45,258,0
55,258,0
65,258,0
70,258,0
75,258,0
0,260,0
15,260,0
25,260,0
35,260,0
45,260,0
55,260,0
65,260,0
70,260,0
75,260,0
0,262,0
15,262,0
25,262,0
35,262,0
45,262,0
55,262,0
65,262,0
70,262,0
75,262,0
0,264,0
15,264,0
25,264,0
35,264,0
45,264,0
55,264,0
65,264,0
70,264,0
75,264,0
0,266,0
15,266,0
25,266,0
35,266,0
45,266,0
55,266,0
65,266,0
70,266,0
75,266,0
0,268,0
15,268,0
25,268,0
35,268,0
45,268,0
55,268,0
65,268,0
70,268,0
75,268,0
0,270,0
15,270,0
25,270,0
35,270,0
45,270,0
55,270,0
65,270,0
70,270,0
75,270,0
0,272,0
15,272,0
25,272,0
35,272,0
45,272,0
55,272,0
65,272,0
70,272,0
75,272,0
0,274,0
15,274,0
25,274,0
35,274,0
45,274,0
55,274,0
65,274,0
70,274,0
75,274,0
0,276,0
15,276,0
25,276,0
35,276,0
45,276,0
55,276,0
65,276,0
70,276,0
75,276,0
0,278,0
15,278,0
25,278,0
35,278,0
45,278,0
55,278,0
65,278,0
70,278,0
75,278,0
0,280,0
15,280,0
25,280,0
35,280,0
45,280,0
55,280,0
65,280,0
70,280,0
75,280,0
0,282,0
15,282,0
25,282,0
35,282,0
45,282,0
55,282,0
65,282,0
70,282,0
75,282,0
0,284,0
15,284,0
25,284,0
35,284,0
45,284,0
55,284,0
65,284,0
70,284,0
75,284,0
0,286,0
15,286,0
25,286,0
35,286,0
45,286,0
55,286,0
65,286,0
70,286,0
75,286,0
0,288,0
15,288,0
25,288,0
35,288,0
45,288,0
55,288,0
65,288,0
70,288,0
75,288,0
0,290,0
15,290,0
25,290,0
35,290,0
45,290,0
55,290,0
65,290,0
70,290,0
75,290,0
0,292,0
15,292,0
25,292,0
35,292,0
45,292,0
55,292,0
65,292,0
70,292,0
75,292,0
0,294,0
15,294,0
25,294,0
35,294,0
45,294,0
55,294,0
65,294,0
70,294,0
75,294,0
0,296,0
15,296,0
25,296,0
35,296,0
45,296,0
55,296,0
65,296,0
70,296,0
75,296,0
0,298,0
15,298,0
25,298,0
35,298,0
45,298,0
55,298,0
65,298,0
70,298,0
75,298,0
0,300,0
15,300,0
25,300,0
35,300,0
45,300,0
55,300,0
65,300,0
70,300,0
75,300,0
0,302,0
15,302,0
25,302,0
35,302,0
45,302,0
55,302,0
65,302,0
70,302,0
75,302,0
0,304,0
15,304,0
25,304,0
35,304,0
45,304,0
55,304,0
65,304,0
70,304,0
75,304,0
0,306,0
15,306,0
25,306,0
35,306,0
45,306,0
55,306,0
65,306,0
70,306,0
75,306,0
0,308,0
15,308,0
25,308,0
35,308,0
45,308,0
55,308,0
65,308,0
70,308,0
75,308,0
0,310,0
15,310,0
25,310,0
35,310,0
45,310,0
55,310,0
65,310,0
70,310,0
75,310,0
0,312,0
15,312,0
25,312,0
35,312,0
45,312,0
55,312,0
65,312,0
70,312,0
75,312,0
0,314,0
15,314,0
25,314,0
35,314,0
45,314,0
55,314,0
65,314,0
70,314,0
75,314,0
0,316,0
15,316,0
25,316,0
35,316,0
45,316,0
55,316,0
65,316,0
70,316,0
75,316,0
0,318,0
15,318,0
25,318,0
35,318,0
45,318,0
55,318,0
65,318,0
70,318,0
75,318,0
0,320,8.9E-05
15,320,3.1E-05
25,320,1.3E-05
35,320,6E-06
45,320,3E-06
55,320,2E-06
65,320,2E-06
70,320,2E-06
75,320,2E-06
0,322,8.5E-05
15,322,3.2E-05
25,322,1.4E-05
35,322,5E-06
45,322,3E-06
55,322,2E-06
65,322,2E-06
70,322,2E-06
75,322,2E-06
0,324,7.3E-05
15,324,3.4E-05
25,324,1.2E-05
35,324,5E-06
45,324,3E-06
55,324,2E-06
65,324,2E-06
70,324,2E-06
75,324,2E-06
0,326,7.2E-05
15,326,2.7E-05
25,326,1.1E-05
35,326,5E-06
45,326,3E-06
55,326,2E-06
65,326,2E-06
70,326,2E-06
75,326,2E-06
0,328,6.2E-05
15,328,2.3E-05
25,328,1E-05
35,328,4E-06
45,328,2E-06
55,328,2E-06
65,328,1E-06
70,328,1E-06
75,328,1E-06
0,330,6E-05
15,330,2.3E-05
25,330,9E-06
35,330,4E-06
45,330,2E-06
55,330,2E-06
65,330,1E-06
70,330,1E-06
75,330,1E-06
0,332,5.5E-05
15,332,2.3E-05
25,332,8E-06
35,332,4E-06
45,332,2E-06
55,332,1E-06
65,332,1E-06
70,332,1E-06
75,332,1E-06
0,334,4.6E-05
15,334,1.8E-05
25,334,8E-06
35,334,3E-06
45,334,2E-06
55,334,1E-06
65,334,1E-06
70,334,1E-06
75,334,2E-06
0,336,4.6E-05
15,336,1.7E-05
25,336,7E-06
35,336,4E-06
45,336,2E-06
55,336,2E-06
65,336,2E-06
70,336,2E-06
75,336,2E-06
0,338,4E-05
15,338,1.6E-05
25,338,7E-06
35,338,5E-06
45,338,3E-06
55,338,2E-06
65,338,3E-06
70,338,3E-06
75,338,4E-06
0,340,3.6E-05
15,340,1.8E-05
25,340,1E-05
35,340,7E-06
45,340,4E-06
55,340,4E-06
65,340,6E-06
70,340,7E-06
75,340,7E-06
0,342,3.7E-05
15,342,1.8E-05
25,342,1.4E-05
35,342,1.3E-05
45,342,6E-06
55,342,9E-06
65,342,1.4E-05
70,342,1.5E-05
75,342,1.5E-05
0,344,4.8E-05
15,344,2.7E-05
25,344,2.8E-05
35,344,2.2E-05
45,344,1.2E-05
55,344,2.2E-05
65,344,2.9E-05
70,344,3E-05
75,344,3.1E-05
0,346,5.3E-05
15,346,4.8E-05
25,346,5.8E-05
35,346,3.7E-05
45,346,2.3E-05
55,346,4.8E-05
65,346,5.6E-05
70,346,5.8E-05
75,346,6.1E-05
0,348,8.2E-05
15,348,9.5E-05
25,348,0.000113
35,348,5.8E-05
45,348,4.9E-05
55,348,9.8E-05
65,348,0.000103
70,348,0.000109
75,348,0.000115
0,350,0.000157
15,350,0.000193
25,350,0.000198
35,350,9.8E-05
45,350,0.000105
55,350,0.000181
65,350,0.000176
70,350,0.00019
75,350,0.000201
0,352,0.000303
15,352,0.000346
25,352,0.000297
35,352,0.000172
45,352,0.000217
55,352,0.000304
65,352,0.000287
70,352,0.000316
75,352,0.000333
0,354,0.000528
15,354,0.000574
25,354,0.000401
35,354,0.000282
45,354,0.000412
55,354,0.000467
65,354,0.000448
70,354,0.000501
75,354,0.00052
0,356,0.000867
15,356,0.000887
25,356,0.000544
35,356,0.000421
45,356,0.000699
55,356,0.00066
65,356,0.00067
70,356,0.000753
75,356,0.000766
0,358,0.001279
15,358,0.001221
25,358,0.000818
35,358,0.000631
45,358,0.001081
55,358,0.000878
65,358,0.000954
70,358,0.001071
75,358,0.001073
0,360,0.001806
15,360,0.001474
25,360,0.001232
35,360,0.001019
45,360,0.001532
55,360,0.00114
65,360,0.001308
70,360,0.00143
75,360,0.001437
0,362,0.00235
15,362,0.001778
25,362,0.001619
35,362,0.001661
45,362,0.00201
55,362,0.001469
65,362,0.001735
70,362,0.00182
75,362,0.001844
0,364,0.002772
15,364,0.002351
25,364,0.001945
35,364,0.002455
45,364,0.002489
55,364,0.001858
65,364,0.0022
70,364,0.002242
75,364,0.002268
0,366,0.00315
15,366,0.003161
25,366,0.002439
35,366,0.003203
45,366,0.002945
55,366,0.002264
65,366,0.002643
70,366,0.002672
75,366,0.002684
0,368,0.003841
15,368,0.00377
25,368,0.003275
35,368,0.003914
45,368,0.003343
55,368,0.002672
65,368,0.003035
70,368,0.003035
75,368,0.003053
0,370,0.004697
15,370,0.004117
25,370,0.004296
35,370,0.004616
45,370,0.003654
55,370,0.003119
65,370,0.003391
70,370,0.003266
75,370,0.003338
0,372,0.00533
15,372,0.004563
25,372,0.005144
35,372,0.00526
45,372,0.003839
55,372,0.003624
65,372,0.003686
70,372,0.003363
75,372,0.003554
0,374,0.005664
15,374,0.005294
25,374,0.005704
35,374,0.005809
45,374,0.003988
55,374,0.004115
65,374,0.003792
70,374,0.00338
75,374,0.003763
0,376,0.006025
15,376,0.00611
25,376,0.006147
35,376,0.006245
45,376,0.004234
55,376,0.004464
65,376,0.003618
70,376,0.00339
75,376,0.004012
0,378,0.00671
15,378,0.006767
25,378,0.006606
35,378,0.006574
45,378,0.004541
55,378,0.004671
65,378,0.00324
70,378,0.003467
75,378,0.004255
0,380,0.007277
15,380,0.007208
25,380,0.007079
35,380,0.006814
45,380,0.004818
55,380,0.004848
65,380,0.002819
70,380,0.003652
75,380,0.004382
0,382,0.007619
15,382,0.007458
25,382,0.007453
35,382,0.006911
45,382,0.005008
55,382,0.004928
65,382,0.002534
70,382,0.003839
75,382,0.004284
0,384,0.00788
15,384,0.007654
25,384,0.007758
35,384,0.00693
45,384,0.005237
55,384,0.004698
65,384,0.002401
70,384,0.003931
75,384,0.004069
0,386,0.008139
15,386,0.007851
25,386,0.007985
35,386,0.006975
45,386,0.005536
55,386,0.003969
65,386,0.002407
70,386,0.003828
75,386,0.003895
0,388,0.008345
15,388,0.008081
25,388,0.00817
35,388,0.007124
45,388,0.005838
55,388,0.002966
65,388,0.002514
70,388,0.003554
75,388,0.003888
0,390,0.00842
15,390,0.008325
25,390,0.008297
35,390,0.00738
45,390,0.006007
55,390,0.002091
65,390,0.002635
70,390,0.003235
75,390,0.004085
0,392,0.008465
15,392,0.008539
25,392,0.008363
35,392,0.007693
45,392,0.006034
55,392,0.001504
65,392,0.002673
70,392,0.002998
75,392,0.004459
0,394,0.008598
15,394,0.008666
25,394,0.008332
35,394,0.007937
45,394,0.006037
55,394,0.001161
65,394,0.00256
70,394,0.002916
75,394,0.004927
0,396,0.00882
15,396,0.008714
25,396,0.008224
35,396,0.008009
45,396,0.006068
55,396,0.000978
65,396,0.00231
70,396,0.003016
75,396,0.005362
0,398,0.008995
15,398,0.008774
25,398,0.00817
35,398,0.007876
45,398,0.005898
55,398,0.000903
65,398,0.002018
70,398,0.003288
75,398,0.005652
0,400,0.009088
15,400,0.008849
25,400,0.008216
35,400,0.007637
45,400,0.005092
55,400,0.0009
65,400,0.001772
70,400,0.003692
75,400,0.005784
0,402,0.009094
15,402,0.008924
25,402,0.008367
35,402,0.007432
45,402,0.003653
55,402,0.00095
65,402,0.001618
70,402,0.004161
75,402,0.005826
0,404,0.009054
15,404,0.008906
25,404,0.008568
35,404,0.007299
45,404,0.002223
55,404,0.001026
65,404,0.001568
70,404,0.004603
75,404,0.005874
0,406,0.009115
15,406,0.008834
25,406,0.008729
35,406,0.007164
45,406,0.001279
55,406,0.001089
65,406,0.001625
70,406,0.004936
75,406,0.006002
0,408,0.009217
15,408,0.00877
25,408,0.008805
35,408,0.006993
45,408,0.000774
55,408,0.001093
65,408,0.001785
70,408,0.005127
75,408,0.00622
0,410,0.009264
15,410,0.008788
25,410,0.00883
35,410,0.006856
45,410,0.000513
55,410,0.001018
65,410,0.002044
70,410,0.00522
75,410,0.00648
0,412,0.00925
15,412,0.008862
25,412,0.00882
35,412,0.006849
45,412,0.000371
55,412,0.000881
65,412,0.002378
70,412,0.005296
75,412,0.006708
0,414,0.009217
15,414,0.008997
25,414,0.008807
35,414,0.006847
45,414,0.000292
55,414,0.00073
65,414,0.002744
70,414,0.005434
75,414,0.006843
0,416,0.009178
15,416,0.009107
25,416,0.008761
35,416,0.006365
45,416,0.000249
55,416,0.000603
65,416,0.003076
70,416,0.005673
75,416,0.006859
0,418,0.009206
15,418,0.00915
25,418,0.008658
35,418,0.004958
45,418,0.00023
55,418,0.000516
65,418,0.003314
70,418,0.006
75,418,0.006777
0,420,0.009276
15,420,0.009136
25,420,0.008421
35,420,0.003101
45,420,0.000229
55,420,0.000469
65,420,0.003444
70,420,0.006359
75,420,0.00666
0,422,0.009352
15,422,0.00913
25,422,0.008055
35,422,0.001676
45,422,0.000243
55,422,0.000454
65,422,0.003497
70,422,0.006688
75,422,0.006566
0,424,0.009432
15,424,0.009153
25,424,0.007683
35,424,0.000884
45,424,0.000271
55,424,0.000469
65,424,0.003537
70,424,0.006933
75,424,0.006538
0,426,0.009423
15,426,0.009139
25,426,0.007318
35,426,0.000494
45,426,0.000309
55,426,0.000515
65,426,0.003633
70,426,0.007061
75,426,0.006587
0,428,0.00939
15,428,0.009108
25,428,0.006447
35,428,0.0003
45,428,0.000347
55,428,0.000595
65,428,0.003833
70,428,0.007082
75,428,0.006688
0,430,0.009363
15,430,0.009083
25,430,0.004749
35,430,0.000199
45,430,0.000367
55,430,0.000708
65,430,0.004159
70,430,0.00704
75,430,0.0068
0,432,0.009362
15,432,0.009063
25,432,0.002854
35,432,0.000141
45,432,0.000355
55,432,0.000848
65,432,0.004605
70,432,0.006986
75,432,0.006884
0,434,0.009368
15,434,0.008913
25,434,0.001513
35,434,0.000107
45,434,0.000309
55,434,0.001002
65,434,0.005145
70,434,0.006963
75,434,0.006907
0,436,0.009357
15,436,0.008283
25,436,0.000792
35,436,8.6E-05
45,436,0.000247
55,436,0.001137
65,436,0.005721
70,436,0.006991
75,436,0.006857
0,438,0.009374
15,438,0.006835
25,438,0.000439
35,438,7.4E-05
45,438,0.000191
55,438,0.001223
65,438,0.006258
70,438,0.007047
75,438,0.006755
0,440,0.009378
15,440,0.004736
25,440,0.000261
35,440,6.7E-05
45,440,0.000151
55,440,0.001248
65,440,0.006705
70,440,0.007092
75,440,0.006632
0,442,0.009157
15,442,0.002767
25,442,0.000166
35,442,6.4E-05
45,442,0.000126
55,442,0.001222
65,442,0.00703
70,442,0.007082
75,442,0.006518
0,444,0.008172
15,444,0.001482
25,444,0.000116
35,444,6.7E-05
45,444,0.000112
55,444,0.001175
65,444,0.007229
70,444,0.006986
75,444,0.006447
0,446,0.006182
15,446,0.000799
25,446,9E-05
35,446,7.6E-05
45,446,0.000107
55,446,0.001151
65,446,0.007387
70,446,0.00686
75,446,0.006496
0,448,0.003927
15,448,0.000461
25,448,7.2E-05
35,448,8.9E-05
45,448,0.000108
55,448,0.001179
65,448,0.007552
70,448,0.006727
75,448,0.006672
0,450,0.00223
15,450,0.000287
25,450,6.1E-05
35,450,0.000108
45,450,0.000116
55,450,0.001264
65,450,0.007691
70,450,0.006558
75,450,0.006902
0,452,0.001244
15,452,0.000196
25,452,5.6E-05
35,452,0.000133
45,452,0.000132
55,452,0.001429
65,452,0.007812
70,452,0.006403
75,452,0.007173
0,454,0.000721
15,454,0.000143
25,454,5.2E-05
35,454,0.000158
45,454,0.000156
55,454,0.001704
65,454,0.007881
70,454,0.006305
75,454,0.007464
0,456,0.000444
15,456,0.000111
25,456,5E-05
35,456,0.000171
45,456,0.000192
55,456,0.002115
65,456,0.00784
70,456,0.006291
75,456,0.007739
0,458,0.000294
15,458,8.9E-05
25,458,4.9E-05
35,458,0.000162
45,458,0.000237
55,458,0.002678
65,458,0.007642
70,458,0.006374
75,458,0.00796
0,460,0.000201
15,460,6.9E-05
25,460,4.7E-05
35,460,0.000133
45,460,0.000289
55,460,0.003399
65,460,0.007269
70,460,0.006545
75,460,0.008106
0,462,0.000131
15,462,5.1E-05
25,462,4.6E-05
35,462,0.0001
45,462,0.000337
55,462,0.004244
65,462,0.006749
70,462,0.006783
75,462,0.008166
0,464,7.7E-05
15,464,3.3E-05
25,464,4.6E-05
35,464,7.2E-05
45,464,0.00037
55,464,0.005151
65,464,0.00614
70,464,0.007058
75,464,0.008144
0,466,3.3E-05
15,466,1.7E-05
25,466,5.1E-05
35,466,5.2E-05
45,466,0.000376
55,466,0.006017
65,466,0.005522
70,466,0.007336
75,466,0.008053
0,468,4E-06
15,468,6E-06
25,468,6.2E-05
35,468,4E-05
45,468,0.000354
55,468,0.006714
65,468,0.004978
70,468,0.007566
75,468,0.007922
0,470,0
15,470,0
25,470,7.7E-05
35,470,3.2E-05
45,470,0.000316
55,470,0.007181
65,470,0.00454
70,470,0.00771
75,470,0.007777
0,472,0
15,472,0
25,472,9.1E-05
35,472,2.8E-05
45,472,0.000277
55,472,0.007409
65,472,0.004219
70,472,0.007745
75,472,0.007636
0,474,0
15,474,0
25,474,9.2E-05
35,474,2.6E-05
45,474,0.000247
55,474,0.007434
65,474,0.004011
70,474,0.007661
75,474,0.007509
0,476,0
15,476,0
25,476,7.7E-05
35,476,2.5E-05
45,476,0.000228
55,476,0.007305
65,476,0.00391
70,476,0.007457
75,476,0.007399
0,478,0
15,478,0
25,478,5.2E-05
35,478,2.6E-05
45,478,0.00022
55,478,0.00705
65,478,0.003897
70,478,0.007158
75,478,0.007292
0,480,0
15,480,3E-06
25,480,3.1E-05
35,480,2.8E-05
45,480,0.000223
55,480,0.006622
65,480,0.003938
70,480,0.006776
75,480,0.007155
0,482,0
15,482,2.4E-05
25,482,2.4E-05
35,482,3.6E-05
45,482,0.000239
55,482,0.005991
65,482,0.004005
70,482,0.006336
75,482,0.006969
0,484,1.7E-05
15,484,5.6E-05
25,484,2.4E-05
35,484,4.8E-05
45,484,0.000273
55,484,0.005231
65,484,0.004132
70,484,0.005966
75,484,0.006831
0,486,3.6E-05
15,486,7.9E-05
25,486,2.3E-05
35,486,6.2E-05
45,486,0.000334
55,486,0.004434
65,486,0.004336
70,486,0.005746
75,486,0.006803
0,488,5.5E-05
15,488,9.1E-05
25,488,2.3E-05
35,488,7.9E-05
45,488,0.000431
55,488,0.003644
65,488,0.004565
70,488,0.005645
75,488,0.006838
0,490,7.8E-05
15,490,8.7E-05
25,490,2.6E-05
35,490,9.9E-05
45,490,0.000577
55,490,0.002937
65,490,0.004788
70,490,0.005653
75,490,0.006922
0,492,0.000105
15,492,7.7E-05
25,492,2.9E-05
35,492,0.000117
45,492,0.000783
55,492,0.002366
65,492,0.004975
70,492,0.005762
75,492,0.007047
0,494,0.000135
15,494,7.1E-05
25,494,3.3E-05
35,494,0.000127
45,494,0.00105
55,494,0.001936
65,494,0.005105
70,494,0.005965
75,494,0.007204
0,496,0.000161
15,496,7E-05
25,496,3.8E-05
35,496,0.000123
45,496,0.001351
55,496,0.001632
65,496,0.005159
70,496,0.006244
75,496,0.007385
0,498,0.000172
15,498,6.9E-05
25,498,4.2E-05
35,498,0.000111
45,498,0.001618
55,498,0.001429
65,498,0.005123
70,498,0.006573
75,498,0.00757
0,500,0.000162
15,500,6.6E-05
25,500,4.6E-05
35,500,9.6E-05
45,500,0.001776
55,500,0.001297
65,500,0.005008
70,500,0.006928
75,500,0.007748
0,502,0.000134
15,502,5.7E-05
25,502,4.9E-05
35,502,8.3E-05
45,502,0.001794
55,502,0.001217
65,502,0.004834
70,502,0.007287
75,502,0.00791
0,504,9.9E-05
15,504,4.5E-05
25,504,5.2E-05
35,504,7.2E-05
45,504,0.001718
55,504,0.001179
65,504,0.004632
70,504,0.007634
75,504,0.008056
0,506,6.4E-05
15,506,3.2E-05
25,506,5.7E-05
35,506,6.4E-05
45,506,0.001632
55,506,0.001176
65,506,0.004436
70,506,0.00795
75,506,0.008187
0,508,3.2E-05
15,508,1.9E-05
25,508,6.4E-05
35,508,6E-05
45,508,0.001596
55,508,0.001208
65,508,0.004275
70,508,0.008217
75,508,0.008298
0,510,7E-06
15,510,8E-06
25,510,7.2E-05
35,510,5.8E-05
45,510,0.001622
55,510,0.001273
65,510,0.004162
70,510,0.008428
75,510,0.008391
0,512,0
15,512,0
25,512,7.3E-05
35,512,6E-05
45,512,0.001696
55,512,0.001369
65,512,0.004104
70,512,0.00858
75,512,0.00846
0,514,0
15,514,0
25,514,6.5E-05
35,514,6.6E-05
45,514,0.001797
55,514,0.001499
65,514,0.004103
70,514,0.008678
75,514,0.008503
0,516,0
15,516,0
25,516,5.2E-05
35,516,7.8E-05
45,516,0.001903
55,516,0.001657
65,516,0.004158
70,516,0.00872
75,516,0.008513
0,518,0
15,518,0
25,518,4E-05
35,518,9.9E-05
45,518,0.001976
55,518,0.00183
65,518,0.004267
70,518,0.008717
75,518,0.008489
0,520,0
15,520,2E-06
25,520,3E-05
35,520,0.000132
45,520,0.001975
55,520,0.002006
65,520,0.004426
70,520,0.008679
75,520,0.00843
0,522,0
15,522,1E-05
25,522,2.3E-05
35,522,0.000178
45,522,0.001863
55,522,0.002169
65,522,0.00463
70,522,0.008616
75,522,0.008342
0,524,0
15,524,2.2E-05
25,524,1.9E-05
35,524,0.000235
45,524,0.00163
55,524,0.0023
65,524,0.004877
70,524,0.008537
75,524,0.008233
0,526,0
15,526,3.2E-05
25,526,1.8E-05
35,526,0.000289
45,526,0.001312
55,526,0.002381
65,526,0.00516
70,526,0.00845
75,526,0.008105
0,528,0
15,528,3.6E-05
25,528,1.8E-05
35,528,0.000317
45,528,0.000989
55,528,0.002401
65,528,0.005463
70,528,0.008365
75,528,0.007973
0,530,0
15,530,3.2E-05
25,530,1.9E-05
35,530,0.000299
45,530,0.000723
55,530,0.002358
65,530,0.00578
70,530,0.008282
75,530,0.007843
0,532,0
15,532,2.4E-05
25,532,2.2E-05
35,532,0.000244
45,532,0.000533
55,532,0.002255
65,532,0.006101
70,532,0.008204
75,532,0.007721
0,534,6E-06
15,534,1.7E-05
25,534,2.7E-05
35,534,0.000183
45,534,0.000406
55,534,0.002106
65,534,0.006416
70,534,0.008136
75,534,0.007611
0,536,1.8E-05
15,536,1.2E-05
25,536,3.4E-05
35,536,0.000137
45,536,0.000323
55,536,0.001929
65,536,0.006712
70,536,0.008073
75,536,0.007519
0,538,2.6E-05
15,538,9E-06
25,538,4.4E-05
35,538,0.000108
45,538,0.000268
55,538,0.001751
65,538,0.006975
70,538,0.008019
75,538,0.007449
0,540,2.3E-05
15,540,8E-06
25,540,6E-05
35,540,8.9E-05
45,540,0.000231
55,540,0.001587
65,540,0.007201
70,540,0.007972
75,540,0.007399
0,542,1.7E-05
15,542,7E-06
25,542,8.3E-05
35,542,7.8E-05
45,542,0.000207
55,542,0.001449
65,542,0.007384
70,542,0.00793
75,542,0.007369
0,544,1.1E-05
15,544,7E-06
25,544,0.000112
35,544,7.2E-05
45,544,0.000192
55,544,0.00134
65,544,0.007521
70,544,0.007891
75,544,0.007357
0,546,7E-06
15,546,8E-06
25,546,0.000133
35,546,7E-05
45,546,0.000183
55,546,0.001261
65,546,0.007613
70,546,0.007854
75,546,0.007359
0,548,4E-06
15,548,1.1E-05
25,548,0.00013
35,548,7.1E-05
45,548,0.000181
55,548,0.001211
65,548,0.007661
70,548,0.007819
75,548,0.007372
0,550,2E-06
15,550,1.4E-05
25,550,0.000104
35,550,7.6E-05
45,550,0.000183
55,550,0.001187
65,550,0.007673
70,550,0.007786
75,550,0.007393
0,552,2E-06
15,552,1.9E-05
25,552,7.2E-05
35,552,8.6E-05
45,552,0.000191
55,552,0.001186
65,552,0.007658
70,552,0.007757
75,552,0.007415
0,554,2E-06
15,554,2.6E-05
25,554,4.9E-05
35,554,0.000102
45,554,0.000204
55,554,0.001208
65,554,0.007627
70,554,0.007729
75,554,0.007433
0,556,3E-06
15,556,3.8E-05
25,556,3.4E-05
35,556,0.000128
45,556,0.000224
55,556,0.001254
65,556,0.007585
70,556,0.007702
75,556,0.007442
0,558,4E-06
15,558,5.5E-05
25,558,2.5E-05
35,558,0.000164
45,558,0.000252
55,558,0.001325
65,558,0.007544
70,558,0.007678
75,558,0.007441
0,560,8E-06
15,560,7.5E-05
25,560,2E-05
35,560,0.000211
45,560,0.000289
55,560,0.001423
65,560,0.007509
70,560,0.007658
75,560,0.007429
0,562,1.9E-05
15,562,8.7E-05
25,562,1.9E-05
35,562,0.000267
45,562,0.000336
55,562,0.001552
65,562,0.007485
70,562,0.007641
75,562,0.007403
0,564,2.6E-05
15,564,7.8E-05
25,564,1.7E-05
35,564,0.000327
45,564,0.000393
55,564,0.001716
65,564,0.007475
70,564,0.007628
75,564,0.007366
0,566,3.2E-05
15,566,5.5E-05
25,566,1.5E-05
35,566,0.000381
45,566,0.000459
55,566,0.001923
65,566,0.007476
70,566,0.00762
75,566,0.007317
0,568,4.4E-05
15,568,3.6E-05
25,568,1.4E-05
35,568,0.000404
45,568,0.000533
55,568,0.002172
65,568,0.007487
70,568,0.007616
75,568,0.007262
0,570,6.3E-05
15,570,2.4E-05
25,570,1.4E-05
35,570,0.000372
45,570,0.00061
55,570,0.002469
65,570,0.007505
70,570,0.007614
75,570,0.007202
0,572,7.8E-05
15,572,1.7E-05
25,572,1.3E-05
35,572,0.000295
45,572,0.000685
55,572,0.002816
65,572,0.007529
70,572,0.007612
75,572,0.007139
0,574,7.2E-05
15,574,1.3E-05
25,574,1.4E-05
35,574,0.000212
45,574,0.000746
55,574,0.003212
65,574,0.007558
70,574,0.007612
75,574,0.007078
0,576,5.1E-05
15,576,1E-05
25,576,1.5E-05
35,576,0.00015
45,576,0.000783
55,576,0.003647
65,576,0.007585
70,576,0.007614
75,576,0.007023
0,578,3.2E-05
15,578,8E-06
25,578,1.6E-05
35,578,0.00011
45,578,0.000787
55,578,0.004111
65,578,0.00761
70,578,0.007616
75,578,0.006974
0,580,2.2E-05
15,580,6E-06
25,580,1.9E-05
35,580,8.5E-05
45,580,0.000756
55,580,0.004591
65,580,0.007631
70,580,0.007618
75,580,0.006936
0,582,1.4E-05
15,582,6E-06
25,582,2.2E-05
35,582,6.8E-05
45,582,0.000697
55,582,0.005067
65,582,0.007645
70,582,0.00762
75,582,0.006908
0,584,1E-05
15,584,5E-06
25,584,2.7E-05
35,584,5.8E-05
45,584,0.000622
55,584,0.005518
65,584,0.007655
70,584,0.00762
75,584,0.006891
0,586,8E-06
15,586,5E-06
25,586,3.5E-05
35,586,5.1E-05
45,586,0.000546
55,586,0.005919
65,586,0.007658
70,586,0.007617
75,586,0.006887
0,588,7E-06
15,588,5E-06
25,588,4.8E-05
35,588,4.6E-05
45,588,0.000479
55,588,0.006256
65,588,0.007653
70,588,0.007614
75,588,0.006896
0,590,6E-06
15,590,5E-06
25,590,7E-05
35,590,4.3E-05
45,590,0.000424
55,590,0.006515
65,590,0.007645
70,590,0.007611
75,590,0.006917
0,592,4E-06
15,592,5E-06
25,592,0.000102
35,592,4.2E-05
45,592,0.000381
55,592,0.006686
65,592,0.007632
70,592,0.007608
75,592,0.006947
0,594,4E-06
15,594,5E-06
25,594,0.000143
35,594,4.2E-05
45,594,0.000349
55,594,0.006771
65,594,0.007616
70,594,0.007604
75,594,0.006984
0,596,4E-06
15,596,5E-06
25,596,0.000184
35,596,4.3E-05
45,596,0.000327
55,596,0.006784
65,596,0.0076
70,596,0.0076
75,596,0.007028
0,598,3E-06
15,598,5E-06
25,598,0.000209
35,598,4.4E-05
45,598,0.000312
55,598,0.006744
65,598,0.007584
70,598,0.007596
75,598,0.007075
0,600,4E-06
15,600,6E-06
25,600,0.000197
35,600,4.6E-05
45,600,0.000304
55,600,0.006672
65,600,0.00757
70,600,0.007592
75,600,0.007123
0,602,4E-06
15,602,7E-06
25,602,0.000153
35,602,4.8E-05
45,602,0.000302
55,602,0.006593
65,602,0.007557
70,602,0.007591
75,602,0.007172
0,604,3E-06
15,604,8E-06
25,604,0.000106
35,604,5.2E-05
45,604,0.000305
55,604,0.006524
65,604,0.007548
70,604,0.007593
75,604,0.007216
0,606,2E-06
15,606,9E-06
25,606,7.3E-05
35,606,5.8E-05
45,606,0.000314
55,606,0.006479
65,606,0.007543
70,606,0.007597
75,606,0.007254
0,608,3E-06
15,608,1.1E-05
25,608,5.4E-05
35,608,6.7E-05
45,608,0.000329
55,608,0.006463
65,608,0.007543
70,608,0.007601
75,608,0.007287
0,610,3E-06
15,610,1.5E-05
25,610,4.4E-05
35,610,7.8E-05
45,610,0.00035
55,610,0.00648
65,610,0.007547
70,610,0.007605
75,610,0.00731
0,612,4E-06
15,612,2E-05
25,612,3.8E-05
35,612,9.4E-05
45,612,0.000378
55,612,0.006527
65,612,0.007555
70,612,0.007613
75,612,0.007322
0,614,4E-06
15,614,2.9E-05
25,614,3.5E-05
35,614,0.000115
45,614,0.000416
55,614,0.0066
65,614,0.007566
70,614,0.007622
75,614,0.007328
0,616,3E-06
15,616,4.4E-05
25,616,3.2E-05
35,616,0.000143
45,616,0.000466
55,616,0.006695
65,616,0.007581
70,616,0.007632
75,616,0.007326
0,618,4E-06
15,618,7.1E-05
25,618,2.8E-05
35,618,0.000177
45,618,0.000528
55,618,0.006805
65,618,0.007599
70,618,0.007644
75,618,0.007322
0,620,5E-06
15,620,0.00011
25,620,2.4E-05
35,620,0.000218
45,620,0.000608
55,620,0.006925
65,620,0.007618
70,620,0.007656
75,620,0.00732
0,622,7E-06
15,622,0.000143
25,622,2.2E-05
35,622,0.000263
45,622,0.000709
55,622,0.007049
65,622,0.007639
70,622,0.007668
75,622,0.007308
0,624,7E-06
15,624,0.000145
25,624,2.1E-05
35,624,0.000309
45,624,0.000838
55,624,0.007166
65,624,0.007664
70,624,0.007681
75,624,0.007283
0,626,8E-06
15,626,0.000117
25,626,2E-05
35,626,0.000348
45,626,0.001002
55,626,0.007266
65,626,0.007687
70,626,0.007699
75,626,0.007246
0,628,1.2E-05
15,628,8.6E-05
25,628,2E-05
35,628,0.00037
45,628,0.001207
55,628,0.007352
65,628,0.007711
70,628,0.007723
75,628,0.007205
0,630,1.8E-05
15,630,6.5E-05
25,630,2.1E-05
35,630,0.000368
45,630,0.001463
55,630,0.007416
65,630,0.007733
70,630,0.007745
75,630,0.007166
0,632,2.7E-05
15,632,4.8E-05
25,632,2.2E-05
35,632,0.000341
45,632,0.001775
55,632,0.007452
65,632,0.007756
70,632,0.007755
75,632,0.007137
0,634,4.4E-05
15,634,3.5E-05
25,634,2.4E-05
35,634,0.0003
45,634,0.002147
55,634,0.007464
65,634,0.007777
70,634,0.007758
75,634,0.007117
0,636,7.7E-05
15,636,2.6E-05
25,636,2.6E-05
35,636,0.000256
45,636,0.002582
55,636,0.00745
65,636,0.007797
70,636,0.007753
75,636,0.007101
0,638,0.000121
15,638,2.1E-05
25,638,2.9E-05
35,638,0.000218
45,638,0.003078
55,638,0.007409
65,638,0.00782
70,638,0.007742
75,638,0.007091
0,640,0.000145
15,640,1.7E-05
25,640,3.3E-05
35,640,0.000187
45,640,0.003627
55,640,0.007347
65,640,0.00785
70,640,0.007734
75,640,0.007092
0,642,0.000122
15,642,1.4E-05
25,642,3.9E-05
35,642,0.000164
45,642,0.004203
55,642,0.007269
65,642,0.007883
70,642,0.007729
75,642,0.007098
0,644,8.2E-05
15,644,1.3E-05
25,644,4.7E-05
35,644,0.000146
45,644,0.004768
55,644,0.007178
65,644,0.00791
70,644,0.007726
75,644,0.00711
0,646,5.4E-05
15,646,1.4E-05
25,646,5.7E-05
35,646,0.000134
45,646,0.005275
55,646,0.007083
65,646,0.007928
70,646,0.007724
75,646,0.007129
0,648,3.6E-05
15,648,1.3E-05
25,648,7.1E-05
35,648,0.000127
45,648,0.005675
55,648,0.006991
65,648,0.007937
70,648,0.007723
75,648,0.007151
0,650,2.6E-05
15,650,1.2E-05
25,650,9.2E-05
35,650,0.000122
45,650,0.00593
55,650,0.006904
65,650,0.007937
70,650,0.007722
75,650,0.007179
0,652,1.9E-05
15,652,1.2E-05
25,652,0.000118
35,652,0.00012
45,652,0.006032
55,652,0.006824
65,652,0.007932
70,652,0.007721
75,652,0.007211
0,654,1.4E-05
15,654,1.3E-05
25,654,0.000151
35,654,0.000118
45,654,0.005993
55,654,0.006755
65,654,0.007929
70,654,0.007722
75,654,0.007247
0,656,1.2E-05
15,656,1.3E-05
25,656,0.000189
35,656,0.000115
45,656,0.005853
55,656,0.006701
65,656,0.007933
70,656,0.007726
75,656,0.007286
0,658,1E-05
15,658,1.4E-05
25,658,0.000227
35,658,0.000113
45,658,0.005667
55,658,0.006665
65,658,0.00794
70,658,0.007729
75,658,0.007329
0,660,1.1E-05
15,660,1.6E-05
25,660,0.000255
35,660,0.000114
45,660,0.005482
55,660,0.00665
65,660,0.007948
70,660,0.007734
75,660,0.007376
0,662,9E-06
15,662,1.6E-05
25,662,0.000264
35,662,0.000116
45,662,0.005327
55,662,0.006656
65,662,0.00796
70,662,0.007742
75,662,0.007425
0,664,7E-06
15,664,1.9E-05
25,664,0.000252
35,664,0.000121
45,664,0.005219
55,664,0.006685
65,664,0.007971
70,664,0.007752
75,664,0.007478
0,666,7E-06
15,666,2.1E-05
25,666,0.000225
35,666,0.000128
45,666,0.005166
55,666,0.006736
65,666,0.007982
70,666,0.007769
75,666,0.007549
0,668,7E-06
15,668,2.4E-05
25,668,0.000193
35,668,0.000137
45,668,0.005166
55,668,0.006801
65,668,0.007994
70,668,0.007791
75,668,0.007671
0,670,8E-06
15,670,3E-05
25,670,0.000166
35,670,0.000148
45,670,0.005222
55,670,0.006868
65,670,0.008005
70,670,0.007816
75,670,0.007853
0,672,8E-06
15,672,3.7E-05
25,672,0.000145
35,672,0.000164
45,672,0.005329
55,672,0.006933
65,672,0.008017
70,672,0.007855
75,672,0.008011
0,674,8E-06
15,674,4.5E-05
25,674,0.000128
35,674,0.000183
45,674,0.005481
55,674,0.006992
65,674,0.008032
70,674,0.007922
75,674,0.008054
0,676,9E-06
15,676,5.8E-05
25,676,0.000115
35,676,0.000207
45,676,0.005672
55,676,0.007047
65,676,0.008048
70,676,0.008042
75,676,0.007981
0,678,1.1E-05
15,678,7.7E-05
25,678,0.000102
35,678,0.000238
45,678,0.005892
55,678,0.007112
65,678,0.008064
70,678,0.008215
75,678,0.007855
0,680,1.3E-05
15,680,0.000102
25,680,9.1E-05
35,680,0.000277
45,680,0.006137
55,680,0.007191
65,680,0.008082
70,680,0.008373
75,680,0.00775
0,682,1.6E-05
15,682,0.000136
25,682,8.2E-05
35,682,0.000327
45,682,0.006395
55,682,0.007278
65,682,0.008107
70,682,0.008451
75,682,0.007687
0,684,1.8E-05
15,684,0.000172
25,684,7.5E-05
35,684,0.000392
45,684,0.006655
55,684,0.007368
65,684,0.008146
70,684,0.008436
75,684,0.007645
0,686,2.1E-05
15,686,0.000205
25,686,7.1E-05
35,686,0.000477
45,686,0.006902
55,686,0.007455
65,686,0.008208
70,686,0.008349
75,686,0.007617
0,688,2.5E-05
15,688,0.000226
25,688,6.8E-05
35,688,0.000589
45,688,0.007119
55,688,0.00754
65,688,0.00831
70,688,0.008242
75,688,0.007594
0,690,3.3E-05
15,690,0.000226
25,690,6.7E-05
35,690,0.000734
45,690,0.007295
55,690,0.007624
65,690,0.008458
70,690,0.008172
75,690,0.007575
0,692,4.1E-05
15,692,0.000207
25,692,6.7E-05
35,692,0.000927
45,692,0.007419
55,692,0.007702
65,692,0.008604
70,692,0.008142
75,692,0.007558
0,694,5.2E-05
15,694,0.000179
25,694,6.7E-05
35,694,0.001181
45,694,0.007482
55,694,0.007775
65,694,0.008695
70,694,0.008129
75,694,0.007543
0,696,6.8E-05
15,696,0.00015
25,696,6.8E-05
35,696,0.001504
45,696,0.007485
55,696,0.007843
65,696,0.008715
70,696,0.008127
75,696,0.00753
0,698,9E-05
15,698,0.000124
25,698,7.1E-05
35,698,0.001907
45,698,0.007437
55,698,0.007901
65,698,0.008668
70,698,0.008131
75,698,0.00752
0,700,0.000121
15,700,0.000103
25,700,7.4E-05
35,700,0.002397
45,700,0.007343
55,700,0.007953
65,700,0.008571
70,700,0.008141
75,700,0.007514
0,702,0.000159
15,702,8.6E-05
25,702,7.8E-05
35,702,0.002969
45,702,0.007219
55,702,0.008003
65,702,0.008466
70,702,0.008153
75,702,0.007517
0,704,0.000196
15,704,7.5E-05
25,704,8.3E-05
35,704,0.003609
45,704,0.007056
55,704,0.008052
65,704,0.008389
70,704,0.008165
75,704,0.007529
0,706,0.000218
15,706,6.6E-05
25,706,9E-05
35,706,0.004262
45,706,0.006851
55,706,0.008106
65,706,0.008346
70,706,0.008177
75,706,0.007553
0,708,0.000217
15,708,6E-05
25,708,9.9E-05
35,708,0.00484
45,708,0.006614
55,708,0.008169
65,708,0.008322
70,708,0.008193
75,708,0.007593
0,710,0.000192
15,710,5.6E-05
25,710,0.000109
35,710,0.00525
45,710,0.006361
55,710,0.008256
65,710,0.008312
70,710,0.008209
75,710,0.007653
0,712,0.000157
15,712,5.2E-05
25,712,0.000123
35,712,0.005428
45,712,0.006123
55,712,0.008373
65,712,0.008313
70,712,0.00823
75,712,0.007744
0,714,0.000128
15,714,4.9E-05
25,714,0.000139
35,714,0.005376
45,714,0.005921
55,714,0.008504
65,714,0.008318
70,714,0.008257
75,714,0.007871
0,716,0.000105
15,716,4.8E-05
25,716,0.00016
35,716,0.005161
45,716,0.005755
55,716,0.008632
65,716,0.008328
70,716,0.008289
75,716,0.008042
0,718,8.7E-05
15,718,4.7E-05
25,718,0.000186
35,718,0.004871
45,718,0.005622
55,718,0.008722
65,718,0.008341
70,718,0.008333
75,718,0.008236
0,720,7.3E-05
15,720,4.7E-05
25,720,0.000219
35,720,0.004585
45,720,0.005519
55,720,0.008743
65,720,0.008359
70,720,0.008394
75,720,0.008408
0,722,6.5E-05
15,722,4.7E-05
25,722,0.000261
35,722,0.004342
45,722,0.005448
55,722,0.008691
65,722,0.00838
70,722,0.008476
75,722,0.008518
0,724,5.5E-05
15,724,4.8E-05
25,724,0.000315
35,724,0.004161
45,724,0.005408
55,724,0.00859
65,724,0.008404
70,724,0.008587
75,724,0.008547
0,726,4.9E-05
15,726,4.9E-05
25,726,0.000388
35,726,0.004048
45,726,0.005398
55,726,0.008479
65,726,0.008431
70,726,0.008729
75,726,0.008506
0,728,4.5E-05
15,728,5.2E-05
25,728,0.000485
35,728,0.004001
45,728,0.005414
55,728,0.008391
65,728,0.008467
70,728,0.008885
75,728,0.008429
0,730,4.2E-05
15,730,5.7E-05
25,730,0.000615
35,730,0.004021
45,730,0.005457
55,730,0.008333
65,730,0.008508
70,730,0.009027
75,730,0.008351
0,732,4E-05
15,732,6E-05
25,732,0.000792
35,732,0.004104
45,732,0.005527
55,732,0.008297
65,732,0.008559
70,732,0.009135
75,732,0.008284
0,734,3.9E-05
15,734,6.5E-05
25,734,0.001033
35,734,0.004259
45,734,0.005623
55,734,0.008275
65,734,0.008621
70,734,0.009187
75,734,0.008237
0,736,3.9E-05
15,736,7E-05
25,736,0.001357
35,736,0.004476
45,736,0.005746
55,736,0.008266
65,736,0.008695
70,736,0.009179
75,736,0.008214
0,738,3.6E-05
15,738,7.6E-05
25,738,0.001782
35,738,0.004763
45,738,0.005894
55,738,0.008265
65,738,0.008789
70,738,0.009126
75,738,0.00821
0,740,3.4E-05
15,740,8.5E-05
25,740,0.002315
35,740,0.005104
45,740,0.006074
55,740,0.008275
65,740,0.008901
70,740,0.009044
75,740,0.008219
0,742,3.7E-05
15,742,9.6E-05
25,742,0.002943
35,742,0.005482
45,742,0.006283
55,742,0.008292
65,742,0.009027
70,742,0.008958
75,742,0.008234
0,744,3.9E-05
15,744,0.000109
25,744,0.00363
35,744,0.005852
45,744,0.006525
55,744,0.008306
65,744,0.009156
70,744,0.008877
75,744,0.008253
0,746,4.4E-05
15,746,0.000124
25,746,0.004279
35,746,0.006201
45,746,0.006794
55,746,0.008321
65,746,0.009278
70,746,0.00881
75,746,0.008279
0,748,4.3E-05
15,748,0.000145
25,748,0.004788
35,748,0.006548
45,748,0.007087
55,748,0.008345
65,748,0.009375
70,748,0.008761
75,748,0.008308
0,750,4.5E-05
15,750,0.000171
25,750,0.005051
35,750,0.006883
45,750,0.007389
55,750,0.008369
65,750,0.009434
70,750,0.008733
75,750,0.008339
0,752,4.4E-05
15,752,0.000203
25,752,0.005038
35,752,0.007194
45,752,0.007664
55,752,0.008398
65,752,0.009457
70,752,0.008721
75,752,0.008375
0,754,4.9E-05
15,754,0.000243
25,754,0.004827
35,754,0.007463
45,754,0.007885
55,754,0.008428
65,754,0.009438
70,754,0.008716
75,754,0.008414
0,756,5.2E-05
15,756,0.000298
25,756,0.004538
35,756,0.007653
45,756,0.008039
55,756,0.008461
65,756,0.00939
70,756,0.00872
75,756,0.008454
0,758,5.8E-05
15,758,0.000366
25,758,0.004245
35,758,0.007739
45,758,0.008131
55,758,0.008497
65,758,0.009327
70,758,0.00873
75,758,0.008501
0,760,7.3E-05
15,760,0.000463
25,760,0.004023
35,760,0.00771
45,760,0.008197
55,760,0.00854
65,760,0.009257
70,760,0.008752
75,760,0.008548
0,762,8.2E-05
15,762,0.000591
25,762,0.003878
35,762,0.007586
45,762,0.008252
55,762,0.008585
65,762,0.009192
70,762,0.008781
75,762,0.008602
0,764,9E-05
15,764,0.000771
25,764,0.003799
35,764,0.007379
45,764,0.008296
55,764,0.008637
65,764,0.009133
70,764,0.008811
75,764,0.008658
0,766,0.000104
15,766,0.001015
25,766,0.003771
35,766,0.007103
45,766,0.008339
55,766,0.008698
65,766,0.009089
70,766,0.008848
75,766,0.008711
0,768,0.000121
15,768,0.001354
25,768,0.003762
35,768,0.006795
45,768,0.00838
55,768,0.008772
65,768,0.009059
70,768,0.008888
75,768,0.008759
0,770,0.000143
15,770,0.001815
25,770,0.003768
35,770,0.006473
45,770,0.008415
55,770,0.008852
65,770,0.009036
70,770,0.008935
75,770,0.008794
0,772,0.000169
15,772,0.002417
25,772,0.003791
35,772,0.006162
45,772,0.008433
55,772,0.008934
65,772,0.009021
70,772,0.00899
75,772,0.008809
0,774,0.000204
15,774,0.00315
25,774,0.003864
35,774,0.005874
45,774,0.008438
55,774,0.00902
65,774,0.009016
70,774,0.009046
75,774,0.008804
0,776,0.000251
15,776,0.003928
25,776,0.003989
35,776,0.005626
45,776,0.00844
55,776,0.009095
65,776,0.009015
70,776,0.009104
75,776,0.008774
0,778,0.000308
15,778,0.004601
25,778,0.004168
35,778,0.005423
45,778,0.008432
55,778,0.009157
65,778,0.009018
70,778,0.009157
75,778,0.008731
0,780,0.000387
15,780,0.00503
25,780,0.004413
35,780,0.005263
45,780,0.008411
55,780,0.0092
65,780,0.009029
70,780,0.009214
75,780,0.008672
0,782,0.000492
15,782,0.005157
25,782,0.004724
35,782,0.005149
45,782,0.008388
55,782,0.009216
65,782,0.009049
70,782,0.009254
75,782,0.008608
0,784,0.000631
15,784,0.005025
25,784,0.005095
35,784,0.005081
45,784,0.008359
55,784,0.009204
65,784,0.009071
70,784,0.00928
75,784,0.008549
0,786,0.000826
15,786,0.004755
25,786,0.005508
35,786,0.005053
45,786,0.008321
55,786,0.009175
65,786,0.009102
70,786,0.009291
75,786,0.008491
0,788,0.001098
15,788,0.004432
25,788,0.00595
35,788,0.00505
45,788,0.008291
55,788,0.009127
65,788,0.009138
70,788,0.009283
75,788,0.008438
0,790,0.001473
15,790,0.004105
25,790,0.006432
35,790,0.005063
45,790,0.008269
55,790,0.009068
65,790,0.009166
70,790,0.00926
75,790,0.008391
0,792,0.001999
15,792,0.003805
25,792,0.006896
35,792,0.005067
45,792,0.008252
55,792,0.009013
65,792,0.009209
70,792,0.009227
75,792,0.008352
0,794,0.002688
15,794,0.003566
25,794,0.007289
35,794,0.005058
45,794,0.00824
55,794,0.008959
65,794,0.009253
70,794,0.009186
75,794,0.008322
0,796,0.003513
15,796,0.003392
25,796,0.007613
35,796,0.005032
45,796,0.008243
55,796,0.008914
65,796,0.009294
70,796,0.009139
75,796,0.008294
0,798,0.004376
15,798,0.003284
25,798,0.007817
35,798,0.005013
45,798,0.008248
55,798,0.008873
65,798,0.009335
70,798,0.009093
75,798,0.008278
0,800,0.005042
15,800,0.003236
25,800,0.007886
35,800,0.005006
45,800,0.008263
55,800,0.008842
65,800,0.009368
70,800,0.009047
75,800,0.008263
0,802,0.005335
15,802,0.003234
25,802,0.007833
35,802,0.00503
45,802,0.008293
55,802,0.00882
65,802,0.009394
70,802,0.009006
75,802,0.008257
0,804,0.005236
15,804,0.003283
25,804,0.007666
35,804,0.005083
45,804,0.008336
55,804,0.008802
65,804,0.00941
70,804,0.008964
75,804,0.00825
0,806,0.004889
15,806,0.003389
25,806,0.007422
35,806,0.005168
45,806,0.008387
55,806,0.008793
65,806,0.009418
70,806,0.008929
75,806,0.008251
0,808,0.004463
15,808,0.003554
25,808,0.007123
35,808,0.005284
45,808,0.008446
55,808,0.008793
65,808,0.009412
70,808,0.008899
75,808,0.008256
0,810,0.004058
15,810,0.003767
25,810,0.006797
35,810,0.005429
45,810,0.00852
55,810,0.008798
65,810,0.0094
70,810,0.008875
75,810,0.008269
0,812,0.003718
15,812,0.003989
25,812,0.006507
35,812,0.005578
45,812,0.008608
55,812,0.008813
65,812,0.009402
70,812,0.008874
75,812,0.008286
0,814,0.003457
15,814,0.004301
25,814,0.006208
35,814,0.00577
45,814,0.008696
55,814,0.008827
65,814,0.009384
70,814,0.008866
75,814,0.0083
0,816,0.003263
15,816,0.004685
25,816,0.00591
35,816,0.005987
45,816,0.008787
55,816,0.008846
65,816,0.009358
70,816,0.008854
75,816,0.008319
0,818,0.003132
15,818,0.005133
25,818,0.00563
35,818,0.006217
45,818,0.008875
55,818,0.008874
65,818,0.009326
70,818,0.008845
75,818,0.008337
0,820,0.003048
15,820,0.005633
25,820,0.005356
35,820,0.006461
45,820,0.008963
55,820,0.008901
65,820,0.009296
70,820,0.008844
75,820,0.008361
0,822,0.003024
15,822,0.006197
25,822,0.005109
35,822,0.006716
45,822,0.00904
55,822,0.008934
65,822,0.009271
70,822,0.008843
75,822,0.008389
0,824,0.003042
15,824,0.006767
25,824,0.004879
35,824,0.006972
45,824,0.009107
55,824,0.008976
65,824,0.009253
70,824,0.008846
75,824,0.008422
0,826,0.003111
15,826,0.007312
25,826,0.004669
35,826,0.007236
45,826,0.009159
55,826,0.009015
65,826,0.009232
70,826,0.008853
75,826,0.008457
0,828,0.003229
15,828,0.007773
25,828,0.00451
35,828,0.007491
45,828,0.00919
55,828,0.009056
65,828,0.009221
70,828,0.00887
75,828,0.008495
0,830,0.003385
15,830,0.008157
25,830,0.004359
35,830,0.007744
45,830,0.009211
55,830,0.009093
65,830,0.009207
70,830,0.00889
75,830,0.008534
0,832,0.003599
15,832,0.00834
25,832,0.004249
35,832,0.007972
45,832,0.009219
55,832,0.00913
65,832,0.009205
70,832,0.008911
75,832,0.008581
0,834,0.003879
15,834,0.008364
25,834,0.004174
35,834,0.008173
45,834,0.00922
55,834,0.009168
65,834,0.009204
70,834,0.008931
75,834,0.008627
0,836,0.004227
15,836,0.008218
25,836,0.004126
35,836,0.008361
45,836,0.009213
55,836,0.009202
65,836,0.009208
70,836,0.00895
75,836,0.008674
0,838,0.004622
15,838,0.00792
25,838,0.004107
35,838,0.008513
45,838,0.00919
55,838,0.009225
65,838,0.009208
70,838,0.008974
75,838,0.008721
0,840,0.005111
15,840,0.007544
25,840,0.004117
35,840,0.00863
45,840,0.009176
55,840,0.009246
65,840,0.009209
70,840,0.009001
75,840,0.00877
0,842,0.005666
15,842,0.00707
25,842,0.004148
35,842,0.008712
45,842,0.009138
55,842,0.009268
65,842,0.00921
70,842,0.009035
75,842,0.008809
0,844,0.006256
15,844,0.006605
25,844,0.004204
35,844,0.008779
45,844,0.009123
55,844,0.009269
65,844,0.009221
70,844,0.009067
75,844,0.008855
0,846,0.006918
15,846,0.006141
25,846,0.004288
35,846,0.008812
45,846,0.009095
55,846,0.009267
65,846,0.009234
70,846,0.009099
75,846,0.008903
0,848,0.007509
15,848,0.005703
25,848,0.004399
35,848,0.008822
45,848,0.009064
55,848,0.009266
65,848,0.009232
70,848,0.009127
75,848,0.008951
0,850,0.00808
15,850,0.005334
25,850,0.004522
35,850,0.008835
45,850,0.009031
55,850,0.009263
65,850,0.009239
70,850,0.009166
75,850,0.008993
0,852,0.008504
15,852,0.005007
25,852,0.004666
35,852,0.008816
45,852,0.008996
55,852,0.009252
65,852,0.009249
70,852,0.009204
75,852,0.009029
0,854,0.008724
15,854,0.004682
25,854,0.004838
35,854,0.008776
45,854,0.008973
55,854,0.00923
65,854,0.009245
70,854,0.009253
75,854,0.009059
0,856,0.008711
15,856,0.004429
25,856,0.00506
35,856,0.00875
45,856,0.008924
55,856,0.009228
65,856,0.009265
70,856,0.009277
75,856,0.009095
0,858,0.008533
15,858,0.004231
25,858,0.005267
35,858,0.008715
45,858,0.008889
55,858,0.009219
65,858,0.009278
70,858,0.009312
75,858,0.009117
0,860,0.008188
15,860,0.004103
25,860,0.005528
35,860,0.008682
45,860,0.008865
55,860,0.009186
65,860,0.009277
70,860,0.009352
75,860,0.009125
0,862,0.007677
15,862,0.003897
25,862,0.005776
35,862,0.008631
45,862,0.008822
55,862,0.009193
65,862,0.009299
70,862,0.009378
75,862,0.009132
0,864,0.007169
15,864,0.003777
25,864,0.006044
35,864,0.008599
45,864,0.008781
55,864,0.009178
65,864,0.009308
70,864,0.00941
75,864,0.009124
0,866,0.006615
15,866,0.00372
25,866,0.006335
35,866,0.008573
45,866,0.008769
55,866,0.009162
65,866,0.009335
70,866,0.009448
75,866,0.009108
0,868,0.006049
15,868,0.003631
25,868,0.006672
35,868,0.008533
45,868,0.008743
55,868,0.009155
65,868,0.009339
70,868,0.009486
75,868,0.00911
0,870,0.005562
15,870,0.003639
25,870,0.006963
35,870,0.008528
45,870,0.008708
55,870,0.009158
65,870,0.009363
70,870,0.00953
75,870,0.009102
0,872,0.005234
15,872,0.003639
25,872,0.007269
35,872,0.008506
45,872,0.008697
55,872,0.009153
65,872,0.009379
70,872,0.009563
75,872,0.009062
0,874,0.004822
15,874,0.003642
25,874,0.007574
35,874,0.008522
45,874,0.008656
55,874,0.009152
65,874,0.009382
70,874,0.009561
75,874,0.009039
0,876,0.004511
15,876,0.003732
25,876,0.007841
35,876,0.008523
45,876,0.00864
55,876,0.009138
65,876,0.009391
70,876,0.009597
75,876,0.008984
0,878,0.004265
15,878,0.00376
25,878,0.008093
35,878,0.008515
45,878,0.008642
55,878,0.009146
65,878,0.009406
70,878,0.009585
75,878,0.008976
0,880,0.003995
15,880,0.0039
25,880,0.00831
35,880,0.008489
45,880,0.008636
55,880,0.009144
65,880,0.009431
70,880,0.00959
75,880,0.008944
0,882,0.003888
15,882,0.003979
25,882,0.008529
35,882,0.008502
45,882,0.008609
55,882,0.009154
65,882,0.009463
70,882,0.009625
75,882,0.008864
0,884,0.003685
15,884,0.004173
25,884,0.008655
35,884,0.008527
45,884,0.008617
55,884,0.009135
65,884,0.009479
70,884,0.009581
75,884,0.008894
0,886,0.003606
15,886,0.004254
25,886,0.008818
35,886,0.008588
45,886,0.008623
55,886,0.009151
65,886,0.009503
70,886,0.009593
75,886,0.008839
0,888,0.003548
15,888,0.00447
25,888,0.008875
35,888,0.00856
45,888,0.008617
55,888,0.009144
65,888,0.009507
70,888,0.009563
75,888,0.008807
0,890,0.003565
15,890,0.004667
25,890,0.009028
35,890,0.008595
45,890,0.008646
55,890,0.009156
65,890,0.00954
70,890,0.0095
75,890,0.008785
0,892,0.00345
15,892,0.00483
25,892,0.009052
35,892,0.008709
45,892,0.008627
55,892,0.009195
65,892,0.009494
70,892,0.009538
75,892,0.008789
0,894,0.003441
15,894,0.005173
25,894,0.009028
35,894,0.008776
45,894,0.008569
55,894,0.009222
65,894,0.009525
70,894,0.009513
75,894,0.008732
0,896,0.00335
15,896,0.005493
25,896,0.009015
35,896,0.008761
45,896,0.008621
55,896,0.0092
65,896,0.009548
70,896,0.009551
75,896,0.008745
0,898,0.003464
15,898,0.005801
25,898,0.008958
35,898,0.008885
45,898,0.008578
55,898,0.009215
65,898,0.009534
70,898,0.009541
75,898,0.008713
0,900,0.003746
15,900,0.006044
25,900,0.008781
35,900,0.008909
45,900,0.008579
55,900,0.009147
65,900,0.00962
70,900,0.009513
75,900,0.00868
