0,250,0
15,250,0
25,250,0
35,250,0
45,250,0
55,250,0
65,250,0
70,250,0
75,250,1E-06
0,252,0
15,252,0
25,252,0
35,252,0
45,252,0
55,252,0
65,252,0
70,252,0
75,252,0
0,254,0
15,254,0
25,254,0
35,254,0
45,254,0
55,254,0
65,254,0
70,254,0
75,254,0
0,256,0
15,256,0
25,256,0
35,256,0
45,256,0
55,256,0
65,256,0
70,256,0
75,256,0
0,258,0
15,258,0
25,258,0
35,258,0
45,258,0
55,258,0
65,258,0
70,258,0
75,258,0
0,260,0
15,260,0
25,260,0
35,260,0
45,260,0
55,260,0
65,260,0
70,260,0
75,260,0
0,262,0
15,262,0
25,262,0
35,262,0
45,262,0
55,262,0
65,262,0
70,262,0
75,262,0
0,264,0
15,264,0
25,264,0
35,264,0
45,264,0
55,264,0
65,264,0
70,264,0
75,264,0
0,266,0
15,266,0
25,266,0
35,266,0
45,266,0
55,266,0
65,266,0
70,266,0
75,266,0
0,268,0
15,268,0
25,268,0
35,268,0
45,268,0
55,268,0
65,268,0
70,268,0
75,268,0
0,270,0
15,270,0
25,270,0
35,270,0
45,270,0
55,270,0
65,270,0
70,270,0
75,270,0
0,272,0
15,272,0
25,272,0
35,272,0
45,272,0
55,272,0
65,272,0
70,272,0
75,272,0
0,274,0
15,274,0
25,274,0
35,274,0
45,274,0
55,274,0
65,274,0
70,274,0
75,274,0
0,276,0
15,276,0
25,276,0
35,276,0
45,276,0
55,276,0
65,276,0
70,276,0
75,276,0
0,278,0
15,278,0
25,278,0
35,278,0
45,278,0
55,278,0
65,278,0
70,278,0
75,278,0
0,280,0
15,280,0
25,280,0
35,280,0
45,280,0
55,280,0
65,280,0
70,280,0
75,280,0
0,282,0
15,282,0
25,282,0
35,282,0
45,282,0
55,282,0
65,282,0
70,282,0
75,282,0
0,284,0
15,284,0
25,284,0
35,284,0
45,284,0
55,284,0
65,284,0
70,284,0
75,284,0
0,286,0
15,286,0
25,286,0
35,286,0
45,286,0
55,286,0
65,286,0
70,286,0
75,286,0
0,288,0
15,288,0
25,288,0
35,288,0
45,288,0
55,288,0
65,288,0
70,288,0
75,288,0
0,290,0
15,290,0
25,290,0
35,290,0
45,290,0
55,290,0
65,290,0
70,290,0
75,290,0
0,292,0
15,292,0
25,292,0
35,292,0
45,292,0
55,292,0
65,292,0
70,292,0
75,292,0
0,294,0
15,294,0
25,294,0
35,294,0
45,294,0
55,294,0
65,294,0
70,294,0
75,294,0
0,296,0
15,296,0
25,296,0
35,296,0
45,296,0
55,296,0
65,296,0
70,296,0
75,296,0
0,298,0
15,298,0
25,298,0
35,298,0
45,298,0
55,298,0
65,298,0
70,298,0
75,298,1E-06
0,300,0
15,300,0
25,300,0
35,300,0
45,300,0
55,300,0
65,300,0
70,300,0
75,300,1E-06
0,302,0
15,302,0
25,302,0
35,302,0
45,302,0
55,302,0
65,302,0
70,302,0
75,302,0
0,304,0
15,304,0
25,304,0
35,304,0
45,304,0
55,304,0
65,304,0
70,304,0
75,304,0
0,306,0
15,306,0
25,306,0
35,306,0
45,306,0
55,306,0
65,306,0
70,306,0
75,306,0
0,308,0
15,308,0
25,308,0
35,308,0
45,308,0
55,308,0
65,308,0
70,308,0
75,308,1E-06
0,310,0
15,310,0
25,310,0
35,310,0
45,310,0
55,310,0
65,310,0
70,310,0
75,310,1E-06
0,312,0
15,312,0
25,312,0
35,312,0
45,312,0
55,312,0
65,312,0
70,312,0
75,312,1E-06
0,314,0
15,314,0
25,314,0
35,314,0
45,314,0
55,314,0
65,314,0
70,314,0
75,314,1E-06
0,316,0
15,316,0
25,316,0
35,316,0
45,316,0
55,316,0
65,316,0
70,316,0
75,316,1E-06
0,318,5E-06
15,318,2E-06
25,318,1E-06
35,318,0
45,318,0
55,318,0
65,318,0
70,318,1E-06
75,318,2E-06
0,320,9.8E-05
15,320,3.2E-05
25,320,1.2E-05
35,320,5E-06
45,320,3E-06
55,320,2E-06
65,320,2E-06
70,320,2E-06
75,320,3E-06
0,322,9.3E-05
15,322,3.3E-05
25,322,1.2E-05
35,322,6E-06
45,322,3E-06
55,322,2E-06
65,322,2E-06
70,322,2E-06
75,322,3E-06
0,324,7.9E-05
15,324,3E-05
25,324,1.2E-05
35,324,5E-06
45,324,3E-06
55,324,2E-06
65,324,2E-06
70,324,2E-06
75,324,3E-06
0,326,7.4E-05
15,326,2.9E-05
25,326,1E-05
35,326,5E-06
45,326,3E-06
55,326,2E-06
65,326,2E-06
70,326,2E-06
75,326,3E-06
0,328,7.2E-05
15,328,2.5E-05
25,328,1E-05
35,328,4E-06
45,328,2E-06
55,328,2E-06
65,328,2E-06
70,328,2E-06
75,328,3E-06
0,330,6.2E-05
15,330,2.2E-05
25,330,9E-06
35,330,4E-06
45,330,2E-06
55,330,1E-06
65,330,2E-06
70,330,2E-06
75,330,3E-06
0,332,5.5E-05
15,332,2.1E-05
25,332,8E-06
35,332,3E-06
45,332,2E-06
55,332,1E-06
65,332,1E-06
70,332,2E-06
75,332,3E-06
0,334,5.8E-05
15,334,2.1E-05
25,334,8E-06
35,334,4E-06
45,334,2E-06
55,334,1E-06
65,334,1E-06
70,334,2E-06
75,334,3E-06
0,336,4.8E-05
15,336,2E-05
25,336,7E-06
35,336,4E-06
45,336,2E-06
55,336,1E-06
65,336,2E-06
70,336,2E-06
75,336,3E-06
0,338,4.4E-05
15,338,1.7E-05
25,338,7E-06
35,338,5E-06
45,338,3E-06
55,338,2E-06
65,338,3E-06
70,338,3E-06
75,338,4E-06
0,340,4.6E-05
15,340,1.6E-05
25,340,8E-06
35,340,8E-06
45,340,4E-06
55,340,4E-06
65,340,6E-06
70,340,6E-06
75,340,7E-06
0,342,4.7E-05
15,342,1.9E-05
25,342,1.5E-05
35,342,1.5E-05
45,342,7E-06
55,342,8E-06
65,342,1.3E-05
70,342,1.3E-05
75,342,1.4E-05
0,344,5.1E-05
15,344,2.9E-05
25,344,2.8E-05
35,344,2.7E-05
45,344,1.3E-05
55,344,1.8E-05
65,344,2.6E-05
70,344,2.7E-05
75,344,2.7E-05
0,346,6.4E-05
15,346,5.3E-05
25,346,6E-05
35,346,4.6E-05
45,346,2.6E-05
55,346,4.1E-05
65,346,5.1E-05
70,346,5.2E-05
75,346,5.2E-05
0,348,9.8E-05
15,348,0.000106
25,348,0.000123
35,348,7.7E-05
45,348,5.2E-05
55,348,8.6E-05
65,348,9.3E-05
70,348,9.6E-05
75,348,9.5E-05
0,350,0.000166
15,350,0.000208
25,350,0.000227
35,350,0.000127
45,350,0.000108
55,350,0.000163
65,350,0.000157
70,350,0.000165
75,350,0.000164
0,352,0.000324
15,352,0.000387
25,352,0.000386
35,352,0.000205
45,352,0.000219
55,352,0.000284
65,352,0.000254
70,352,0.000271
75,352,0.00027
0,354,0.000587
15,354,0.00065
25,354,0.000592
35,354,0.000308
45,354,0.000405
55,354,0.000452
65,354,0.000395
70,354,0.000423
75,354,0.000418
0,356,0.000964
15,356,0.001002
25,356,0.00082
35,356,0.000441
45,356,0.000675
55,356,0.00066
65,356,0.000586
70,356,0.000627
75,356,0.000612
0,358,0.001453
15,358,0.001467
25,358,0.001109
35,358,0.000666
45,358,0.001025
55,358,0.000887
65,358,0.00083
70,358,0.000883
75,358,0.000846
0,360,0.001986
15,360,0.001951
25,360,0.00153
35,360,0.00108
45,360,0.001434
55,360,0.001116
65,360,0.001122
70,360,0.001168
75,360,0.001113
0,362,0.002648
15,362,0.00243
25,362,0.001994
35,362,0.001714
45,362,0.001877
55,362,0.001364
65,362,0.001463
70,362,0.001468
75,362,0.001416
0,364,0.003367
15,364,0.003025
25,364,0.002342
35,364,0.002444
45,364,0.002326
55,364,0.001667
65,364,0.001825
70,364,0.001781
75,364,0.001742
0,366,0.004028
15,366,0.00378
25,366,0.002702
35,366,0.003159
45,366,0.002756
55,366,0.002041
65,366,0.002156
70,366,0.002106
75,366,0.002047
0,368,0.004676
15,368,0.004376
25,368,0.003336
35,368,0.003852
45,368,0.003092
55,368,0.002456
65,368,0.002435
70,368,0.0024
75,368,0.002298
0,370,0.005435
15,370,0.004739
25,370,0.004247
35,370,0.004489
45,370,0.003258
55,370,0.002848
65,370,0.002677
70,370,0.002591
75,370,0.002483
0,372,0.00606
15,372,0.005205
25,372,0.005162
35,372,0.005031
45,372,0.003346
55,372,0.003212
65,372,0.002888
70,372,0.002657
75,372,0.002628
0,374,0.006447
15,374,0.005936
25,374,0.005838
35,374,0.00548
45,374,0.003536
55,374,0.003582
65,374,0.002991
70,374,0.002632
75,374,0.002771
0,376,0.00685
15,376,0.00672
25,376,0.006335
35,376,0.005827
45,376,0.003862
55,376,0.003954
65,376,0.002892
70,376,0.002602
75,376,0.002948
0,378,0.007526
15,378,0.00741
25,378,0.006754
35,378,0.006085
45,378,0.004246
55,378,0.004247
65,378,0.002615
70,378,0.002631
75,378,0.00317
0,380,0.007874
15,380,0.007671
25,380,0.007089
35,380,0.006293
45,380,0.00459
55,380,0.004384
65,380,0.002253
70,380,0.002752
75,380,0.003417
0,382,0.00805
15,382,0.008027
25,382,0.007399
35,382,0.006426
45,382,0.004824
55,382,0.004373
65,382,0.001986
70,382,0.002936
75,382,0.003565
0,384,0.008162
15,384,0.008278
25,384,0.00769
35,384,0.006537
45,384,0.005037
55,384,0.004331
65,384,0.001837
70,384,0.003135
75,384,0.003569
0,386,0.008464
15,386,0.008414
25,386,0.007919
35,386,0.006661
45,386,0.005266
55,386,0.004231
65,386,0.001807
70,386,0.00325
75,386,0.003445
0,388,0.008936
15,388,0.008533
25,388,0.008035
35,388,0.006837
45,388,0.005454
55,388,0.003891
65,388,0.001878
70,388,0.003211
75,388,0.00329
0,390,0.009214
15,390,0.008717
25,390,0.008075
35,390,0.007039
45,390,0.005504
55,390,0.003204
65,390,0.002007
70,390,0.003044
75,390,0.003206
0,392,0.009202
15,392,0.008938
25,392,0.008131
35,392,0.007212
45,392,0.005407
55,392,0.002344
65,392,0.002131
70,392,0.002834
75,392,0.003248
0,394,0.009092
15,394,0.009102
25,394,0.008193
35,394,0.007296
45,394,0.005255
55,394,0.001593
65,394,0.002179
70,394,0.002676
75,394,0.003431
0,396,0.009145
15,396,0.009104
25,396,0.008255
35,396,0.007232
45,396,0.005097
55,396,0.001087
65,396,0.002108
70,396,0.002632
75,396,0.00373
0,398,0.009381
15,398,0.00901
25,398,0.008254
35,398,0.007037
45,398,0.004806
55,398,0.000791
65,398,0.001942
70,398,0.002723
75,398,0.004078
0,400,0.009614
15,400,0.008973
25,400,0.008229
35,400,0.006846
45,400,0.004133
55,400,0.000624
65,400,0.001747
70,400,0.002945
75,400,0.004399
0,402,0.009656
15,402,0.00905
25,402,0.008243
35,402,0.006722
45,402,0.003058
55,402,0.000536
65,402,0.001585
70,402,0.003271
75,402,0.004631
0,404,0.009513
15,404,0.00915
25,404,0.008363
35,404,0.006662
45,404,0.001956
55,404,0.0005
65,404,0.001495
70,404,0.003653
75,404,0.00476
0,406,0.009349
15,406,0.009204
25,406,0.008546
35,406,0.006569
45,406,0.001171
55,406,0.000504
65,406,0.00149
70,406,0.004023
75,406,0.004813
0,408,0.009292
15,408,0.009205
25,408,0.008723
35,408,0.006411
45,408,0.00072
55,408,0.00054
65,408,0.001577
70,408,0.004309
75,408,0.004852
0,410,0.009374
15,410,0.009206
25,410,0.00884
35,410,0.006231
45,410,0.000474
55,410,0.000598
65,410,0.001751
70,410,0.00449
75,410,0.004927
0,412,0.009493
15,412,0.009276
25,412,0.008875
35,412,0.006066
45,412,0.000336
55,412,0.000662
65,412,0.00201
70,412,0.00458
75,412,0.005057
0,414,0.009633
15,414,0.009391
25,414,0.008823
35,414,0.005811
45,414,0.000257
55,414,0.000705
65,414,0.002329
70,414,0.004639
75,414,0.005233
0,416,0.009678
15,416,0.009535
25,416,0.008737
35,416,0.005155
45,416,0.000212
55,416,0.000701
65,416,0.002665
70,416,0.004723
75,416,0.005413
0,418,0.009666
15,418,0.009639
25,418,0.008615
35,418,0.003919
45,418,0.00019
55,418,0.000647
65,418,0.002957
70,418,0.004869
75,418,0.005559
0,420,0.009719
15,420,0.00966
25,420,0.008441
35,420,0.002494
45,420,0.000183
55,420,0.00056
65,420,0.003167
70,420,0.005081
75,420,0.00564
0,422,0.009798
15,422,0.009612
25,422,0.008193
35,422,0.001411
45,422,0.000188
55,422,0.00047
65,422,0.00329
70,422,0.00533
75,422,0.005655
0,424,0.009879
15,424,0.009571
25,424,0.007867
35,424,0.000778
45,424,0.000206
55,424,0.000396
65,424,0.003355
70,424,0.005582
75,424,0.005624
0,426,0.009924
15,426,0.009537
25,426,0.007489
35,426,0.000447
45,426,0.000235
55,426,0.000348
65,426,0.003411
70,426,0.005786
75,426,0.005578
0,428,0.00992
15,428,0.009457
25,428,0.007065
35,428,0.000275
45,428,0.000272
55,428,0.000323
65,428,0.003513
70,428,0.005921
75,428,0.00555
0,430,0.009896
15,430,0.009353
25,430,0.006406
35,430,0.000181
45,430,0.000308
55,430,0.000319
65,430,0.003694
70,430,0.005975
75,430,0.005558
0,432,0.009857
15,432,0.009201
25,432,0.005185
35,432,0.000127
45,432,0.00033
55,432,0.000334
65,432,0.003971
70,432,0.005976
75,432,0.005601
0,434,0.009823
15,434,0.008997
25,434,0.003518
35,434,9.5E-05
45,434,0.000323
55,434,0.000372
65,434,0.004332
70,434,0.005948
75,434,0.005671
0,436,0.009793
15,436,0.008583
25,436,0.002039
35,436,7.5E-05
45,436,0.000286
55,436,0.000435
65,436,0.004743
70,436,0.005929
75,436,0.00574
0,438,0.009775
15,438,0.007738
25,438,0.001107
35,438,6.3E-05
45,438,0.000234
55,438,0.000523
65,438,0.00515
70,438,0.005938
75,438,0.005787
0,440,0.009685
15,440,0.006263
25,440,0.000609
35,440,5.6E-05
45,440,0.000187
55,440,0.000634
65,440,0.005512
70,440,0.005973
75,440,0.005794
0,442,0.009554
15,442,0.004329
25,442,0.000347
35,442,5.2E-05
45,442,0.000151
55,442,0.000754
65,442,0.005794
70,442,0.006017
75,442,0.005756
0,444,0.009245
15,444,0.002574
25,444,0.000214
35,444,5.5E-05
45,444,0.00013
55,444,0.000867
65,444,0.005982
70,444,0.006047
75,444,0.005684
0,446,0.008323
15,446,0.001422
25,446,0.000143
35,446,6.1E-05
45,446,0.000119
55,446,0.000957
65,446,0.006148
70,446,0.0061
75,446,0.005658
0,448,0.006556
15,448,0.000798
25,448,0.000101
35,448,6.9E-05
45,448,0.000116
55,448,0.001007
65,448,0.006303
70,448,0.006145
75,448,0.00569
0,450,0.004386
15,450,0.00047
25,450,7.8E-05
35,450,8.2E-05
45,450,0.00012
55,450,0.001014
65,450,0.006428
70,450,0.006121
75,450,0.005746
0,452,0.002578
15,452,0.000295
25,452,6.4E-05
35,452,0.000102
45,452,0.000131
55,452,0.000997
65,452,0.006552
70,452,0.006052
75,452,0.005845
0,454,0.001438
15,454,0.000199
25,454,5.4E-05
35,454,0.000127
45,454,0.000151
55,454,0.00098
65,454,0.006676
70,454,0.005959
75,454,0.005993
0,456,0.000824
15,456,0.000142
25,456,4.7E-05
35,456,0.000151
45,456,0.000182
55,456,0.00099
65,456,0.006765
70,456,0.005872
75,456,0.006181
0,458,0.000494
15,458,0.000106
25,458,4.2E-05
35,458,0.000162
45,458,0.000224
55,458,0.001041
65,458,0.006769
70,458,0.005817
75,458,0.006389
0,460,0.000307
15,460,7.7E-05
25,460,3.5E-05
35,460,0.000153
45,460,0.000277
55,460,0.001146
65,460,0.006656
70,460,0.005809
75,460,0.006593
0,462,0.000188
15,462,5.2E-05
25,462,2.9E-05
35,462,0.000125
45,462,0.000335
55,462,0.001321
65,462,0.006405
70,462,0.00585
75,462,0.006769
0,464,0.000104
15,464,3E-05
25,464,2.3E-05
35,464,9.3E-05
45,464,0.000389
55,464,0.001589
65,464,0.00602
70,464,0.005938
75,464,0.006893
0,466,4.4E-05
15,466,1.3E-05
25,466,1.8E-05
35,466,6.8E-05
45,466,0.000425
55,466,0.001971
65,466,0.005549
70,466,0.00606
75,466,0.00695
0,468,7E-06
15,468,2E-06
25,468,1.7E-05
35,468,5.1E-05
45,468,0.000431
55,468,0.002472
65,468,0.00506
70,468,0.006192
75,468,0.006928
0,470,0
15,470,0
25,470,2E-05
35,470,3.9E-05
45,470,0.000408
55,470,0.003086
65,470,0.004607
70,470,0.006311
75,470,0.006836
0,472,0
15,472,0
25,472,2.5E-05
35,472,3.3E-05
45,472,0.000368
55,472,0.003777
65,472,0.004226
70,472,0.0064
75,472,0.00669
0,474,0
15,474,0
25,474,3.5E-05
35,474,3E-05
45,474,0.000327
55,474,0.004489
65,474,0.003934
70,474,0.006432
75,474,0.006506
0,476,0
15,476,0
25,476,5E-05
35,476,2.8E-05
45,476,0.000295
55,476,0.005141
65,476,0.003737
70,476,0.006392
75,476,0.006308
0,478,0
15,478,0
25,478,6.4E-05
35,478,2.8E-05
45,478,0.000277
55,478,0.005643
65,478,0.003624
70,478,0.00627
75,478,0.006109
0,480,0
15,480,0
25,480,7.2E-05
35,480,3E-05
45,480,0.00027
55,480,0.005934
65,480,0.003565
70,480,0.006047
75,480,0.005895
0,482,0
15,482,8E-06
25,482,7.4E-05
35,482,3.7E-05
45,482,0.000278
55,482,0.006008
65,482,0.003546
70,482,0.00574
75,482,0.005673
0,484,2.2E-05
15,484,2.7E-05
25,484,6.4E-05
35,484,4.7E-05
45,484,0.000306
55,484,0.005995
65,484,0.003612
70,484,0.005466
75,484,0.005543
0,486,4.2E-05
15,486,4.3E-05
25,486,5E-05
35,486,6E-05
45,486,0.000362
55,486,0.005965
65,486,0.003771
70,486,0.005287
75,486,0.005542
0,488,6.1E-05
15,488,6.3E-05
25,488,4.1E-05
35,488,7.7E-05
45,488,0.000454
55,488,0.005868
65,488,0.003971
70,488,0.005173
75,488,0.005615
0,490,7.8E-05
15,490,8.6E-05
25,490,3.7E-05
35,490,9.9E-05
45,490,0.000598
55,490,0.005663
65,490,0.004188
70,490,0.005125
75,490,0.005748
0,492,9.6E-05
15,492,0.000107
25,492,3.6E-05
35,492,0.000123
45,492,0.000815
55,492,0.005301
65,492,0.004395
70,492,0.005144
75,492,0.005931
0,494,0.00012
15,494,0.000114
25,494,3.6E-05
35,494,0.000144
45,494,0.001122
55,494,0.004758
65,494,0.004568
70,494,0.005231
75,494,0.00615
0,496,0.000138
15,496,0.000106
25,496,3.8E-05
35,496,0.000152
45,496,0.001519
55,496,0.004063
65,496,0.004681
70,496,0.005377
75,496,0.006386
0,498,0.000151
15,498,9.4E-05
25,498,3.9E-05
35,498,0.000146
45,498,0.001972
55,498,0.003323
65,498,0.00471
70,498,0.005566
75,498,0.006614
0,500,0.000159
15,500,8.1E-05
25,500,3.8E-05
35,500,0.00013
45,500,0.002417
55,500,0.002644
65,500,0.004656
70,500,0.005783
75,500,0.006818
0,502,0.000151
15,502,6.3E-05
25,502,3.5E-05
35,502,0.000111
45,502,0.002771
55,502,0.002088
65,502,0.00453
70,502,0.006019
75,502,0.006989
0,504,0.00013
15,504,4.6E-05
25,504,3.1E-05
35,504,9.5E-05
45,504,0.00298
55,504,0.001669
65,504,0.004351
70,504,0.006265
75,504,0.007123
0,506,9.2E-05
15,506,3E-05
25,506,2.7E-05
35,506,8.3E-05
45,506,0.003061
55,506,0.001368
65,506,0.004156
70,506,0.006508
75,506,0.007218
0,508,5E-05
15,508,1.6E-05
25,508,2.6E-05
35,508,7.5E-05
45,508,0.003087
55,508,0.001162
65,508,0.003972
70,508,0.006735
75,508,0.007277
0,510,1.5E-05
15,510,5E-06
25,510,2.8E-05
35,510,7.1E-05
45,510,0.00312
55,510,0.001022
65,510,0.003821
70,510,0.006936
75,510,0.007309
0,512,0
15,512,0
25,512,3.4E-05
35,512,7.1E-05
45,512,0.003176
55,512,0.000929
65,512,0.003712
70,512,0.007106
75,512,0.007317
0,514,0
15,514,0
25,514,4.4E-05
35,514,7.6E-05
45,514,0.003233
55,514,0.000873
65,514,0.003649
70,514,0.007242
75,514,0.007311
0,516,0
15,516,0
25,516,5.7E-05
35,516,8.5E-05
45,516,0.00324
55,516,0.000847
65,516,0.003634
70,516,0.00734
75,516,0.007295
0,518,0
15,518,0
25,518,6.8E-05
35,518,0.000103
45,518,0.003135
55,518,0.000847
65,518,0.003667
70,518,0.007401
75,518,0.007269
0,520,0
15,520,0
25,520,7E-05
35,520,0.00013
45,520,0.002875
55,520,0.000872
65,520,0.003743
70,520,0.007427
75,520,0.007234
0,522,0
15,522,0
25,522,6.2E-05
35,522,0.00017
45,522,0.002458
55,522,0.00092
65,522,0.003863
70,522,0.007423
75,522,0.007192
0,524,0
15,524,4E-06
25,524,5E-05
35,524,0.000228
45,524,0.00194
55,524,0.000992
65,524,0.004024
70,524,0.007396
75,524,0.007142
0,526,0
15,526,1.3E-05
25,526,3.9E-05
35,526,0.000302
45,526,0.001432
55,526,0.001086
65,526,0.004219
70,526,0.00735
75,526,0.007087
0,528,0
15,528,2.7E-05
25,528,3.1E-05
35,528,0.000378
45,528,0.001027
55,528,0.001196
65,528,0.004441
70,528,0.007292
75,528,0.007026
0,530,0
15,530,4E-05
25,530,2.6E-05
35,530,0.000435
45,530,0.000743
55,530,0.001314
65,530,0.004684
70,530,0.007228
75,530,0.006959
0,532,0
15,532,4.8E-05
25,532,2.3E-05
35,532,0.000449
45,532,0.000555
55,532,0.001431
65,532,0.004942
70,532,0.007162
75,532,0.006889
0,534,0
15,534,4.8E-05
25,534,2.2E-05
35,534,0.00041
45,534,0.000431
55,534,0.001533
65,534,0.005205
70,534,0.007097
75,534,0.006816
0,536,0
15,536,4E-05
25,536,2.2E-05
35,536,0.000343
45,536,0.00035
55,536,0.001606
65,536,0.005462
70,536,0.007035
75,536,0.006744
0,538,7E-06
15,538,3.2E-05
25,538,2.3E-05
35,538,0.00028
45,538,0.000295
55,538,0.001643
65,538,0.005703
70,538,0.006982
75,538,0.006674
0,540,2E-05
15,540,2.3E-05
25,540,2.6E-05
35,540,0.000233
45,540,0.000259
55,540,0.001637
65,540,0.005922
70,540,0.006934
75,540,0.00661
0,542,3.2E-05
15,542,1.8E-05
25,542,3E-05
35,542,0.000204
45,542,0.000234
55,542,0.001589
65,542,0.006114
70,542,0.006892
75,542,0.006553
0,544,4.1E-05
15,544,1.5E-05
25,544,3.7E-05
35,544,0.00019
45,544,0.000219
55,544,0.001501
65,544,0.006272
70,544,0.006858
75,544,0.006503
0,546,4.2E-05
15,546,1.3E-05
25,546,4.8E-05
35,546,0.000188
45,546,0.000211
55,546,0.001387
65,546,0.006393
70,546,0.006829
75,546,0.006462
0,548,3.4E-05
15,548,1.2E-05
25,548,6.3E-05
35,548,0.000197
45,548,0.00021
55,548,0.00126
65,548,0.006472
70,548,0.006802
75,548,0.006432
0,550,2.2E-05
15,550,1.3E-05
25,550,8.4E-05
35,550,0.000221
45,550,0.000214
55,550,0.001135
65,550,0.006517
70,550,0.006779
75,550,0.006411
0,552,1.6E-05
15,552,1.3E-05
25,552,0.000111
35,552,0.00026
45,552,0.000225
55,552,0.001023
65,552,0.006531
70,552,0.00676
75,552,0.006399
0,554,1.4E-05
15,554,1.5E-05
25,554,0.000137
35,554,0.000315
45,554,0.000242
55,554,0.000929
65,554,0.006519
70,554,0.006742
75,554,0.006394
0,556,1E-05
15,556,1.8E-05
25,556,0.000144
35,556,0.000383
45,556,0.000268
55,556,0.000857
65,556,0.006492
70,556,0.006726
75,556,0.006396
0,558,8E-06
15,558,2.5E-05
25,558,0.000126
35,558,0.000458
45,558,0.000301
55,558,0.000804
65,558,0.006459
70,558,0.006711
75,558,0.006402
0,560,1.1E-05
15,560,3.5E-05
25,560,9.7E-05
35,560,0.000536
45,560,0.000344
55,560,0.000769
65,560,0.006425
70,560,0.006698
75,560,0.006411
0,562,2.1E-05
15,562,5.1E-05
25,562,7.2E-05
35,562,0.000599
45,562,0.000396
55,562,0.000749
65,562,0.006395
70,562,0.006685
75,562,0.006419
0,564,2.7E-05
15,564,7.1E-05
25,564,5.4E-05
35,564,0.000608
45,564,0.000456
55,564,0.000745
65,564,0.006372
70,564,0.006677
75,564,0.006425
0,566,2.6E-05
15,566,9E-05
25,566,4.1E-05
35,566,0.000539
45,566,0.000522
55,566,0.000754
65,566,0.006363
70,566,0.006668
75,566,0.006429
0,568,2.5E-05
15,568,0.000103
25,568,3.4E-05
35,568,0.000415
45,568,0.00059
55,568,0.000778
65,568,0.006364
70,568,0.006661
75,568,0.006429
0,570,2.8E-05
15,570,9.8E-05
25,570,2.9E-05
35,570,0.000293
45,570,0.000654
55,570,0.000818
65,570,0.006376
70,570,0.006656
75,570,0.006426
0,572,3.2E-05
15,572,7.7E-05
25,572,2.5E-05
35,572,0.000204
45,572,0.000706
55,572,0.000875
65,572,0.006395
70,572,0.006654
75,572,0.006417
0,574,4.1E-05
15,574,5.5E-05
25,574,2.3E-05
35,574,0.000147
45,574,0.000737
55,574,0.000952
65,574,0.006421
70,574,0.006653
75,574,0.006404
0,576,5.8E-05
15,576,3.9E-05
25,576,2.2E-05
35,576,0.000112
45,576,0.000741
55,576,0.001051
65,576,0.006453
70,576,0.006654
75,576,0.006386
0,578,7.5E-05
15,578,2.8E-05
25,578,2.2E-05
35,578,8.9E-05
45,578,0.000715
55,578,0.001177
65,578,0.006485
70,578,0.006656
75,578,0.006366
0,580,8.8E-05
15,580,2.1E-05
25,580,2.3E-05
35,580,7.4E-05
45,580,0.000663
55,580,0.001336
65,580,0.006515
70,580,0.006659
75,580,0.006344
0,582,8.3E-05
15,582,1.7E-05
25,582,2.4E-05
35,582,6.3E-05
45,582,0.000596
55,582,0.001532
65,582,0.006544
70,582,0.006662
75,582,0.00632
0,584,6.1E-05
15,584,1.4E-05
25,584,2.7E-05
35,584,5.7E-05
45,584,0.000527
55,584,0.001771
65,584,0.006567
70,584,0.006666
75,584,0.006298
0,586,4.1E-05
15,586,1.3E-05
25,586,3.2E-05
35,586,5.2E-05
45,586,0.000463
55,586,0.002054
65,586,0.006585
70,586,0.006671
75,586,0.006276
0,588,3.2E-05
15,588,1.2E-05
25,588,3.9E-05
35,588,4.9E-05
45,588,0.00041
55,588,0.00238
65,588,0.0066
70,588,0.006677
75,588,0.006258
0,590,2.5E-05
15,590,1E-05
25,590,4.9E-05
35,590,4.7E-05
45,590,0.000367
55,590,0.002749
65,590,0.006608
70,590,0.00668
75,590,0.006244
0,592,1.7E-05
15,592,1E-05
25,592,6.6E-05
35,592,4.7E-05
45,592,0.000335
55,592,0.003152
65,592,0.00661
70,592,0.006683
75,592,0.006235
0,594,1.5E-05
15,594,1.1E-05
25,594,9.3E-05
35,594,4.9E-05
45,594,0.000312
55,594,0.003575
65,594,0.006609
70,594,0.006686
75,594,0.006232
0,596,1.4E-05
15,596,1E-05
25,596,0.000134
35,596,5E-05
45,596,0.000295
55,596,0.004001
65,596,0.006604
70,596,0.006688
75,596,0.006234
0,598,1.3E-05
15,598,9E-06
25,598,0.000185
35,598,5.2E-05
45,598,0.000285
55,598,0.00441
65,598,0.006596
70,598,0.006691
75,598,0.006241
0,600,1E-05
15,600,1E-05
25,600,0.000233
35,600,5.6E-05
45,600,0.00028
55,600,0.004786
65,600,0.006588
70,600,0.006694
75,600,0.006255
0,602,8E-06
15,602,1.2E-05
25,602,0.000255
35,602,6.1E-05
45,602,0.000281
55,602,0.005115
65,602,0.006579
70,602,0.006698
75,602,0.006271
0,604,8E-06
15,604,1.3E-05
25,604,0.00023
35,604,6.9E-05
45,604,0.000286
55,604,0.005377
65,604,0.00657
70,604,0.006701
75,604,0.006293
0,606,9E-06
15,606,1.6E-05
25,606,0.000171
35,606,7.9E-05
45,606,0.000297
55,606,0.005561
65,606,0.006563
70,606,0.006704
75,606,0.006319
0,608,9E-06
15,608,2E-05
25,608,0.000116
35,608,9.4E-05
45,608,0.000313
55,608,0.005666
65,608,0.00656
70,608,0.006708
75,608,0.006347
0,610,8E-06
15,610,2.4E-05
25,610,8E-05
35,610,0.000112
45,610,0.000335
55,610,0.005698
65,610,0.00656
70,610,0.006714
75,610,0.006374
0,612,8E-06
15,612,3.2E-05
25,612,6E-05
35,612,0.000136
45,612,0.000365
55,612,0.005669
65,612,0.006561
70,612,0.006722
75,612,0.006401
0,614,8E-06
15,614,4.7E-05
25,614,4.9E-05
35,614,0.000165
45,614,0.000403
55,614,0.005602
65,614,0.006567
70,614,0.006729
75,614,0.006426
0,616,9E-06
15,616,7E-05
25,616,4.3E-05
35,616,0.000199
45,616,0.000453
55,616,0.005521
65,616,0.006578
70,616,0.006736
75,616,0.00645
0,618,1E-05
15,618,0.000109
25,618,3.9E-05
35,618,0.000237
45,618,0.000516
55,618,0.005444
65,618,0.006591
70,618,0.006745
75,618,0.00647
0,620,1E-05
15,620,0.000159
25,620,3.3E-05
35,620,0.000276
45,620,0.000597
55,620,0.005386
65,620,0.006606
70,620,0.006755
75,620,0.006488
0,622,1E-05
15,622,0.000193
25,622,2.7E-05
35,622,0.000311
45,622,0.000699
55,622,0.005359
65,622,0.006623
70,622,0.006767
75,622,0.006504
0,624,1.3E-05
15,624,0.000182
25,624,2.3E-05
35,624,0.000335
45,624,0.000828
55,624,0.005365
65,624,0.006643
70,624,0.00678
75,624,0.00652
0,626,1.4E-05
15,626,0.000141
25,626,2.1E-05
35,626,0.000339
45,626,0.000991
55,626,0.005405
65,626,0.006666
70,626,0.006795
75,626,0.006532
0,628,1.8E-05
15,628,0.000105
25,628,2E-05
35,628,0.000323
45,628,0.001191
55,628,0.005478
65,628,0.006689
70,628,0.006812
75,628,0.006535
0,630,2.2E-05
15,630,7.9E-05
25,630,1.9E-05
35,630,0.000292
45,630,0.001436
55,630,0.005581
65,630,0.006713
70,630,0.00683
75,630,0.00653
0,632,2.8E-05
15,632,5.9E-05
25,632,1.9E-05
35,632,0.000254
45,632,0.001731
55,632,0.005707
65,632,0.006736
70,632,0.00685
75,632,0.006519
0,634,4.6E-05
15,634,4.3E-05
25,634,1.9E-05
35,634,0.000217
45,634,0.002078
55,634,0.005851
65,634,0.006759
70,634,0.006866
75,634,0.006506
0,636,7.6E-05
15,636,3.3E-05
25,636,2E-05
35,636,0.000187
45,636,0.002474
55,636,0.006006
65,636,0.006782
70,636,0.006876
75,636,0.006496
0,638,0.000122
15,638,2.5E-05
25,638,2.1E-05
35,638,0.000163
45,638,0.002912
55,638,0.006163
65,638,0.006803
70,638,0.006881
75,638,0.006486
0,640,0.000174
15,640,2.1E-05
25,640,2.3E-05
35,640,0.000144
45,640,0.003382
55,640,0.006315
65,640,0.006827
70,640,0.006883
75,640,0.006475
0,642,0.000182
15,642,1.8E-05
25,642,2.5E-05
35,642,0.00013
45,642,0.003859
55,642,0.006457
65,642,0.006856
70,642,0.006884
75,642,0.006466
0,644,0.000135
15,644,1.7E-05
25,644,2.8E-05
35,644,0.00012
45,644,0.004304
55,644,0.00658
65,644,0.006885
70,644,0.006885
75,644,0.006458
0,646,8.7E-05
15,646,1.5E-05
25,646,3.2E-05
35,646,0.000114
45,646,0.004681
55,646,0.00668
65,646,0.006907
70,646,0.006889
75,646,0.006454
0,648,5.8E-05
15,648,1.4E-05
25,648,3.7E-05
35,648,0.00011
45,648,0.00496
55,648,0.006754
65,648,0.006924
70,648,0.006892
75,648,0.006453
0,650,4E-05
15,650,1.3E-05
25,650,4.4E-05
35,650,0.000108
45,650,0.005119
55,650,0.006795
65,650,0.006935
70,650,0.006896
75,650,0.006455
0,652,2.8E-05
15,652,1.3E-05
25,652,5.4E-05
35,652,0.000106
45,652,0.005154
55,652,0.006802
65,652,0.006942
70,652,0.0069
75,652,0.006461
0,654,2.3E-05
15,654,1.3E-05
25,654,6.7E-05
35,654,0.000105
45,654,0.005088
55,654,0.006781
65,654,0.006947
70,654,0.006904
75,654,0.006469
0,656,2E-05
15,656,1.3E-05
25,656,8.6E-05
35,656,0.000105
45,656,0.00496
55,656,0.006732
65,656,0.006951
70,656,0.006909
75,656,0.006481
0,658,1.7E-05
15,658,1.4E-05
25,658,0.000108
35,658,0.000105
45,658,0.004806
55,658,0.006661
65,658,0.006958
70,658,0.006913
75,658,0.006497
0,660,1.5E-05
15,660,1.4E-05
25,660,0.000136
35,660,0.000108
45,660,0.004659
55,660,0.006569
65,660,0.006968
70,660,0.006918
75,660,0.006515
0,662,1.4E-05
15,662,1.6E-05
25,662,0.000167
35,662,0.000113
45,662,0.004543
55,662,0.006473
65,662,0.00698
70,662,0.006923
75,662,0.006536
0,664,1.2E-05
15,664,1.9E-05
25,664,0.000197
35,664,0.00012
45,664,0.00447
55,664,0.006377
65,664,0.006991
70,664,0.006929
75,664,0.006559
0,666,1.2E-05
15,666,2.2E-05
25,666,0.000218
35,666,0.000129
45,666,0.004443
55,666,0.006282
65,666,0.007003
70,666,0.006937
75,666,0.006586
0,668,1.2E-05
15,668,2.4E-05
25,668,0.000224
35,668,0.00014
45,668,0.004465
55,668,0.006193
65,668,0.007014
70,668,0.006946
75,668,0.006618
0,670,1E-05
15,670,2.8E-05
25,670,0.000213
35,670,0.000155
45,670,0.004533
55,670,0.006116
65,670,0.007026
70,670,0.006957
75,670,0.006652
0,672,1E-05
15,672,3.4E-05
25,672,0.00019
35,672,0.000173
45,672,0.004644
55,672,0.006058
65,672,0.007036
70,672,0.00697
75,672,0.006693
0,674,1.1E-05
15,674,4.1E-05
25,674,0.000165
35,674,0.000197
45,674,0.004795
55,674,0.00602
65,674,0.007046
70,674,0.006986
75,674,0.006747
0,676,1.2E-05
15,676,5.1E-05
25,676,0.000143
35,676,0.000226
45,676,0.004981
55,676,0.006001
65,676,0.007056
70,676,0.007006
75,676,0.006836
0,678,1.3E-05
15,678,6.5E-05
25,678,0.000125
35,678,0.000264
45,678,0.005198
55,678,0.005996
65,678,0.007068
70,678,0.007034
75,678,0.006997
0,680,1.1E-05
15,680,8.3E-05
25,680,0.00011
35,680,0.000313
45,680,0.005442
55,680,0.006
65,680,0.00708
70,680,0.007078
75,680,0.007195
0,682,1.3E-05
15,682,0.000106
25,682,9.8E-05
35,682,0.000376
45,682,0.005704
55,682,0.006014
65,682,0.007094
70,682,0.007157
75,682,0.007322
0,684,1.6E-05
15,684,0.000138
25,684,8.6E-05
35,684,0.000458
45,684,0.005972
55,684,0.006035
65,684,0.00711
70,684,0.007303
75,684,0.00733
0,686,1.9E-05
15,686,0.000169
25,686,7.7E-05
35,686,0.000566
45,686,0.006232
55,686,0.006065
65,686,0.007128
70,686,0.00749
75,686,0.007245
0,688,2.2E-05
15,688,0.000194
25,688,7E-05
35,688,0.000706
45,688,0.006475
55,688,0.00611
65,688,0.007149
70,688,0.007633
75,688,0.007124
0,690,2.5E-05
15,690,0.000206
25,690,6.4E-05
35,690,0.000882
45,690,0.006681
55,690,0.006169
65,690,0.007181
70,690,0.007688
75,690,0.007032
0,692,3.3E-05
15,692,0.000202
25,692,6.1E-05
35,692,0.001107
45,692,0.00685
55,692,0.006244
65,692,0.007232
70,692,0.007654
75,692,0.006981
0,694,3.9E-05
15,694,0.000185
25,694,5.8E-05
35,694,0.001392
45,694,0.006974
55,694,0.006328
65,694,0.007324
70,694,0.007556
75,694,0.006955
0,696,4.5E-05
15,696,0.000162
25,696,5.6E-05
35,696,0.001736
45,696,0.00704
55,696,0.006419
65,696,0.007468
70,696,0.007448
75,696,0.006939
0,698,5.6E-05
15,698,0.000138
25,698,5.5E-05
35,698,0.002142
45,698,0.007047
55,698,0.006521
65,698,0.007626
70,698,0.007376
75,698,0.00693
0,700,7.2E-05
15,700,0.000116
25,700,5.5E-05
35,700,0.002607
45,700,0.007005
55,700,0.006626
65,700,0.007741
70,700,0.007339
75,700,0.006926
0,702,9.5E-05
15,702,9.8E-05
25,702,5.6E-05
35,702,0.003112
45,702,0.006921
55,702,0.00673
65,702,0.007789
70,702,0.007327
75,702,0.006924
0,704,0.000124
15,704,8.4E-05
25,704,5.7E-05
35,704,0.003609
45,704,0.006797
55,704,0.006834
65,704,0.007772
70,704,0.007328
75,704,0.006922
0,706,0.000156
15,706,7.3E-05
25,706,5.9E-05
35,706,0.004031
45,706,0.006634
55,706,0.006932
65,706,0.007694
70,706,0.007336
75,706,0.006925
0,708,0.000184
15,708,6.4E-05
25,708,6.2E-05
35,708,0.004315
45,708,0.006438
55,708,0.007024
65,708,0.007587
70,708,0.007346
75,708,0.006932
0,710,0.000198
15,710,5.8E-05
25,710,6.6E-05
35,710,0.004421
45,710,0.006226
55,710,0.007115
65,710,0.007497
70,710,0.007359
75,710,0.006944
0,712,0.000188
15,712,5.3E-05
25,712,7.1E-05
35,712,0.00436
45,712,0.006018
55,712,0.0072
65,712,0.00744
70,712,0.007375
75,712,0.006965
0,714,0.000164
15,714,5E-05
25,714,7.7E-05
35,714,0.004185
45,714,0.00583
55,714,0.007276
65,714,0.007411
70,714,0.007394
75,714,0.006992
0,716,0.000139
15,716,4.7E-05
25,716,8.5E-05
35,716,0.00396
45,716,0.00567
55,716,0.007348
65,716,0.007399
70,716,0.007416
75,716,0.007033
0,718,0.000114
15,718,4.6E-05
25,718,9.4E-05
35,718,0.003742
45,718,0.005538
55,718,0.007419
65,718,0.007395
70,718,0.007441
75,718,0.007095
0,720,9E-05
15,720,4.6E-05
25,720,0.000104
35,720,0.003559
45,720,0.005432
55,720,0.007489
65,720,0.007397
70,720,0.007471
75,720,0.007182
0,722,7.8E-05
15,722,4.6E-05
25,722,0.000118
35,722,0.003417
45,722,0.005356
55,722,0.007572
65,722,0.007406
70,722,0.007511
75,722,0.0073
0,724,6.4E-05
15,724,4.7E-05
25,724,0.000136
35,724,0.00333
45,724,0.005306
55,724,0.007668
65,724,0.007419
70,724,0.007563
75,724,0.007449
0,726,5.4E-05
15,726,4.7E-05
25,726,0.000158
35,726,0.003292
45,726,0.005283
55,726,0.007789
65,726,0.007435
70,726,0.00763
75,726,0.007605
0,728,5.4E-05
15,728,4.5E-05
25,728,0.000185
35,728,0.003303
45,728,0.005285
55,728,0.00793
65,728,0.007458
70,728,0.007721
75,728,0.007736
0,730,5E-05
15,730,4.6E-05
25,730,0.00022
35,730,0.003363
45,730,0.005307
55,730,0.008062
65,730,0.007485
70,730,0.007835
75,730,0.007816
0,732,4.3E-05
15,732,4.9E-05
25,732,0.000266
35,732,0.003475
45,732,0.005357
55,732,0.008156
65,732,0.007516
70,732,0.007972
75,732,0.007834
0,734,4.1E-05
15,734,5.4E-05
25,734,0.000327
35,734,0.003645
45,734,0.005432
55,734,0.008191
65,734,0.007554
70,734,0.008113
75,734,0.007799
0,736,4E-05
15,736,5.8E-05
25,736,0.000406
35,736,0.003867
45,736,0.005527
55,736,0.00816
65,736,0.007603
70,736,0.008232
75,736,0.007729
0,738,3.6E-05
15,738,6.3E-05
25,738,0.00051
35,738,0.004139
45,738,0.005641
55,738,0.008076
65,738,0.007659
70,738,0.008312
75,738,0.007651
0,740,3.2E-05
15,740,6.9E-05
25,740,0.000652
35,740,0.004462
45,740,0.005773
55,740,0.007961
65,740,0.007726
70,740,0.00834
75,740,0.00758
0,742,3.2E-05
15,742,7.7E-05
25,742,0.000843
35,742,0.004815
45,742,0.005928
55,742,0.007858
65,742,0.007807
70,742,0.008319
75,742,0.007524
0,744,3.4E-05
15,744,8.5E-05
25,744,0.001097
35,744,0.005174
45,744,0.006102
55,744,0.007782
65,744,0.007909
70,744,0.008264
75,744,0.007489
0,746,3.5E-05
15,746,9.5E-05
25,746,0.001428
35,746,0.005533
45,746,0.006298
55,746,0.007731
65,746,0.008022
70,746,0.008186
75,746,0.007469
0,748,3.7E-05
15,748,0.000107
25,748,0.001839
35,748,0.005898
45,748,0.006519
55,748,0.007699
65,748,0.008139
70,748,0.008108
75,748,0.007461
0,750,3.7E-05
15,750,0.000124
25,750,0.002324
35,750,0.006266
45,750,0.006768
55,750,0.007678
65,750,0.00825
70,750,0.008036
75,750,0.007465
0,752,3.6E-05
15,752,0.000145
25,752,0.002856
35,752,0.00662
45,752,0.007038
55,752,0.007669
65,752,0.008338
70,752,0.00798
75,752,0.007476
0,754,4.1E-05
15,754,0.000171
25,754,0.003372
35,754,0.006926
45,754,0.007317
55,754,0.007667
65,754,0.008395
70,754,0.007938
75,754,0.007494
0,756,4.1E-05
15,756,0.000203
25,756,0.003788
35,756,0.007161
45,756,0.007594
55,756,0.007676
65,756,0.008418
70,756,0.007911
75,756,0.007518
0,758,4.1E-05
15,758,0.000245
25,758,0.004024
35,758,0.007314
45,758,0.007839
55,758,0.00769
65,758,0.00841
70,758,0.007896
75,758,0.007548
0,760,4.6E-05
15,760,0.000301
25,760,0.004046
35,760,0.007367
45,760,0.008012
55,760,0.007709
65,760,0.008367
70,760,0.007887
75,760,0.007581
0,762,5.5E-05
15,762,0.000372
25,762,0.003902
35,762,0.007314
45,762,0.008111
55,762,0.00773
65,762,0.008312
70,762,0.007889
75,762,0.007613
0,764,6.5E-05
15,764,0.00047
25,764,0.003678
35,764,0.007165
45,764,0.008149
55,764,0.007755
65,764,0.00825
70,764,0.007893
75,764,0.007654
0,766,7.3E-05
15,766,0.000601
25,766,0.003452
35,766,0.00695
45,766,0.008146
55,766,0.007786
65,766,0.008194
70,766,0.007907
75,766,0.007701
0,768,7.8E-05
15,768,0.000779
25,768,0.003266
35,768,0.006685
45,768,0.008131
55,768,0.00782
65,768,0.008142
70,768,0.007929
75,768,0.007749
0,770,9E-05
15,770,0.001019
25,770,0.003133
35,770,0.006392
45,770,0.008115
55,770,0.007861
65,770,0.0081
70,770,0.007957
75,770,0.007802
0,772,0.0001
15,772,0.001346
25,772,0.003043
35,772,0.006102
45,772,0.0081
55,772,0.007905
65,772,0.008069
70,772,0.00799
75,772,0.007857
0,774,0.000119
15,774,0.001776
25,774,0.002978
35,774,0.005829
45,774,0.008084
55,774,0.007955
65,774,0.008047
70,774,0.008025
75,774,0.00791
0,776,0.000137
15,776,0.00231
25,776,0.00293
35,776,0.005583
45,776,0.008067
55,776,0.008005
65,776,0.00803
70,776,0.008069
75,776,0.00796
0,778,0.00016
15,778,0.002917
25,778,0.002895
35,778,0.005368
45,778,0.008047
55,778,0.00806
65,778,0.008021
70,778,0.008116
75,778,0.008004
0,780,0.000193
15,780,0.003513
25,780,0.002886
35,780,0.00519
45,780,0.008022
55,780,0.008127
65,780,0.008019
70,780,0.008167
75,780,0.008038
0,782,0.000238
15,782,0.003977
25,782,0.002919
35,782,0.005049
45,782,0.007987
55,782,0.008197
65,782,0.008024
70,782,0.008222
75,782,0.008056
0,784,0.000288
15,784,0.004226
25,784,0.003
35,784,0.00496
45,784,0.007953
55,784,0.008272
65,784,0.008035
70,784,0.008276
75,784,0.008054
0,786,0.000365
15,786,0.004266
25,786,0.003126
35,786,0.004912
45,786,0.007923
55,786,0.008347
65,786,0.00805
70,786,0.008321
75,786,0.008038
0,788,0.000469
15,788,0.004141
25,788,0.003299
35,788,0.0049
45,788,0.007894
55,788,0.008423
65,788,0.008074
70,788,0.008362
75,788,0.008009
0,790,0.000598
15,790,0.003934
25,790,0.003531
35,790,0.00493
45,790,0.007871
55,790,0.008487
65,790,0.008098
70,790,0.008393
75,790,0.007968
0,792,0.00078
15,792,0.003688
25,792,0.003814
35,792,0.004997
45,792,0.007848
55,792,0.008531
65,792,0.008132
70,792,0.008411
75,792,0.007922
0,794,0.001032
15,794,0.003438
25,794,0.004147
35,794,0.005075
45,794,0.007831
55,794,0.008558
65,794,0.008165
70,794,0.008414
75,794,0.007874
0,796,0.001381
15,796,0.003206
25,796,0.004538
35,796,0.005159
45,796,0.007823
55,796,0.008565
65,796,0.008199
70,796,0.008411
75,796,0.007831
0,798,0.001853
15,798,0.003014
25,798,0.00498
35,798,0.005225
45,798,0.007828
55,798,0.008559
65,798,0.008238
70,798,0.00839
75,798,0.007792
0,800,0.002456
15,800,0.002875
25,800,0.005475
35,800,0.005269
45,800,0.007842
55,800,0.008536
65,800,0.00828
70,800,0.008362
75,800,0.007752
0,802,0.003147
15,802,0.002783
25,802,0.005995
35,802,0.005303
45,802,0.007858
55,802,0.008498
65,802,0.00832
70,802,0.008325
75,802,0.007719
0,804,0.003796
15,804,0.002727
25,804,0.006522
35,804,0.005344
45,804,0.007885
55,804,0.008448
65,804,0.008351
70,804,0.00829
75,804,0.007691
0,806,0.004232
15,806,0.002725
25,806,0.007006
35,806,0.005403
45,806,0.007928
55,806,0.008394
65,806,0.008379
70,806,0.008253
75,806,0.007673
0,808,0.004358
15,808,0.002759
25,808,0.007404
35,808,0.005489
45,808,0.007979
55,808,0.008342
65,808,0.008403
70,808,0.008216
75,808,0.007653
0,810,0.004211
15,810,0.002846
25,810,0.007722
35,810,0.005606
45,810,0.008043
55,810,0.00829
65,810,0.008415
70,810,0.008181
75,810,0.007642
0,812,0.003899
15,812,0.002926
25,812,0.00789
35,812,0.005725
45,812,0.008114
55,812,0.00825
65,812,0.00843
70,812,0.008164
75,812,0.007643
0,814,0.003547
15,814,0.003071
25,814,0.007918
35,814,0.005885
45,814,0.008197
55,814,0.008217
65,814,0.008429
70,814,0.008145
75,814,0.007638
0,816,0.00321
15,816,0.00328
25,816,0.00783
35,816,0.006074
45,816,0.008277
55,816,0.008194
65,816,0.00842
70,816,0.008122
75,816,0.007636
0,818,0.002931
15,818,0.003549
25,818,0.007649
35,818,0.006284
45,818,0.008357
55,818,0.008171
65,818,0.008405
70,818,0.008108
75,818,0.007634
0,820,0.002703
15,820,0.003875
25,820,0.007368
35,820,0.006495
45,820,0.008441
55,820,0.008154
65,820,0.008389
70,820,0.008096
75,820,0.00764
0,822,0.002548
15,822,0.004255
25,822,0.007042
35,822,0.006728
45,822,0.008524
55,822,0.008143
65,822,0.008371
70,822,0.008091
75,822,0.00765
0,824,0.002439
15,824,0.004718
25,824,0.006719
35,824,0.006964
45,824,0.008604
55,824,0.008141
65,824,0.008348
70,824,0.008086
75,824,0.007665
0,826,0.002365
15,826,0.005254
25,826,0.006416
35,826,0.007193
45,826,0.008669
55,826,0.008142
65,826,0.008329
70,826,0.008086
75,826,0.007679
0,828,0.002338
15,828,0.005843
25,828,0.006115
35,828,0.007416
45,828,0.008718
55,828,0.008151
65,828,0.008312
70,828,0.00809
75,828,0.007704
0,830,0.002335
15,830,0.006483
25,830,0.005836
35,830,0.007627
45,830,0.008749
55,830,0.008161
65,830,0.008302
70,830,0.008098
75,830,0.007723
0,832,0.002375
15,832,0.007135
25,832,0.005573
35,832,0.007812
45,832,0.008763
55,832,0.008183
65,832,0.008294
70,832,0.008114
75,832,0.007753
0,834,0.002442
15,834,0.007786
25,834,0.005319
35,834,0.007991
45,834,0.008772
55,834,0.008204
65,834,0.008281
70,834,0.008125
75,834,0.007782
0,836,0.002569
15,836,0.008342
25,836,0.005085
35,836,0.008143
45,836,0.008766
55,836,0.008227
65,836,0.008282
70,836,0.008134
75,836,0.00781
0,838,0.002716
15,838,0.00875
25,838,0.004879
35,838,0.008258
45,838,0.008752
55,838,0.008259
65,838,0.008277
70,838,0.008147
75,838,0.007843
0,840,0.002892
15,840,0.008978
25,840,0.004696
35,840,0.008343
45,840,0.008729
55,840,0.00829
65,840,0.008274
70,840,0.008161
75,840,0.007878
0,842,0.003136
15,842,0.00906
25,842,0.004548
35,842,0.00841
45,842,0.008711
55,842,0.008319
65,842,0.008278
70,842,0.008176
75,842,0.007909
0,844,0.003454
15,844,0.008966
25,844,0.004431
35,844,0.008458
45,844,0.00868
55,844,0.008354
65,844,0.008285
70,844,0.008191
75,844,0.007943
0,846,0.003838
15,846,0.008722
25,846,0.004348
35,846,0.008473
45,846,0.008652
55,846,0.008379
65,846,0.008281
70,846,0.008213
75,846,0.007978
0,848,0.004296
15,848,0.008373
25,848,0.004288
35,848,0.008495
45,848,0.008609
55,848,0.008423
65,848,0.008288
70,848,0.008225
75,848,0.008015
0,850,0.004828
15,850,0.007946
25,850,0.004277
35,850,0.008475
45,850,0.00858
55,850,0.008448
65,850,0.008297
70,850,0.008251
75,850,0.008051
0,852,0.005474
15,852,0.007479
25,852,0.004281
35,852,0.008456
45,852,0.008548
55,852,0.008475
65,852,0.008301
70,852,0.008279
75,852,0.00809
0,854,0.00623
15,854,0.006977
25,854,0.004312
35,854,0.008423
45,854,0.008501
55,854,0.008495
65,854,0.008299
70,854,0.008305
75,854,0.008121
0,856,0.007011
15,856,0.006545
25,856,0.004378
35,856,0.008391
45,856,0.008463
55,856,0.008521
65,856,0.008308
70,856,0.008334
75,856,0.008159
0,858,0.007697
15,858,0.006162
25,858,0.00446
35,858,0.008374
45,858,0.008434
55,858,0.008544
65,858,0.008317
70,858,0.008357
75,858,0.008192
0,860,0.008491
15,860,0.005837
25,860,0.004594
35,860,0.008328
45,860,0.008393
55,860,0.008554
65,860,0.008332
70,860,0.008382
75,860,0.008227
0,862,0.008978
15,862,0.005487
25,862,0.004691
35,862,0.008303
45,862,0.008367
55,862,0.008556
65,862,0.00834
70,862,0.008404
75,862,0.008271
0,864,0.009332
15,864,0.005205
25,864,0.00484
35,864,0.008287
45,864,0.00833
55,864,0.008548
65,864,0.008338
70,864,0.008449
75,864,0.008288
0,866,0.009479
15,866,0.004981
25,866,0.005008
35,866,0.008262
45,866,0.008297
55,866,0.008552
65,866,0.008359
70,866,0.008475
75,866,0.008329
0,868,0.009339
15,868,0.004803
25,868,0.005221
35,868,0.008267
45,868,0.008281
55,868,0.00856
65,868,0.008356
70,868,0.008501
75,868,0.008354
0,870,0.009113
15,870,0.004651
25,870,0.005437
35,870,0.008258
45,870,0.008243
55,870,0.008544
65,870,0.008365
70,870,0.008523
75,870,0.008363
0,872,0.008607
15,872,0.004542
25,872,0.005712
35,872,0.008244
45,872,0.00821
55,872,0.008555
65,872,0.008412
70,872,0.008573
75,872,0.008377
0,874,0.008026
15,874,0.004482
25,874,0.005939
35,874,0.008247
45,874,0.008202
55,874,0.008531
65,874,0.008399
70,874,0.008588
75,874,0.008388
0,876,0.007416
15,876,0.00445
25,876,0.006228
35,876,0.008249
45,876,0.008186
55,876,0.008543
65,876,0.008404
70,876,0.008585
75,876,0.008418
0,878,0.006816
15,878,0.004478
25,878,0.006553
35,878,0.008243
45,878,0.00819
55,878,0.008549
65,878,0.008429
70,878,0.00863
75,878,0.008374
0,880,0.006213
15,880,0.004452
25,880,0.006834
35,880,0.008268
45,880,0.008195
55,880,0.008554
65,880,0.008457
70,880,0.008655
75,880,0.008387
0,882,0.005724
15,882,0.004615
25,882,0.007136
35,882,0.008242
45,882,0.008158
55,882,0.008561
65,882,0.008453
70,882,0.008653
75,882,0.008369
0,884,0.005478
15,884,0.004664
25,884,0.007426
35,884,0.008283
45,884,0.008165
55,884,0.008555
65,884,0.008489
70,884,0.008669
75,884,0.008377
0,886,0.005065
15,886,0.00482
25,886,0.007749
35,886,0.008336
45,886,0.008163
55,886,0.008553
65,886,0.008514
70,886,0.008686
75,886,0.008298
0,888,0.004791
15,888,0.00481
25,888,0.008004
35,888,0.008364
45,888,0.008156
55,888,0.008563
65,888,0.008493
70,888,0.008707
75,888,0.008329
0,890,0.004656
15,890,0.005043
25,890,0.008299
35,890,0.008375
45,890,0.008152
55,890,0.008565
65,890,0.008512
70,890,0.008705
75,890,0.008337
0,892,0.004425
15,892,0.005189
25,892,0.008494
35,892,0.008456
45,892,0.008183
55,892,0.008581
65,892,0.008537
70,892,0.008718
75,892,0.008295
0,894,0.004379
15,894,0.005316
25,894,0.00865
35,894,0.008497
45,894,0.008174
55,894,0.008556
65,894,0.008563
70,894,0.008712
75,894,0.008299
0,896,0.00418
15,896,0.005564
25,896,0.00889
35,896,0.008509
45,896,0.00818
55,896,0.008587
65,896,0.008549
70,896,0.008676
75,896,0.008245
0,898,0.003977
15,898,0.00582
25,898,0.008954
35,898,0.008626
45,898,0.008192
55,898,0.00863
65,898,0.008571
70,898,0.00872
75,898,0.008219
0,900,0.00423
15,900,0.006077
25,900,0.009011
35,900,0.008632
45,900,0.008208
55,900,0.00858
65,900,0.008617
70,900,0.008734
75,900,0.008245
