0,250,0
15,250,0
25,250,0
35,250,0
45,250,0
55,250,0
65,250,0
70,250,0
75,250,0
0,252,0
15,252,0
25,252,0
35,252,0
45,252,0
55,252,0
65,252,0
70,252,0
75,252,0
0,254,0
15,254,0
25,254,0
35,254,0
45,254,0
55,254,0
65,254,0
70,254,0
75,254,0
0,256,0
15,256,0
25,256,0
35,256,0
45,256,0
55,256,0
65,256,0
70,256,0
75,256,0
0,258,0
15,258,0
25,258,0
35,258,0
45,258,0
55,258,0
65,258,0
70,258,0
75,258,0
0,260,0
15,260,0
25,260,0
35,260,0
45,260,0
55,260,0
65,260,0
70,260,0
75,260,0
0,262,0
15,262,0
25,262,0
35,262,0
45,262,0
55,262,0
65,262,0
70,262,0
75,262,0
0,264,0
15,264,0
25,264,0
35,264,0
45,264,0
55,264,0
65,264,0
70,264,0
75,264,0
0,266,0
15,266,0
25,266,0
35,266,0
45,266,0
55,266,0
65,266,0
70,266,0
75,266,0
0,268,0
15,268,0
25,268,0
35,268,0
45,268,0
55,268,0
65,268,0
70,268,0
75,268,0
0,270,0
15,270,0
25,270,0
35,270,0
45,270,0
55,270,0
65,270,0
70,270,0
75,270,0
0,272,0
15,272,0
25,272,0
35,272,0
45,272,0
55,272,0
65,272,0
70,272,0
75,272,0
0,274,0
15,274,0
25,274,0
35,274,0
45,274,0
55,274,0
65,274,0
70,274,0
75,274,0
0,276,0
15,276,0
25,276,0
35,276,0
45,276,0
55,276,0
65,276,0
70,276,0
75,276,0
0,278,0
15,278,0
25,278,0
35,278,0
45,278,0
55,278,0
65,278,0
70,278,0
75,278,0
0,280,0
15,280,0
25,280,0
35,280,0
45,280,0
55,280,0
65,280,0
70,280,0
75,280,0
0,282,0
15,282,0
25,282,0
35,282,0
45,282,0
55,282,0
65,282,0
70,282,0
75,282,0
0,284,0
15,284,0
25,284,0
35,284,0
45,284,0
55,284,0
65,284,0
70,284,0
75,284,0
0,286,0
15,286,0
25,286,0
35,286,0
45,286,0
55,286,0
65,286,0
70,286,0
75,286,0
0,288,0
15,288,0
25,288,0
35,288,0
45,288,0
55,288,0
65,288,0
70,288,0
75,288,0
0,290,0
15,290,0
25,290,0
35,290,0
45,290,0
55,290,0
65,290,0
70,290,0
75,290,0
0,292,0
15,292,0
25,292,0
35,292,0
45,292,0
55,292,0
65,292,0
70,292,0
75,292,0
0,294,0
15,294,0
25,294,0
35,294,0
45,294,0
55,294,0
65,294,0
70,294,0
75,294,0
0,296,0
15,296,0
25,296,0
35,296,0
45,296,0
55,296,0
65,296,0
70,296,0
75,296,0
0,298,0
15,298,0
25,298,0
35,298,0
45,298,0
55,298,0
65,298,0
70,298,0
75,298,0
0,300,0
15,300,0
25,300,0
35,300,0
45,300,0
55,300,0
65,300,0
70,300,0
75,300,0
0,302,0
15,302,0
25,302,0
35,302,0
45,302,0
55,302,0
65,302,0
70,302,0
75,302,0
0,304,0
15,304,0
25,304,0
35,304,0
45,304,0
55,304,0
65,304,0
70,304,0
75,304,0
0,306,0
15,306,0
25,306,0
35,306,0
45,306,0
55,306,0
65,306,0
70,306,0
75,306,0
0,308,0
15,308,0
25,308,0
35,308,0
45,308,0
55,308,0
65,308,0
70,308,0
75,308,0
0,310,0
15,310,0
25,310,0
35,310,0
45,310,0
55,310,0
65,310,0
70,310,0
75,310,0
0,312,0
15,312,0
25,312,0
35,312,0
45,312,0
55,312,0
65,312,0
70,312,0
75,312,0
0,314,0
15,314,0
25,314,0
35,314,0
45,314,0
55,314,0
65,314,0
70,314,0
75,314,0
0,316,0
15,316,0
25,316,0
35,316,0
45,316,0
55,316,0
65,316,0
70,316,0
75,316,0
0,318,0
15,318,0
25,318,0
35,318,0
45,318,0
55,318,0
65,318,0
70,318,0
75,318,0
0,320,1E-06
15,320,1E-06
25,320,1E-06
35,320,1E-06
45,320,1E-06
55,320,1E-06
65,320,1E-06
70,320,1E-06
75,320,2E-06
0,322,1E-06
15,322,1E-06
25,322,1E-06
35,322,1E-06
45,322,1E-06
55,322,2E-06
65,322,1E-06
70,322,1E-06
75,322,2E-06
0,324,1E-06
15,324,1E-06
25,324,1E-06
35,324,1E-06
45,324,1E-06
55,324,1E-06
65,324,1E-06
70,324,1E-06
75,324,1E-06
0,326,1E-06
15,326,1E-06
25,326,1E-06
35,326,1E-06
45,326,1E-06
55,326,1E-06
65,326,1E-06
70,326,1E-06
75,326,1E-06
0,328,1E-06
15,328,1E-06
25,328,1E-06
35,328,1E-06
45,328,1E-06
55,328,1E-06
65,328,1E-06
70,328,1E-06
75,328,1E-06
0,330,1E-06
15,330,1E-06
25,330,1E-06
35,330,1E-06
45,330,1E-06
55,330,1E-06
65,330,1E-06
70,330,1E-06
75,330,1E-06
0,332,1E-06
15,332,1E-06
25,332,1E-06
35,332,1E-06
45,332,1E-06
55,332,1E-06
65,332,1E-06
70,332,1E-06
75,332,1E-06
0,334,1E-06
15,334,1E-06
25,334,1E-06
35,334,1E-06
45,334,1E-06
55,334,1E-06
65,334,1E-06
70,334,1E-06
75,334,1E-06
0,336,1E-06
15,336,1E-06
25,336,1E-06
35,336,1E-06
45,336,2E-06
55,336,2E-06
65,336,1E-06
70,336,1E-06
75,336,1E-06
0,338,1E-06
15,338,1E-06
25,338,2E-06
35,338,2E-06
45,338,3E-06
55,338,2E-06
65,338,2E-06
70,338,1E-06
75,338,1E-06
0,340,2E-06
15,340,2E-06
25,340,3E-06
35,340,5E-06
45,340,6E-06
55,340,5E-06
65,340,3E-06
70,340,2E-06
75,340,2E-06
0,342,5E-06
15,342,6E-06
25,342,8E-06
35,342,1.1E-05
45,342,1.3E-05
55,342,8E-06
65,342,5E-06
70,342,5E-06
75,342,4E-06
0,344,1E-05
15,344,1.3E-05
25,344,2E-05
35,344,2.7E-05
45,344,2.6E-05
55,344,1.4E-05
65,344,1E-05
70,344,9E-06
75,344,7E-06
0,346,2.5E-05
15,346,3.4E-05
25,346,4.9E-05
35,346,6.2E-05
45,346,4.6E-05
55,346,2.6E-05
65,346,2E-05
70,346,1.8E-05
75,346,1.4E-05
0,348,6.2E-05
15,348,8.4E-05
25,348,0.00011
35,348,0.000122
45,348,7.4E-05
55,348,5E-05
65,348,4E-05
70,348,3.6E-05
75,348,3.2E-05
0,350,0.000144
15,350,0.000183
25,350,0.00022
35,350,0.00021
45,350,0.000115
55,350,9.1E-05
65,350,7.7E-05
70,350,7.8E-05
75,350,7.2E-05
0,352,0.000302
15,352,0.000355
25,352,0.000393
35,352,0.000312
45,352,0.000191
55,352,0.000153
65,352,0.000158
70,352,0.000169
75,352,0.000152
0,354,0.000558
15,354,0.000616
25,354,0.000635
35,354,0.000422
45,354,0.000322
55,354,0.000253
65,354,0.000324
70,354,0.000332
75,354,0.000283
0,356,0.00092
15,356,0.000968
25,356,0.000908
35,356,0.000586
45,356,0.000499
55,356,0.000448
65,356,0.000596
70,356,0.000573
75,356,0.000479
0,358,0.00137
15,358,0.001408
25,358,0.001152
35,358,0.000876
45,358,0.000706
55,358,0.000822
65,358,0.000961
70,358,0.000909
75,358,0.000752
0,360,0.001906
15,360,0.001848
25,360,0.001426
35,360,0.001283
45,360,0.001014
55,360,0.001377
65,360,0.001426
70,360,0.001332
75,360,0.001073
0,362,0.002479
15,362,0.002222
25,362,0.001864
35,362,0.001701
45,362,0.001557
55,362,0.001997
65,362,0.001982
70,362,0.001802
75,362,0.001422
0,364,0.00298
15,364,0.002643
25,364,0.002481
35,364,0.002118
45,364,0.002382
55,364,0.002643
65,364,0.002567
70,364,0.00229
75,364,0.001757
0,366,0.003463
15,366,0.003243
25,366,0.003128
35,366,0.002699
45,366,0.003302
55,366,0.003358
65,366,0.003151
70,366,0.002738
75,366,0.001978
0,368,0.00406
15,368,0.003949
25,368,0.003699
35,368,0.00354
45,368,0.00407
55,368,0.004073
65,368,0.003682
70,368,0.003014
75,368,0.002048
0,370,0.004715
15,370,0.004602
25,370,0.004283
35,370,0.004503
45,370,0.004715
55,370,0.004703
65,370,0.004026
70,370,0.003095
75,370,0.002082
0,372,0.005324
15,372,0.005184
25,372,0.004988
35,372,0.00536
45,372,0.005346
55,372,0.005271
65,372,0.004137
70,372,0.003153
75,372,0.00213
0,374,0.005871
15,374,0.005774
25,374,0.00574
35,374,0.005999
45,374,0.005945
55,374,0.005776
65,374,0.004183
70,374,0.00328
75,374,0.002206
0,376,0.006408
15,376,0.006372
25,376,0.006421
35,376,0.006489
45,376,0.006463
55,376,0.00612
65,376,0.004348
70,376,0.003411
75,376,0.00243
0,378,0.006915
15,378,0.006905
25,378,0.006953
35,378,0.00691
45,378,0.006885
55,378,0.00624
65,378,0.004606
70,378,0.003609
75,378,0.002724
0,380,0.007351
15,380,0.007348
25,380,0.007377
35,380,0.007308
45,380,0.007267
55,380,0.006242
65,380,0.004833
70,380,0.003883
75,380,0.002979
0,382,0.007676
15,382,0.007682
25,382,0.007685
35,382,0.007646
45,382,0.007555
55,382,0.006322
65,382,0.004962
70,382,0.004089
75,382,0.003208
0,384,0.007945
15,384,0.007955
25,384,0.007937
35,384,0.007936
45,384,0.007738
55,384,0.006591
65,384,0.005037
70,384,0.004301
75,384,0.00354
0,386,0.008167
15,386,0.008179
25,386,0.008146
35,386,0.008172
45,386,0.007792
55,386,0.006986
65,386,0.005137
70,386,0.004628
75,386,0.003947
0,388,0.008339
15,388,0.008364
25,388,0.008331
35,388,0.008354
45,388,0.007786
55,388,0.007311
65,388,0.005349
70,388,0.005036
75,388,0.004234
0,390,0.008486
15,390,0.008507
25,390,0.008502
35,390,0.008493
45,390,0.007831
55,390,0.007354
65,390,0.005682
70,390,0.005332
75,390,0.004297
0,392,0.008616
15,392,0.008615
25,392,0.008658
35,392,0.00859
45,392,0.00799
55,392,0.007125
65,392,0.005983
70,392,0.005403
75,392,0.004297
0,394,0.008718
15,394,0.008715
25,394,0.008778
35,394,0.008644
45,394,0.008236
55,394,0.006871
65,394,0.006109
70,394,0.00539
75,394,0.004407
0,396,0.008794
15,396,0.008819
25,396,0.00886
35,396,0.008672
45,396,0.008478
55,396,0.0068
65,396,0.006089
70,396,0.005488
75,396,0.004503
0,398,0.008853
15,398,0.00892
25,398,0.008917
35,398,0.008698
45,398,0.008636
55,398,0.006868
65,398,0.006126
70,398,0.005594
75,398,0.004182
0,400,0.008916
15,400,0.008999
25,400,0.008963
35,400,0.008759
45,400,0.008667
55,400,0.006927
65,400,0.006251
70,400,0.005257
75,400,0.003354
0,402,0.008992
15,402,0.009044
25,402,0.009008
35,402,0.008861
45,402,0.008576
55,402,0.006895
65,402,0.006115
70,402,0.004229
75,402,0.002453
0,404,0.009063
15,404,0.009066
25,404,0.009048
35,404,0.008977
45,404,0.008392
55,404,0.006853
65,404,0.005203
70,404,0.002956
75,404,0.0018
0,406,0.009104
15,406,0.009091
25,406,0.009077
35,406,0.009064
45,406,0.008158
55,406,0.006916
65,406,0.003679
70,406,0.001966
75,406,0.0014
0,408,0.009112
15,408,0.009132
25,408,0.009095
35,408,0.009109
45,408,0.007879
55,408,0.006966
65,408,0.002312
70,408,0.001348
75,408,0.001153
0,410,0.009119
15,410,0.009174
25,410,0.009122
35,410,0.009123
45,410,0.007572
55,410,0.00648
65,410,0.001436
70,410,0.000974
75,410,0.000967
0,412,0.009148
15,412,0.009194
25,412,0.009165
35,412,0.009138
45,412,0.007341
55,412,0.005032
65,412,0.000931
70,412,0.000732
75,412,0.000794
0,414,0.009192
15,414,0.009185
25,414,0.009209
35,414,0.009147
45,414,0.007282
55,414,0.003155
65,414,0.000638
70,414,0.000566
75,414,0.000632
0,416,0.009216
15,416,0.009163
25,416,0.009242
35,416,0.009102
45,416,0.007281
55,416,0.001735
65,416,0.000462
70,416,0.000449
75,416,0.000499
0,418,0.009194
15,418,0.009158
25,418,0.009251
35,418,0.008912
45,418,0.006807
55,418,0.000957
65,418,0.000354
70,418,0.000369
75,418,0.000406
0,420,0.009145
15,420,0.009185
25,420,0.009257
35,420,0.008528
45,420,0.005359
55,420,0.000566
65,420,0.000287
70,420,0.000318
75,420,0.000351
0,422,0.009105
15,422,0.009224
25,422,0.009267
35,422,0.008066
45,422,0.003362
55,422,0.000363
65,422,0.000245
70,422,0.000288
75,422,0.000325
0,424,0.009103
15,424,0.009254
25,424,0.009278
35,424,0.007679
45,424,0.001775
55,424,0.00025
65,424,0.000221
70,424,0.000278
75,424,0.000321
0,426,0.009139
15,426,0.009268
25,426,0.00926
35,426,0.007165
45,426,0.000903
55,426,0.000185
65,426,0.000212
70,426,0.000286
75,426,0.000332
0,428,0.009184
15,428,0.009274
25,428,0.009172
35,428,0.005925
45,428,0.00049
55,428,0.000147
65,428,0.000216
70,428,0.000308
75,428,0.00034
0,430,0.009217
15,430,0.009282
25,430,0.008917
35,430,0.003981
45,430,0.000292
55,430,0.000124
65,430,0.000234
70,430,0.000334
75,430,0.000321
0,432,0.009235
15,432,0.009273
25,432,0.008391
35,432,0.002182
45,432,0.000188
55,432,0.000112
65,432,0.000262
70,432,0.000344
75,432,0.000267
0,434,0.009249
15,434,0.00921
25,434,0.00744
35,434,0.001083
45,434,0.000131
55,434,0.000107
65,434,0.000295
70,434,0.000316
75,434,0.0002
0,436,0.009254
15,436,0.009041
25,436,0.005844
35,436,0.000546
45,436,9.7E-05
55,436,0.000109
65,436,0.000311
70,436,0.000253
75,436,0.000143
0,438,0.009209
15,438,0.008652
25,438,0.0038
35,438,0.0003
45,438,7.7E-05
55,438,0.000119
65,438,0.00029
70,438,0.000187
75,438,0.000104
0,440,0.009044
15,440,0.007789
25,440,0.002067
35,440,0.00018
45,440,6.5E-05
55,440,0.000136
65,440,0.000237
70,440,0.000136
75,440,8E-05
0,442,0.008679
15,442,0.006181
25,442,0.001027
35,442,0.000116
45,442,5.9E-05
55,442,0.000162
65,442,0.000177
70,442,0.000102
75,442,6.5E-05
0,444,0.007953
15,444,0.004043
25,444,0.000515
35,444,8.1E-05
45,444,5.6E-05
55,444,0.000193
65,444,0.00013
70,444,8.1E-05
75,444,5.8E-05
0,446,0.006614
15,446,0.002188
25,446,0.000276
35,446,6.1E-05
45,446,5.8E-05
55,446,0.000216
65,446,9.9E-05
70,446,7E-05
75,446,5.5E-05
0,448,0.004705
15,448,0.001103
25,448,0.000164
35,448,4.9E-05
45,448,6.4E-05
55,448,0.000216
65,448,8.1E-05
70,448,6.4E-05
75,448,5.6E-05
0,450,0.002791
15,450,0.000563
25,450,0.000105
35,450,4.2E-05
45,450,7.4E-05
55,450,0.000188
65,450,7E-05
70,450,6.3E-05
75,450,5.9E-05
0,452,0.001456
15,452,0.000303
25,452,7.3E-05
35,452,3.8E-05
45,452,9E-05
55,452,0.000148
65,452,6.5E-05
70,452,6.5E-05
75,452,6.6E-05
0,454,0.000729
15,454,0.000175
25,454,5.3E-05
35,454,3.6E-05
45,454,0.000114
55,454,0.000112
65,454,6.3E-05
70,454,7.1E-05
75,454,7.8E-05
0,456,0.000378
15,456,0.000108
25,456,4.2E-05
35,456,3.6E-05
45,456,0.000142
55,456,8.6E-05
65,456,6.5E-05
70,456,8.1E-05
75,456,9.7E-05
0,458,0.00021
15,458,7.2E-05
25,458,3.4E-05
35,458,3.8E-05
45,458,0.000162
55,458,7E-05
65,458,7.1E-05
70,458,9.7E-05
75,458,0.000122
0,460,0.000126
15,460,5.1E-05
25,460,2.9E-05
35,460,4.2E-05
45,460,0.000161
55,460,5.9E-05
65,460,8E-05
70,460,0.00012
75,460,0.000151
0,462,8E-05
15,462,3.8E-05
25,462,2.5E-05
35,462,4.8E-05
45,462,0.000139
55,462,5.3E-05
65,462,9.4E-05
70,462,0.00015
75,462,0.000175
0,464,5.3E-05
15,464,2.9E-05
25,464,2.3E-05
35,464,5.8E-05
45,464,0.000106
55,464,4.9E-05
65,464,0.000115
70,464,0.000183
75,464,0.000185
0,466,3.7E-05
15,466,2.2E-05
25,466,2.1E-05
35,466,7.4E-05
45,466,7.7E-05
55,466,4.7E-05
65,466,0.000144
70,466,0.000207
75,466,0.000176
0,468,2.7E-05
15,468,1.8E-05
25,468,2.1E-05
35,468,9.4E-05
45,468,5.7E-05
55,468,4.9E-05
65,468,0.000177
70,468,0.000212
75,468,0.000156
0,470,2E-05
15,470,1.6E-05
25,470,2.3E-05
35,470,0.000111
45,470,4.4E-05
55,470,5.3E-05
65,470,0.000203
70,470,0.000197
75,470,0.000135
0,472,1.6E-05
15,472,1.4E-05
25,472,2.6E-05
35,472,0.000113
45,472,3.6E-05
55,472,6.1E-05
65,472,0.000212
70,472,0.000171
75,472,0.000118
0,474,1.4E-05
15,474,1.4E-05
25,474,3.2E-05
35,474,9.8E-05
45,474,3.1E-05
55,474,7.4E-05
65,474,0.000199
70,474,0.000146
75,474,0.000107
0,476,1.2E-05
15,476,1.4E-05
25,476,4.2E-05
35,476,7.3E-05
45,476,2.9E-05
55,476,9.2E-05
65,476,0.000173
70,476,0.000127
75,476,0.000103
0,478,1.1E-05
15,478,1.5E-05
25,478,5.6E-05
35,478,5.2E-05
45,478,2.8E-05
55,478,0.000115
65,478,0.000146
70,478,0.000115
75,478,0.000103
0,480,1.1E-05
15,480,1.8E-05
25,480,7.2E-05
35,480,3.7E-05
45,480,2.8E-05
55,480,0.000138
65,480,0.000124
70,480,0.000109
75,480,0.000108
0,482,1.2E-05
15,482,2.3E-05
25,482,8.3E-05
35,482,2.8E-05
45,482,3.1E-05
55,482,0.000153
65,482,0.000109
70,482,0.000109
75,482,0.00012
0,484,1.5E-05
15,484,3.1E-05
25,484,8E-05
35,484,2.4E-05
45,484,3.7E-05
55,484,0.000155
65,484,0.000102
70,484,0.000115
75,484,0.000143
0,486,1.8E-05
15,486,4.4E-05
25,486,6.4E-05
35,486,2.1E-05
45,486,4.5E-05
55,486,0.000143
65,486,0.000101
70,486,0.000131
75,486,0.000183
0,488,2.2E-05
15,488,6E-05
25,488,4.7E-05
35,488,2E-05
45,488,5.7E-05
55,488,0.000125
65,488,0.000107
70,488,0.000159
75,488,0.000248
0,490,2.8E-05
15,490,7.4E-05
25,490,3.5E-05
35,490,2E-05
45,490,7.3E-05
55,490,0.000108
65,490,0.000121
70,490,0.000206
75,490,0.000354
0,492,3.9E-05
15,492,7.7E-05
25,492,2.8E-05
35,492,2.2E-05
45,492,9.4E-05
55,492,9.6E-05
65,492,0.000145
70,492,0.000282
75,492,0.00052
0,494,5.4E-05
15,494,6.5E-05
25,494,2.4E-05
35,494,2.4E-05
45,494,0.000114
55,494,8.8E-05
65,494,0.000184
70,494,0.000406
75,494,0.000746
0,496,7E-05
15,496,4.9E-05
25,496,2.1E-05
35,496,2.8E-05
45,496,0.000127
55,496,8.5E-05
65,496,0.000248
70,496,0.000593
75,496,0.000983
0,498,7.5E-05
15,498,3.6E-05
25,498,2E-05
35,498,3.3E-05
45,498,0.000127
55,498,8.6E-05
65,498,0.000347
70,498,0.00083
75,498,0.001136
0,500,6.5E-05
15,500,2.8E-05
25,500,1.9E-05
35,500,4.1E-05
45,500,0.000116
55,500,9E-05
65,500,0.000496
70,500,0.00105
75,500,0.001174
0,502,4.8E-05
15,502,2.3E-05
25,502,1.9E-05
35,502,5.2E-05
45,502,9.9E-05
55,502,9.9E-05
65,502,0.000691
70,502,0.001166
75,502,0.001153
0,504,3.4E-05
15,504,1.9E-05
25,504,1.9E-05
35,504,6.6E-05
45,504,8.3E-05
55,504,0.000114
65,504,0.000887
70,504,0.001155
75,504,0.001149
0,506,2.4E-05
15,506,1.5E-05
25,506,1.9E-05
35,506,8.3E-05
45,506,7.1E-05
55,506,0.000139
65,506,0.001003
70,506,0.00108
75,506,0.00122
0,508,1.8E-05
15,508,1.3E-05
25,508,2E-05
35,508,9.7E-05
45,508,6.3E-05
55,508,0.000178
65,508,0.000993
70,508,0.001018
75,508,0.001421
0,510,1.4E-05
15,510,1.2E-05
25,510,2.2E-05
35,510,0.000102
45,510,5.8E-05
55,510,0.000239
65,510,0.000899
70,510,0.001012
75,510,0.001848
0,512,1.1E-05
15,512,1.1E-05
25,512,2.7E-05
35,512,9.5E-05
45,512,5.6E-05
55,512,0.000329
65,512,0.000795
70,512,0.001084
75,512,0.002631
0,514,9E-06
15,514,1.1E-05
25,514,3.4E-05
35,514,8.1E-05
45,514,5.8E-05
55,514,0.000443
65,514,0.000722
70,514,0.001274
75,514,0.003625
0,516,8E-06
15,516,1.2E-05
25,516,4.6E-05
35,516,6.5E-05
45,516,6.3E-05
55,516,0.000544
65,516,0.000695
70,516,0.001639
75,516,0.004004
0,518,8E-06
15,518,1.4E-05
25,518,6E-05
35,518,5.2E-05
45,518,7.2E-05
55,518,0.000582
65,518,0.00072
70,518,0.002195
75,518,0.003216
0,520,8E-06
15,520,1.7E-05
25,520,7.3E-05
35,520,4.4E-05
45,520,8.7E-05
55,520,0.000539
65,520,0.000807
70,520,0.002734
75,520,0.001998
0,522,9E-06
15,522,2.2E-05
25,522,7.8E-05
35,522,3.8E-05
45,522,0.000111
55,522,0.000448
65,522,0.000979
70,522,0.002844
75,522,0.001125
0,524,1.1E-05
15,524,3E-05
25,524,7.3E-05
35,524,3.5E-05
45,524,0.00015
55,524,0.000357
65,524,0.001259
70,524,0.002387
75,524,0.000662
0,526,1.3E-05
15,526,4.1E-05
25,526,6.1E-05
35,526,3.5E-05
45,526,0.000206
55,526,0.000288
65,526,0.001605
70,526,0.001665
75,526,0.000426
0,528,1.7E-05
15,528,5.4E-05
25,528,4.8E-05
35,528,3.6E-05
45,528,0.000266
55,528,0.000244
65,528,0.001846
70,528,0.001045
75,528,0.0003
0,530,2.3E-05
15,530,6.4E-05
25,530,3.8E-05
35,530,4E-05
45,530,0.000306
55,530,0.000219
65,530,0.001822
70,530,0.000655
75,530,0.000227
0,532,3.1E-05
15,532,6.6E-05
25,532,3.2E-05
35,532,4.6E-05
45,532,0.000301
55,532,0.000209
65,532,0.001542
70,532,0.000437
75,532,0.000182
0,534,4.3E-05
15,534,5.9E-05
25,534,2.7E-05
35,534,5.5E-05
45,534,0.000254
55,534,0.000212
65,534,0.001138
70,534,0.000311
75,534,0.000153
0,536,5.5E-05
15,536,4.7E-05
25,536,2.5E-05
35,536,7E-05
45,536,0.000193
55,536,0.000228
65,536,0.000766
70,536,0.000237
75,536,0.000135
0,538,6.1E-05
15,538,3.7E-05
25,538,2.4E-05
35,538,9.3E-05
45,538,0.000142
55,538,0.000261
65,538,0.000509
70,538,0.000191
75,538,0.000124
0,540,5.8E-05
15,540,2.9E-05
25,540,2.5E-05
35,540,0.000125
45,540,0.000107
55,540,0.000318
65,540,0.000353
70,540,0.000161
75,540,0.000118
0,542,4.8E-05
15,542,2.5E-05
25,542,2.7E-05
35,542,0.000161
45,542,8.5E-05
55,542,0.000408
65,542,0.00026
70,542,0.000142
75,542,0.000116
0,544,3.7E-05
15,544,2.2E-05
25,544,3.1E-05
35,544,0.000179
45,544,7.1E-05
55,544,0.000533
65,544,0.000202
70,544,0.00013
75,544,0.000118
0,546,2.9E-05
15,546,2E-05
25,546,3.7E-05
35,546,0.000168
45,546,6.3E-05
55,546,0.000663
65,546,0.000165
70,546,0.000123
75,546,0.000124
0,548,2.4E-05
15,548,1.9E-05
25,548,4.8E-05
35,548,0.000132
45,548,5.9E-05
55,548,0.000744
65,548,0.000141
70,548,0.000121
75,548,0.000135
0,550,2E-05
15,550,2E-05
25,550,6.4E-05
35,550,9.4E-05
45,550,5.7E-05
55,550,0.000744
65,550,0.000125
70,550,0.000122
75,550,0.000153
0,552,1.8E-05
15,552,2.2E-05
25,552,8.5E-05
35,552,6.5E-05
45,552,5.8E-05
55,552,0.000667
65,552,0.000116
70,552,0.000127
75,552,0.00018
0,554,1.7E-05
15,554,2.5E-05
25,554,0.00011
35,554,4.6E-05
45,554,6.1E-05
55,554,0.000539
65,554,0.00011
70,554,0.000137
75,554,0.000221
0,556,1.7E-05
15,556,3E-05
25,556,0.000124
35,556,3.5E-05
45,556,6.8E-05
55,556,0.000398
65,556,0.000108
70,556,0.000152
75,556,0.000284
0,558,1.8E-05
15,558,4E-05
25,558,0.000115
35,558,2.8E-05
45,558,7.9E-05
55,558,0.000283
65,558,0.000109
70,558,0.000174
75,558,0.000384
0,560,2E-05
15,560,5.5E-05
25,560,8.8E-05
35,560,2.4E-05
45,560,9.7E-05
55,560,0.000204
65,560,0.000113
70,560,0.000206
75,560,0.000547
0,562,2.4E-05
15,562,7.7E-05
25,562,5.9E-05
35,562,2.1E-05
45,562,0.000126
55,562,0.000154
65,562,0.000121
70,562,0.000255
75,562,0.000799
0,564,3E-05
15,564,9.9E-05
25,564,3.9E-05
35,564,1.9E-05
45,564,0.000171
55,564,0.000122
65,564,0.000133
70,564,0.000326
75,564,0.001115
0,566,3.9E-05
15,566,0.000104
25,566,2.7E-05
35,566,1.8E-05
45,566,0.000234
55,566,0.000101
65,566,0.000151
70,566,0.00043
75,566,0.001356
0,568,5.5E-05
15,568,8.7E-05
25,568,2E-05
35,568,1.8E-05
45,568,0.000302
55,568,8.7E-05
65,568,0.000175
70,568,0.000575
75,568,0.00137
0,570,7.8E-05
15,570,6E-05
25,570,1.5E-05
35,570,1.8E-05
45,570,0.000352
55,570,7.8E-05
65,570,0.000211
70,570,0.000753
75,570,0.001174
0,572,9.7E-05
15,572,3.8E-05
25,572,1.3E-05
35,572,1.9E-05
45,572,0.000366
55,572,7.2E-05
65,572,0.000261
70,572,0.000919
75,572,0.000902
0,574,9.2E-05
15,574,2.5E-05
25,574,1.1E-05
35,574,2E-05
45,574,0.000343
55,574,6.9E-05
65,574,0.000331
70,574,0.00101
75,574,0.000665
0,576,6.6E-05
15,576,1.7E-05
25,576,9E-06
35,576,2.3E-05
45,576,0.00029
55,576,6.7E-05
65,576,0.000425
70,576,0.000994
75,576,0.000497
0,578,4.1E-05
15,578,1.3E-05
25,578,8E-06
35,578,2.6E-05
45,578,0.000223
55,578,6.7E-05
65,578,0.000538
70,578,0.000889
75,578,0.000386
0,580,2.6E-05
15,580,1E-05
25,580,8E-06
35,580,3.2E-05
45,580,0.000162
55,580,6.9E-05
65,580,0.000654
70,580,0.000741
75,580,0.000313
0,582,1.7E-05
15,582,8E-06
25,582,8E-06
35,582,4E-05
45,582,0.000118
55,582,7.3E-05
65,582,0.000743
70,582,0.000597
75,582,0.000264
0,584,1.2E-05
15,584,7E-06
25,584,7E-06
35,584,5.4E-05
45,584,8.9E-05
55,584,7.9E-05
65,584,0.000779
70,584,0.000479
75,584,0.000232
0,586,9E-06
15,586,6E-06
25,586,7E-06
35,586,7.5E-05
45,586,7E-05
55,586,8.8E-05
65,586,0.000757
70,586,0.000391
75,586,0.00021
0,588,7E-06
15,588,5E-06
25,588,8E-06
35,588,0.000109
45,588,5.8E-05
55,588,0.0001
65,588,0.000687
70,588,0.000329
75,588,0.000195
0,590,6E-06
15,590,5E-06
25,590,8E-06
35,590,0.000152
45,590,5.1E-05
55,590,0.000115
65,590,0.000593
70,590,0.000285
75,590,0.000187
0,592,5E-06
15,592,4E-06
25,592,9E-06
35,592,0.000193
45,592,4.6E-05
55,592,0.000136
65,592,0.000498
70,592,0.000255
75,592,0.000183
0,594,4E-06
15,594,4E-06
25,594,1E-05
35,594,0.000216
45,594,4.2E-05
55,594,0.000165
65,594,0.000416
70,594,0.000234
75,594,0.000183
0,596,4E-06
15,596,4E-06
25,596,1.1E-05
35,596,0.000213
45,596,4.1E-05
55,596,0.000204
65,596,0.000351
70,596,0.00022
75,596,0.000187
0,598,4E-06
15,598,4E-06
25,598,1.4E-05
35,598,0.000186
45,598,4.1E-05
55,598,0.000256
65,598,0.000303
70,598,0.000211
75,598,0.000195
0,600,3E-06
15,600,4E-06
25,600,1.7E-05
35,600,0.000146
45,600,4.2E-05
55,600,0.000319
65,600,0.000268
70,600,0.000208
75,600,0.000206
0,602,3E-06
15,602,5E-06
25,602,2.2E-05
35,602,0.000106
45,602,4.3E-05
55,602,0.000387
65,602,0.000243
70,602,0.000209
75,602,0.000223
0,604,3E-06
15,604,5E-06
25,604,3E-05
35,604,7.6E-05
45,604,4.3E-05
55,604,0.000449
65,604,0.000226
70,604,0.000213
75,604,0.000246
0,606,3E-06
15,606,5E-06
25,606,4.3E-05
35,606,5.7E-05
45,606,4.5E-05
55,606,0.000493
65,606,0.000214
70,606,0.000222
75,606,0.000276
0,608,3E-06
15,608,6E-06
25,608,6.5E-05
35,608,4.6E-05
45,608,4.8E-05
55,608,0.000509
65,608,0.000207
70,608,0.000235
75,608,0.000316
0,610,3E-06
15,610,7E-06
25,610,9.7E-05
35,610,4E-05
45,610,5.3E-05
55,610,0.000495
65,610,0.000205
70,610,0.000253
75,610,0.000369
0,612,3E-06
15,612,8E-06
25,612,0.000132
35,612,3.8E-05
45,612,5.9E-05
55,612,0.000457
65,612,0.000206
70,612,0.000277
75,612,0.000439
0,614,4E-06
15,614,1E-05
25,614,0.000155
35,614,3.5E-05
45,614,6.9E-05
55,614,0.000405
65,614,0.000211
70,614,0.000309
75,614,0.000533
0,616,4E-06
15,616,1.3E-05
25,616,0.000155
35,616,3.2E-05
45,616,8.2E-05
55,616,0.000349
65,616,0.000219
70,616,0.00035
75,616,0.000663
0,618,4E-06
15,618,1.7E-05
25,618,0.000133
35,618,2.8E-05
45,618,0.0001
55,618,0.000299
65,618,0.000232
70,618,0.000404
75,618,0.00084
0,620,5E-06
15,620,2.3E-05
25,620,0.000102
35,620,2.6E-05
45,620,0.000125
55,620,0.000258
65,620,0.000249
70,620,0.000476
75,620,0.001076
0,622,6E-06
15,622,3.5E-05
25,622,7.6E-05
35,622,2.4E-05
45,622,0.000158
55,622,0.000226
65,622,0.000272
70,622,0.00057
75,622,0.001401
0,624,7E-06
15,624,5.5E-05
25,624,6E-05
35,624,2.4E-05
45,624,0.0002
55,624,0.000202
65,624,0.000304
70,624,0.000688
75,624,0.001849
0,626,9E-06
15,626,8.5E-05
25,626,4.9E-05
35,626,2.4E-05
45,626,0.000249
55,626,0.000184
65,626,0.000345
70,626,0.000841
75,626,0.00243
0,628,1.2E-05
15,628,0.00012
25,628,3.9E-05
35,628,2.5E-05
45,628,0.0003
55,628,0.000172
65,628,0.000394
70,628,0.001048
75,628,0.003121
0,630,1.6E-05
15,630,0.000141
25,630,3.1E-05
35,630,2.7E-05
45,630,0.000341
55,630,0.000163
65,630,0.000453
70,630,0.001326
75,630,0.003842
0,632,2.3E-05
15,632,0.000135
25,632,2.5E-05
35,632,2.9E-05
45,632,0.000366
55,632,0.000159
65,632,0.000529
70,632,0.001693
75,632,0.004459
0,634,3.5E-05
15,634,0.00011
25,634,2.1E-05
35,634,3.3E-05
45,634,0.00037
55,634,0.000157
65,634,0.00063
70,634,0.002161
75,634,0.004851
0,636,5.8E-05
15,636,8E-05
25,636,1.9E-05
35,636,3.7E-05
45,636,0.000353
55,636,0.000159
65,636,0.000763
70,636,0.002725
75,636,0.004973
0,638,9.5E-05
15,638,5.6E-05
25,638,1.7E-05
35,638,4.3E-05
45,638,0.00032
55,638,0.000165
65,638,0.000938
70,638,0.003351
75,638,0.004868
0,640,0.000136
15,640,4E-05
25,640,1.7E-05
35,640,5.1E-05
45,640,0.000279
55,640,0.000173
65,640,0.001168
70,640,0.003982
75,640,0.004624
0,642,0.000146
15,642,3E-05
25,642,1.6E-05
35,642,6.2E-05
45,642,0.000238
55,642,0.000182
65,642,0.001469
70,642,0.004536
75,642,0.004331
0,644,0.000115
15,644,2.3E-05
25,644,1.6E-05
35,644,7.7E-05
45,644,0.000203
55,644,0.000191
65,644,0.001855
70,644,0.004944
75,644,0.004054
0,646,7.7E-05
15,646,1.9E-05
25,646,1.6E-05
35,646,9.9E-05
45,646,0.000176
55,646,0.000202
65,646,0.002333
70,646,0.00517
75,646,0.003829
0,648,5.1E-05
15,648,1.7E-05
25,648,1.7E-05
35,648,0.000127
45,648,0.000155
55,648,0.000217
65,648,0.002896
70,648,0.005222
75,648,0.003667
0,650,3.6E-05
15,650,1.5E-05
25,650,1.8E-05
35,650,0.000164
45,650,0.000141
55,650,0.000238
65,650,0.003514
70,650,0.005139
75,650,0.00357
0,652,2.7E-05
15,652,1.4E-05
25,652,1.9E-05
35,652,0.000207
45,652,0.000132
55,652,0.000266
65,652,0.004133
70,652,0.004979
75,652,0.003537
0,654,2.1E-05
15,654,1.3E-05
25,654,2.1E-05
35,654,0.000248
45,654,0.000127
55,654,0.000302
65,654,0.004687
70,654,0.004794
75,654,0.003562
0,656,1.8E-05
15,656,1.3E-05
25,656,2.4E-05
35,656,0.000279
45,656,0.000125
55,656,0.000348
65,656,0.005119
70,656,0.004625
75,656,0.003644
0,658,1.5E-05
15,658,1.3E-05
25,658,2.7E-05
35,658,0.000293
45,658,0.000122
55,658,0.000408
65,658,0.005392
70,658,0.004499
75,658,0.003779
0,660,1.3E-05
15,660,1.3E-05
25,660,3.2E-05
35,660,0.000288
45,660,0.000118
55,660,0.000484
65,660,0.005505
70,660,0.004425
75,660,0.003967
0,662,1.2E-05
15,662,1.3E-05
25,662,3.8E-05
35,662,0.000265
45,662,0.000115
55,662,0.000585
65,662,0.00548
70,662,0.004408
75,662,0.004204
0,664,1.2E-05
15,664,1.3E-05
25,664,4.7E-05
35,664,0.000234
45,664,0.000113
55,664,0.000716
65,664,0.005365
70,664,0.004448
75,664,0.004486
0,666,1.1E-05
15,666,1.4E-05
25,666,5.9E-05
35,666,0.0002
45,666,0.000114
55,666,0.00089
65,666,0.005209
70,666,0.004545
75,666,0.004803
0,668,1.1E-05
15,668,1.5E-05
25,668,7.5E-05
35,668,0.000172
45,668,0.000117
55,668,0.00112
65,668,0.005055
70,668,0.004697
75,668,0.005143
0,670,1.1E-05
15,670,1.7E-05
25,670,9.9E-05
35,670,0.000152
45,670,0.000122
55,670,0.001424
65,670,0.00493
70,670,0.0049
75,670,0.005489
0,672,1.1E-05
15,672,1.9E-05
25,672,0.000131
35,672,0.000136
45,672,0.00013
55,672,0.001821
65,672,0.004852
70,672,0.005151
75,672,0.005819
0,674,1.1E-05
15,674,2.2E-05
25,674,0.000169
35,674,0.000124
45,674,0.00014
55,674,0.002321
65,674,0.004828
70,674,0.005444
75,674,0.006106
0,676,1.2E-05
15,676,2.5E-05
25,676,0.000209
35,676,0.000112
45,676,0.000153
55,676,0.002915
65,676,0.00486
70,676,0.005767
75,676,0.006328
0,678,1.3E-05
15,678,3E-05
25,678,0.000241
35,678,0.000101
45,678,0.00017
55,678,0.003574
65,678,0.004948
70,678,0.006109
75,678,0.006472
0,680,1.4E-05
15,680,3.7E-05
25,680,0.000257
35,680,9.1E-05
45,680,0.000191
55,680,0.004243
65,680,0.005091
70,680,0.006452
75,680,0.006532
0,682,1.5E-05
15,682,4.6E-05
25,682,0.000253
35,682,8.4E-05
45,682,0.000217
55,682,0.004852
65,682,0.005286
70,682,0.006779
75,682,0.006512
0,684,1.7E-05
15,684,5.9E-05
25,684,0.000234
35,684,7.9E-05
45,684,0.000251
55,684,0.005338
65,684,0.00553
70,684,0.007065
75,684,0.006426
0,686,1.9E-05
15,686,7.7E-05
25,686,0.000207
35,686,7.7E-05
45,686,0.000294
55,686,0.005654
65,686,0.005815
70,686,0.007293
75,686,0.006292
0,688,2.3E-05
15,688,0.000103
25,688,0.000179
35,688,7.6E-05
45,688,0.00035
55,688,0.005783
65,688,0.006131
70,688,0.007449
75,688,0.006131
0,690,2.7E-05
15,690,0.000138
25,690,0.000152
35,690,7.6E-05
45,690,0.000422
55,690,0.005746
65,690,0.006466
70,690,0.007529
75,690,0.005962
0,692,3.3E-05
15,692,0.00018
25,692,0.000128
35,692,7.7E-05
45,692,0.000518
55,692,0.005587
65,692,0.006808
70,692,0.007536
75,692,0.005798
0,694,4.1E-05
15,694,0.000222
25,694,0.000108
35,694,7.9E-05
45,694,0.000647
55,694,0.005364
65,694,0.007138
70,694,0.007476
75,694,0.005649
0,696,5.3E-05
15,696,0.000249
25,696,9.2E-05
35,696,8.3E-05
45,696,0.00082
55,696,0.005134
65,696,0.007433
70,696,0.007364
75,696,0.005531
0,698,6.9E-05
15,698,0.000253
25,698,8.1E-05
35,698,8.8E-05
45,698,0.001055
55,698,0.004933
65,698,0.00768
70,698,0.007217
75,698,0.00547
0,700,9.3E-05
15,700,0.000233
25,700,7.2E-05
35,700,9.4E-05
45,700,0.001373
55,700,0.004787
65,700,0.007863
70,700,0.007057
75,700,0.00554
0,702,0.000127
15,702,0.0002
25,702,6.7E-05
35,702,0.000102
45,702,0.001797
55,702,0.004703
65,702,0.007971
70,702,0.006918
75,702,0.005653
0,704,0.000171
15,704,0.000164
25,704,6.2E-05
35,704,0.000112
45,704,0.002341
55,704,0.004683
65,704,0.008007
70,704,0.006868
75,704,0.005582
0,706,0.000218
15,706,0.000133
25,706,5.9E-05
35,706,0.000124
45,706,0.00299
55,706,0.004727
65,706,0.007983
70,706,0.00687
75,706,0.005442
0,708,0.00025
15,708,0.000109
25,708,5.7E-05
35,708,0.00014
45,708,0.003701
55,708,0.004831
65,708,0.007933
70,708,0.006758
75,708,0.005399
0,710,0.00025
15,710,9.1E-05
25,710,5.7E-05
35,710,0.000159
45,710,0.004399
55,710,0.004995
65,710,0.007909
70,710,0.006521
75,710,0.005439
0,712,0.000221
15,712,7.8E-05
25,712,5.6E-05
35,712,0.000183
45,712,0.005
55,712,0.005217
65,712,0.007853
70,712,0.006307
75,712,0.00552
0,714,0.000181
15,714,6.8E-05
25,714,5.7E-05
35,714,0.000215
45,714,0.005432
55,714,0.005492
65,714,0.007664
70,714,0.006181
75,714,0.005628
0,716,0.000145
15,716,6.1E-05
25,716,5.8E-05
35,716,0.000255
45,716,0.005659
55,716,0.005815
65,716,0.007358
70,716,0.006121
75,716,0.005758
0,718,0.000117
15,718,5.6E-05
25,718,6.1E-05
35,718,0.000306
45,718,0.005678
55,718,0.006179
65,718,0.007037
70,718,0.006101
75,718,0.005906
0,720,9.6E-05
15,720,5.3E-05
25,720,6.3E-05
35,720,0.000375
45,720,0.005519
55,720,0.00658
65,720,0.006774
70,720,0.006113
75,720,0.006065
0,722,8E-05
15,722,5E-05
25,722,6.7E-05
35,722,0.000467
45,722,0.005245
55,722,0.007011
65,722,0.006571
70,722,0.006151
75,722,0.00623
0,724,6.9E-05
15,724,4.8E-05
25,724,7.2E-05
35,724,0.000592
45,724,0.004929
55,724,0.007476
65,724,0.006412
70,724,0.006215
75,724,0.006393
0,726,6.1E-05
15,726,4.7E-05
25,726,7.8E-05
35,726,0.000762
45,726,0.004634
55,726,0.007929
65,726,0.006288
70,726,0.006299
75,726,0.006551
0,728,5.5E-05
15,728,4.7E-05
25,728,8.6E-05
35,728,0.000999
45,728,0.004395
55,728,0.008272
65,728,0.006195
70,728,0.0064
75,728,0.006697
0,730,5E-05
15,730,4.7E-05
25,730,9.5E-05
35,730,0.001328
45,730,0.004229
55,730,0.008448
65,730,0.006137
70,730,0.006517
75,730,0.006825
0,732,4.7E-05
15,732,4.8E-05
25,732,0.000106
35,732,0.001778
45,732,0.004137
55,732,0.008459
65,732,0.006107
70,732,0.006645
75,732,0.006933
0,734,4.5E-05
15,734,4.9E-05
25,734,0.000121
35,734,0.002369
45,734,0.004119
55,734,0.008344
65,734,0.006102
70,734,0.006784
75,734,0.007018
0,736,4.3E-05
15,736,5.1E-05
25,736,0.000138
35,736,0.003082
45,736,0.004178
55,736,0.008157
65,736,0.006126
70,736,0.006928
75,736,0.007079
0,738,4.2E-05
15,738,5.3E-05
25,738,0.000161
35,738,0.003851
45,738,0.004318
55,738,0.007922
65,738,0.006172
70,738,0.007075
75,738,0.007117
0,740,4.2E-05
15,740,5.7E-05
25,740,0.000189
35,740,0.004572
45,740,0.004551
55,740,0.007651
65,740,0.006242
70,740,0.007219
75,740,0.007138
0,742,4.2E-05
15,742,6.1E-05
25,742,0.000226
35,742,0.005141
45,742,0.004882
55,742,0.007351
65,742,0.006335
70,742,0.007363
75,742,0.007148
0,744,4.2E-05
15,744,6.6E-05
25,744,0.000273
35,744,0.005483
45,744,0.005271
55,744,0.007042
65,744,0.006449
70,744,0.007505
75,744,0.007151
0,746,4.3E-05
15,746,7.2E-05
25,746,0.000336
35,746,0.005573
45,746,0.005663
55,746,0.00674
65,746,0.006583
70,746,0.007644
75,746,0.007152
0,748,4.5E-05
15,748,7.9E-05
25,748,0.000421
35,748,0.005434
45,748,0.00603
55,748,0.006454
65,748,0.006735
70,748,0.007788
75,748,0.007143
0,750,4.7E-05
15,750,8.9E-05
25,750,0.000536
35,750,0.005135
45,750,0.006374
55,750,0.006195
65,750,0.006909
70,750,0.007928
75,750,0.007105
0,752,4.9E-05
15,752,0.0001
25,752,0.000696
35,752,0.004767
45,752,0.006713
55,752,0.005965
65,752,0.007103
70,752,0.008058
75,752,0.00703
0,754,5.2E-05
15,754,0.000114
25,754,0.000922
35,754,0.00442
45,754,0.007057
55,754,0.005773
65,754,0.007318
70,754,0.008153
75,754,0.00693
0,756,5.6E-05
15,756,0.000132
25,756,0.00124
35,756,0.004155
45,756,0.007385
55,756,0.005617
65,756,0.007548
70,756,0.008196
75,756,0.006827
0,758,6.1E-05
15,758,0.000154
25,758,0.001688
35,758,0.003997
45,758,0.007669
55,758,0.005497
65,758,0.007779
70,758,0.008186
75,758,0.006741
0,760,6.7E-05
15,760,0.000182
25,760,0.002294
35,760,0.003947
45,760,0.007877
55,760,0.005415
65,760,0.007981
70,760,0.008146
75,760,0.006668
0,762,7.4E-05
15,762,0.000218
25,762,0.00306
35,762,0.003972
45,762,0.007981
55,762,0.005372
65,762,0.008137
70,762,0.008097
75,762,0.006616
0,764,8.3E-05
15,764,0.000266
25,764,0.003914
35,764,0.004019
45,764,0.007975
55,764,0.005367
65,764,0.008241
70,764,0.008052
75,764,0.00658
0,766,9.4E-05
15,766,0.000328
25,766,0.00471
35,766,0.004062
45,766,0.007862
55,766,0.005402
65,766,0.008309
70,766,0.008018
75,766,0.006561
0,768,0.000107
15,768,0.000412
25,768,0.005309
35,768,0.004105
45,768,0.007654
55,768,0.005478
65,768,0.008362
70,768,0.007988
75,768,0.006555
0,770,0.000123
15,770,0.000527
25,770,0.005616
35,770,0.004177
45,770,0.007376
55,770,0.005595
65,770,0.008414
70,770,0.007967
75,770,0.006564
0,772,0.000144
15,772,0.000688
25,772,0.005618
35,772,0.00431
45,772,0.007049
55,772,0.005745
65,772,0.008463
70,772,0.007951
75,772,0.006579
0,774,0.000171
15,774,0.000915
25,774,0.005392
35,774,0.004519
45,774,0.006706
55,774,0.00591
65,774,0.008509
70,774,0.007941
75,774,0.006608
0,776,0.000204
15,776,0.001241
25,776,0.005057
35,776,0.0048
45,776,0.006367
55,776,0.006074
65,776,0.008549
70,776,0.007937
75,776,0.006645
0,778,0.000248
15,778,0.001709
25,778,0.004713
35,778,0.005151
45,778,0.006048
55,778,0.006218
65,778,0.008581
70,778,0.007941
75,778,0.006691
0,780,0.000305
15,780,0.002362
25,780,0.004396
35,780,0.005558
45,780,0.005765
55,780,0.006348
65,780,0.00861
70,780,0.00795
75,780,0.006739
0,782,0.000383
15,782,0.00322
25,782,0.004102
35,782,0.006006
45,782,0.005525
55,782,0.006471
65,782,0.00863
70,782,0.007966
75,782,0.006791
0,784,0.000488
15,784,0.004212
25,784,0.003834
35,784,0.006468
45,784,0.005333
55,784,0.0066
65,784,0.008645
70,784,0.007987
75,784,0.006846
0,786,0.000633
15,786,0.005151
25,786,0.003612
35,786,0.006908
45,786,0.00519
55,786,0.00675
65,786,0.008654
70,786,0.00801
75,786,0.006897
0,788,0.00084
15,788,0.005812
25,788,0.003454
35,788,0.007295
45,788,0.005095
55,788,0.006922
65,788,0.00866
70,788,0.008042
75,788,0.00695
0,790,0.001135
15,790,0.00605
25,790,0.00337
35,790,0.007597
45,790,0.005037
55,790,0.007111
65,790,0.008661
70,790,0.008077
75,790,0.007001
0,792,0.001568
15,792,0.00588
25,792,0.003355
35,792,0.007783
45,792,0.005005
55,792,0.00732
65,792,0.008669
70,792,0.008114
75,792,0.007045
0,794,0.002194
15,794,0.005425
25,794,0.003406
35,794,0.007841
45,794,0.004979
55,794,0.007536
65,794,0.008673
70,794,0.008152
75,794,0.007083
0,796,0.003067
15,796,0.004863
25,796,0.003515
35,796,0.007772
45,796,0.004951
55,796,0.007754
65,796,0.008676
70,796,0.008192
75,796,0.007121
0,798,0.004181
15,798,0.004321
25,798,0.003689
35,798,0.007588
45,798,0.00492
55,798,0.00797
65,798,0.008684
70,798,0.008234
75,798,0.007142
0,800,0.00534
15,800,0.003869
25,800,0.003924
35,800,0.007318
45,800,0.004888
55,800,0.008176
65,800,0.008695
70,800,0.008275
75,800,0.007161
0,802,0.006153
15,802,0.003521
25,802,0.004223
35,802,0.006996
45,802,0.004869
55,802,0.008368
65,802,0.008707
70,802,0.008315
75,802,0.007177
0,804,0.006318
15,804,0.003274
25,804,0.004585
35,804,0.006654
45,804,0.004871
55,804,0.008544
65,804,0.008723
70,804,0.008354
75,804,0.007181
0,806,0.005914
15,806,0.003111
25,806,0.005007
35,806,0.006317
45,806,0.004905
55,806,0.008698
65,806,0.008741
70,806,0.00839
75,806,0.007184
0,808,0.00525
15,808,0.003019
25,808,0.005486
35,808,0.006005
45,808,0.004971
55,808,0.008825
65,808,0.008766
70,808,0.008426
75,808,0.007183
0,810,0.004581
15,810,0.002986
25,810,0.005995
35,810,0.005716
45,810,0.005068
55,810,0.008929
65,810,0.008791
70,810,0.008452
75,810,0.007175
0,812,0.004024
15,812,0.003005
25,812,0.006486
35,812,0.00547
45,812,0.005182
55,812,0.009004
65,812,0.008826
70,812,0.008495
75,812,0.007184
0,814,0.00359
15,814,0.003076
25,814,0.006972
35,814,0.005228
45,814,0.005338
55,814,0.009058
65,814,0.008862
70,814,0.008523
75,814,0.00718
0,816,0.00327
15,816,0.0032
25,816,0.007399
35,816,0.004994
45,816,0.005526
55,816,0.009096
65,816,0.008906
70,816,0.008555
75,816,0.007163
0,818,0.003043
15,818,0.00338
25,818,0.007713
35,818,0.004776
45,818,0.005739
55,818,0.009116
65,818,0.008951
70,818,0.008585
75,818,0.007145
0,820,0.002896
15,820,0.003614
25,820,0.007891
35,820,0.004575
45,820,0.005976
55,820,0.009122
65,820,0.009003
70,820,0.008612
75,820,0.007119
0,822,0.002809
15,822,0.003909
25,822,0.007919
35,822,0.004394
45,822,0.006233
55,822,0.009111
65,822,0.009059
70,822,0.008627
75,822,0.00708
0,824,0.002779
15,824,0.00427
25,824,0.007798
35,824,0.004247
45,824,0.006504
55,824,0.00909
65,824,0.009115
70,824,0.008632
75,824,0.007034
0,826,0.002797
15,826,0.004699
25,826,0.007553
35,826,0.004132
45,826,0.006792
55,826,0.009066
65,826,0.009173
70,826,0.008624
75,826,0.006988
0,828,0.002862
15,828,0.005196
25,828,0.007218
35,828,0.004051
45,828,0.007081
55,828,0.009042
65,828,0.009225
70,828,0.008606
75,828,0.006938
0,830,0.002972
15,830,0.005742
25,830,0.006828
35,830,0.004003
45,830,0.007373
55,830,0.009016
65,830,0.009273
70,830,0.008572
75,830,0.006897
0,832,0.003131
15,832,0.006323
25,832,0.006402
35,832,0.003983
45,832,0.00766
55,832,0.008997
65,832,0.009308
70,832,0.008532
75,832,0.006858
0,834,0.003346
15,834,0.006893
25,834,0.005974
35,834,0.003995
45,834,0.007941
55,834,0.008984
65,834,0.009327
70,834,0.008486
75,834,0.006829
0,836,0.003613
15,836,0.007403
25,836,0.005562
35,836,0.004038
45,836,0.008196
55,836,0.008981
65,836,0.00933
70,836,0.008446
75,836,0.006809
0,838,0.003948
15,838,0.007795
25,838,0.005177
35,838,0.004106
45,838,0.008433
55,838,0.008985
65,838,0.009327
70,838,0.008399
75,838,0.006802
0,840,0.004349
15,840,0.008024
25,840,0.004833
35,840,0.004199
45,840,0.008637
55,840,0.009005
65,840,0.009308
70,840,0.008369
75,840,0.006798
0,842,0.004825
15,842,0.008067
25,842,0.004528
35,842,0.004322
45,842,0.008799
55,842,0.009034
65,842,0.009288
70,842,0.008331
75,842,0.006809
0,844,0.005364
15,844,0.007911
25,844,0.004267
35,844,0.004475
45,844,0.008944
55,844,0.009067
65,844,0.009265
70,844,0.008314
75,844,0.006821
0,846,0.005962
15,846,0.007597
25,846,0.004054
35,846,0.004646
45,846,0.009048
55,846,0.009108
65,846,0.009232
70,846,0.008291
75,846,0.006847
0,848,0.006581
15,848,0.007168
25,848,0.003877
35,848,0.00485
45,848,0.009115
55,848,0.009157
65,848,0.009208
70,848,0.008279
75,848,0.006878
0,850,0.007165
15,850,0.006689
25,850,0.003741
35,850,0.005069
45,850,0.009157
55,850,0.009199
65,850,0.00918
70,850,0.008283
75,850,0.006916
0,852,0.007665
15,852,0.00618
25,852,0.003633
35,852,0.005317
45,852,0.009173
55,852,0.009247
65,852,0.009162
70,852,0.008285
75,852,0.006966
0,854,0.007997
15,854,0.005695
25,854,0.003558
35,854,0.005591
45,854,0.009156
55,854,0.00929
65,854,0.00915
70,854,0.008301
75,854,0.007015
0,856,0.008122
15,856,0.005248
25,856,0.003513
35,856,0.005884
45,856,0.009139
55,856,0.00933
65,856,0.009121
70,856,0.008311
75,856,0.007072
0,858,0.008001
15,858,0.004854
25,858,0.003494
35,858,0.006193
45,858,0.009102
55,858,0.009355
65,858,0.009103
70,858,0.008331
75,858,0.007131
0,860,0.00771
15,860,0.00451
25,860,0.003496
35,860,0.006519
45,860,0.009053
55,860,0.009382
65,860,0.0091
70,860,0.008358
75,860,0.007194
0,862,0.00726
15,862,0.004216
25,862,0.003521
35,862,0.006836
45,862,0.009006
55,862,0.009415
65,862,0.009089
70,862,0.008384
75,862,0.007263
0,864,0.006748
15,864,0.003965
25,864,0.003568
35,864,0.007182
45,864,0.008958
55,864,0.009443
65,864,0.009067
70,864,0.00842
75,864,0.007317
0,866,0.006211
15,866,0.003758
25,866,0.003636
35,866,0.007492
45,866,0.008914
55,866,0.00947
65,866,0.009081
70,866,0.00845
75,866,0.007387
0,868,0.005701
15,868,0.0036
25,868,0.003744
35,868,0.007799
45,868,0.008871
55,868,0.009518
65,868,0.009061
70,868,0.008496
75,868,0.007451
0,870,0.005222
15,870,0.003468
25,870,0.003857
35,870,0.0081
45,870,0.008837
55,870,0.009539
65,870,0.009086
70,870,0.00854
75,870,0.007519
0,872,0.004805
15,872,0.003365
25,872,0.003991
35,872,0.008371
45,872,0.008824
55,872,0.009552
65,872,0.009067
70,872,0.008594
75,872,0.007572
0,874,0.004444
15,874,0.003286
25,874,0.004158
35,874,0.008603
45,874,0.008778
55,874,0.009582
65,874,0.009082
70,874,0.008639
75,874,0.007624
0,876,0.004144
15,876,0.003242
25,876,0.004361
35,876,0.0088
45,876,0.008735
55,876,0.0096
65,876,0.009101
70,876,0.008682
75,876,0.00766
0,878,0.003887
15,878,0.00321
25,878,0.004565
35,878,0.008945
45,878,0.008749
55,878,0.009617
65,878,0.009096
70,878,0.008721
75,878,0.007712
0,880,0.003662
15,880,0.003208
25,880,0.004802
35,880,0.009077
45,880,0.008707
55,880,0.009656
65,880,0.009121
70,880,0.008771
75,880,0.007738
0,882,0.003506
15,882,0.003216
25,882,0.005063
35,882,0.009152
45,882,0.008731
55,882,0.009652
65,882,0.009118
70,882,0.008821
75,882,0.007785
0,884,0.003355
15,884,0.003271
25,884,0.005368
35,884,0.009167
45,884,0.008703
55,884,0.009657
65,884,0.009135
70,884,0.008854
75,884,0.007792
0,886,0.003236
15,886,0.003315
25,886,0.005652
35,886,0.009148
45,886,0.008743
55,886,0.009675
65,886,0.009141
70,886,0.008925
75,886,0.007835
0,888,0.003139
15,888,0.0034
25,888,0.005984
35,888,0.009115
45,888,0.008741
55,888,0.009657
65,888,0.009195
70,888,0.008899
75,888,0.007801
0,890,0.003092
15,890,0.003503
25,890,0.006329
35,890,0.009075
45,890,0.008768
55,890,0.009573
65,890,0.009208
70,890,0.008962
75,890,0.007839
0,892,0.003045
15,892,0.003601
25,892,0.006673
35,892,0.008976
45,892,0.008823
55,892,0.009606
65,892,0.00923
70,892,0.008944
75,892,0.00774
0,894,0.003014
15,894,0.003754
25,894,0.007037
35,894,0.008912
45,894,0.008812
55,894,0.009566
65,894,0.00922
70,894,0.008928
75,894,0.007788
0,896,0.003027
15,896,0.003917
25,896,0.007377
35,896,0.008825
45,896,0.008984
55,896,0.009572
65,896,0.009243
70,896,0.008998
75,896,0.007731
0,898,0.003034
15,898,0.004106
25,898,0.007663
35,898,0.008733
45,898,0.00902
55,898,0.009479
65,898,0.009239
70,898,0.008943
75,898,0.007632
0,900,0.003079
15,900,0.004313
25,900,0.008065
35,900,0.008584
45,900,0.00908
55,900,0.009482
65,900,0.009258
70,900,0.008928
75,900,0.007652
