0,250,0
15,250,0
25,250,0
35,250,0
45,250,0
55,250,0
65,250,0
70,250,0
75,250,0
0,252,0
15,252,0
25,252,0
35,252,0
45,252,0
55,252,0
65,252,0
70,252,0
75,252,0
0,254,0
15,254,0
25,254,0
35,254,0
45,254,0
55,254,0
65,254,0
70,254,0
75,254,0
0,256,0
15,256,0
25,256,0
35,256,0
45,256,0
55,256,0
65,256,0
70,256,0
75,256,0
0,258,0
15,258,0
25,258,0
35,258,0
45,258,0
55,258,0
65,258,0
70,258,0
75,258,0
0,260,0
15,260,0
25,260,0
35,260,0
45,260,0
55,260,0
65,260,0
70,260,0
75,260,0
0,262,0
15,262,0
25,262,0
35,262,0
45,262,0
55,262,0
65,262,0
70,262,0
75,262,0
0,264,0
15,264,0
25,264,0
35,264,0
45,264,0
55,264,0
65,264,0
70,264,0
75,264,0
0,266,0
15,266,0
25,266,0
35,266,0
45,266,0
55,266,0
65,266,0
70,266,0
75,266,0
0,268,0
15,268,0
25,268,0
35,268,0
45,268,0
55,268,0
65,268,0
70,268,0
75,268,0
0,270,0
15,270,0
25,270,0
35,270,0
45,270,0
55,270,0
65,270,0
70,270,0
75,270,0
0,272,0
15,272,0
25,272,0
35,272,0
45,272,0
55,272,0
65,272,0
70,272,0
75,272,0
0,274,0
15,274,0
25,274,0
35,274,0
45,274,0
55,274,0
65,274,0
70,274,0
75,274,0
0,276,0
15,276,0
25,276,0
35,276,0
45,276,0
55,276,0
65,276,0
70,276,0
75,276,0
0,278,0
15,278,0
25,278,0
35,278,0
45,278,0
55,278,0
65,278,0
70,278,0
75,278,0
0,280,0
15,280,0
25,280,0
35,280,0
45,280,0
55,280,0
65,280,0
70,280,0
75,280,0
0,282,0
15,282,0
25,282,0
35,282,0
45,282,0
55,282,0
65,282,0
70,282,0
75,282,0
0,284,0
15,284,0
25,284,0
35,284,0
45,284,0
55,284,0
65,284,0
70,284,0
75,284,0
0,286,0
15,286,0
25,286,0
35,286,0
45,286,0
55,286,0
65,286,0
70,286,0
75,286,0
0,288,0
15,288,0
25,288,0
35,288,0
45,288,0
55,288,0
65,288,0
70,288,0
75,288,0
0,290,0
15,290,0
25,290,0
35,290,0
45,290,0
55,290,0
65,290,0
70,290,0
75,290,0
0,292,0
15,292,0
25,292,0
35,292,0
45,292,0
55,292,0
65,292,0
70,292,0
75,292,0
0,294,0
15,294,0
25,294,0
35,294,0
45,294,0
55,294,0
65,294,0
70,294,0
75,294,0
0,296,0
15,296,0
25,296,0
35,296,0
45,296,0
55,296,0
65,296,0
70,296,0
75,296,0
0,298,0
15,298,0
25,298,0
35,298,0
45,298,0
55,298,0
65,298,0
70,298,0
75,298,0
0,300,0
15,300,0
25,300,0
35,300,0
45,300,0
55,300,0
65,300,0
70,300,0
75,300,0
0,302,0
15,302,0
25,302,0
35,302,0
45,302,0
55,302,0
65,302,0
70,302,0
75,302,0
0,304,0
15,304,0
25,304,0
35,304,0
45,304,0
55,304,0
65,304,0
70,304,0
75,304,0
0,306,0
15,306,0
25,306,0
35,306,0
45,306,0
55,306,0
65,306,0
70,306,0
75,306,0
0,308,0
15,308,0
25,308,0
35,308,0
45,308,0
55,308,0
65,308,0
70,308,0
75,308,0
0,310,0
15,310,0
25,310,0
35,310,0
45,310,0
55,310,0
65,310,0
70,310,0
75,310,0
0,312,0
15,312,0
25,312,0
35,312,0
45,312,0
55,312,0
65,312,0
70,312,0
75,312,0
0,314,0
15,314,0
25,314,0
35,314,0
45,314,0
55,314,0
65,314,0
70,314,0
75,314,0
0,316,0
15,316,0
25,316,0
35,316,0
45,316,0
55,316,0
65,316,0
70,316,0
75,316,0
0,318,0.0001
15,318,0.0001
25,318,0.0001
35,318,0.0001
45,318,0.0001
55,318,0.0001
65,318,0
70,318,0
75,318,0
0,320,0.0002
15,320,0.0002
25,320,0.0002
35,320,0.0002
45,320,0.0002
55,320,0.0002
65,320,0.0002
70,320,0.0002
75,320,0.0002
0,322,0.0002
15,322,0.0002
25,322,0.0002
35,322,0.0002
45,322,0.0002
55,322,0.0002
65,322,0.0002
70,322,0.0002
75,322,0.0002
0,324,0.0002
15,324,0.0002
25,324,0.0002
35,324,0.0002
45,324,0.0002
55,324,0.0002
65,324,0.0002
70,324,0.0002
75,324,0.0002
0,326,0.0002
15,326,0.0002
25,326,0.0002
35,326,0.0002
45,326,0.0002
55,326,0.0002
65,326,0.0002
70,326,0.0002
75,326,0.0002
0,328,0.0002
15,328,0.0002
25,328,0.0002
35,328,0.0002
45,328,0.0002
55,328,0.0002
65,328,0.0001
70,328,0.0001
75,328,0.0001
0,330,0.0002
15,330,0.0002
25,330,0.0002
35,330,0.0002
45,330,0.0002
55,330,0.0001
65,330,0.0001
70,330,0.0001
75,330,0.0001
0,332,0.0002
15,332,0.0002
25,332,0.0002
35,332,0.0002
45,332,0.0002
55,332,0.0001
65,332,0.0001
70,332,0.0001
75,332,0.0001
0,334,0.0002
15,334,0.0002
25,334,0.0001
35,334,0.0001
45,334,0.0001
55,334,0.0001
65,334,0.0001
70,334,0.0001
75,334,0.0001
0,336,0.0002
15,336,0.0001
25,336,0.0001
35,336,0.0002
45,336,0.0001
55,336,0.0001
65,336,0.0001
70,336,0.0001
75,336,0.0001
0,338,0.0001
15,338,0.0001
25,338,0.0001
35,338,0.0001
45,338,0.0001
55,338,0.0001
65,338,0.0001
70,338,0.0001
75,338,0.0001
0,340,0.0001
15,340,0.0001
25,340,0.0001
35,340,0.0001
45,340,0.0001
55,340,0.0001
65,340,0.0001
70,340,0.0001
75,340,0.0001
0,342,0.0001
15,342,0.0002
25,342,0.0001
35,342,0.0001
45,342,0.0001
55,342,0.0001
65,342,0.0001
70,342,0.0001
75,342,0.0001
0,344,0.0002
15,344,0.0001
25,344,0.0001
35,344,0.0001
45,344,0.0001
55,344,0.0001
65,344,0.0001
70,344,0.0001
75,344,0.0001
0,346,0.0002
15,346,0.0001
25,346,0.0001
35,346,0.0001
45,346,0.0001
55,346,0.0001
65,346,0.0001
70,346,0.0001
75,346,0.0001
0,348,0.0001
15,348,0.0001
25,348,0.0001
35,348,0.0001
45,348,0.0001
55,348,0.0001
65,348,0.0001
70,348,0.0001
75,348,0.0001
0,350,0.0001
15,350,0.0001
25,350,0.0001
35,350,0.0001
45,350,0.0001
55,350,0.0001
65,350,0.0001
70,350,0.0001
75,350,0.0001
0,352,0.0001
15,352,0.0001
25,352,0.0001
35,352,0.0001
45,352,0.0001
55,352,0.0001
65,352,0.0001
70,352,0.0001
75,352,0.0001
0,354,0.0001
15,354,0.0001
25,354,0.0001
35,354,0.0001
45,354,0.0001
55,354,0.0001
65,354,0.0001
70,354,0.0001
75,354,0.0001
0,356,0.0001
15,356,0.0001
25,356,0.0001
35,356,0.0001
45,356,0.0001
55,356,0.0001
65,356,0.0001
70,356,0.0001
75,356,0.0001
0,358,0.0001
15,358,0.0001
25,358,0.0001
35,358,0.0001
45,358,0
55,358,0.0001
65,358,0
70,358,0
75,358,0
0,360,0.0001
15,360,0.0001
25,360,0
35,360,0.0001
45,360,0
55,360,0
65,360,0
70,360,0
75,360,0
0,362,0
15,362,0
25,362,0
35,362,0
45,362,0
55,362,0
65,362,0
70,362,0
75,362,0
0,364,0
15,364,0
25,364,0
35,364,0
45,364,0
55,364,0
65,364,0
70,364,0
75,364,0
0,366,0
15,366,0
25,366,0
35,366,0
45,366,0
55,366,0
65,366,0
70,366,0
75,366,0
0,368,0
15,368,0
25,368,0
35,368,0
45,368,0
55,368,0
65,368,0
70,368,0
75,368,0
0,370,0
15,370,0
25,370,0
35,370,0
45,370,0
55,370,0
65,370,0
70,370,0
75,370,0
0,372,0
15,372,0
25,372,0
35,372,0
45,372,0
55,372,0
65,372,0
70,372,0
75,372,0
0,374,0
15,374,0
25,374,0
35,374,0
45,374,0
55,374,0
65,374,0
70,374,0
75,374,0
0,376,0
15,376,0
25,376,0
35,376,0
45,376,0
55,376,0
65,376,0
70,376,0
75,376,0
0,378,0.0001
15,378,0.0001
25,378,0
35,378,0.0001
45,378,0
55,378,0.0001
65,378,0
70,378,0
75,378,0
0,380,0.0002
15,380,0.0002
25,380,0.0002
35,380,0.0001
45,380,0.0001
55,380,0.0001
65,380,0.0001
70,380,0.0001
75,380,0.0001
0,382,0.0002
15,382,0.0002
25,382,0.0002
35,382,0.0002
45,382,0.0001
55,382,0.0001
65,382,0.0001
70,382,0.0001
75,382,0.0001
0,384,0.0002
15,384,0.0002
25,384,0.0002
35,384,0.0002
45,384,0.0002
55,384,0.0001
65,384,0.0001
70,384,0.0001
75,384,0.0001
0,386,0.0002
15,386,0.0002
25,386,0.0002
35,386,0.0002
45,386,0.0002
55,386,0.0001
65,386,0.0001
70,386,0.0001
75,386,0.0001
0,388,0.0002
15,388,0.0002
25,388,0.0002
35,388,0.0001
45,388,0.0001
55,388,0.0001
65,388,0.0001
70,388,0.0001
75,388,0.0001
0,390,0.0002
15,390,0.0002
25,390,0.0002
35,390,0.0001
45,390,0.0002
55,390,0.0001
65,390,0.0001
70,390,0.0001
75,390,0.0001
0,392,0.0002
15,392,0.0001
25,392,0.0001
35,392,0.0002
45,392,0.0001
55,392,0.0001
65,392,0.0001
70,392,0.0001
75,392,0.0001
0,394,0.0002
15,394,0.0002
25,394,0.0002
35,394,0.0001
45,394,0.0001
55,394,0.0001
65,394,0.0001
70,394,0.0001
75,394,0.0001
0,396,0.0002
15,396,0.0002
25,396,0.0002
35,396,0.0001
45,396,0.0001
55,396,0.0001
65,396,0.0001
70,396,0.0001
75,396,0.0001
0,398,0.0001
15,398,0.0001
25,398,0.0001
35,398,0.0001
45,398,0.0001
55,398,0.0001
65,398,0.0001
70,398,0.0001
75,398,0.0001
0,400,0.0001
15,400,0.0001
25,400,0.0001
35,400,0.0001
45,400,0.0001
55,400,0.0001
65,400,0.0001
70,400,0.0001
75,400,0.0001
0,402,0.0001
15,402,0.0002
25,402,0.0001
35,402,0.0001
45,402,0.0001
55,402,0.0001
65,402,0.0001
70,402,0.0001
75,402,0.0001
0,404,0.0002
15,404,0.0002
25,404,0.0001
35,404,0.0001
45,404,0.0001
55,404,0.0001
65,404,0.0001
70,404,0.0001
75,404,0.0001
0,406,0.0001
15,406,0.0001
25,406,0.0001
35,406,0.0001
45,406,0.0001
55,406,0.0001
65,406,0.0001
70,406,0.0001
75,406,0.0001
0,408,0.0001
15,408,0.0001
25,408,0.0001
35,408,0.0001
45,408,0.0001
55,408,0.0001
65,408,0.0001
70,408,0.0001
75,408,0.0001
0,410,0.0001
15,410,0.0001
25,410,0.0001
35,410,0.0001
45,410,0.0001
55,410,0.0001
65,410,0.0001
70,410,0.0001
75,410,0.0001
0,412,0.0001
15,412,0.0001
25,412,0.0001
35,412,0.0001
45,412,0.0001
55,412,0.0001
65,412,0.0001
70,412,0.0001
75,412,0.0001
0,414,0.0001
15,414,0.0001
25,414,0.0001
35,414,0.0001
45,414,0.0001
55,414,0.0001
65,414,0.0001
70,414,0.0001
75,414,0.0001
0,416,0.0001
15,416,0.0001
25,416,0.0001
35,416,0.0001
45,416,0.0001
55,416,0.0001
65,416,0.0001
70,416,0.0001
75,416,0.0001
0,418,0.0001
15,418,0.0001
25,418,0.0001
35,418,0.0001
45,418,0.0001
55,418,0.0001
65,418,0.0001
70,418,0.0001
75,418,0.0001
0,420,0.0001
15,420,0.0001
25,420,0.0001
35,420,0.0001
45,420,0.0001
55,420,0.0001
65,420,0.0001
70,420,0.0001
75,420,0.0001
0,422,0.0001
15,422,0.0001
25,422,0.0001
35,422,0.0001
45,422,0.0001
55,422,0.0001
65,422,0.0001
70,422,0.0001
75,422,0.0001
0,424,0.0001
15,424,0.0001
25,424,0.0001
35,424,0.0001
45,424,0.0001
55,424,0.0001
65,424,0.0001
70,424,0.0001
75,424,0.0001
0,426,0.0001
15,426,0.0001
25,426,0.0001
35,426,0.0001
45,426,0.0001
55,426,0.0001
65,426,0.0001
70,426,0.0001
75,426,0.0001
0,428,0.0001
15,428,0.0001
25,428,0.0001
35,428,0.0001
45,428,0.0001
55,428,0.0001
65,428,0.0001
70,428,0.0001
75,428,0.0001
0,430,0.0001
15,430,0.0001
25,430,0.0001
35,430,0.0001
45,430,0.0001
55,430,0.0001
65,430,0.0001
70,430,0.0001
75,430,0.0001
0,432,0.0001
15,432,0.0001
25,432,0.0001
35,432,0.0001
45,432,0.0001
55,432,0.0001
65,432,0.0001
70,432,0.0001
75,432,0.0001
0,434,0.0001
15,434,0.0001
25,434,0.0001
35,434,0.0001
45,434,0.0001
55,434,0.0001
65,434,0.0001
70,434,0.0001
75,434,0.0001
0,436,0.0001
15,436,0.0001
25,436,0.0001
35,436,0.0001
45,436,0.0001
55,436,0.0001
65,436,0.0001
70,436,0.0001
75,436,0.0001
0,438,0.0001
15,438,0.0001
25,438,0.0001
35,438,0.0001
45,438,0.0001
55,438,0.0001
65,438,0.0001
70,438,0.0001
75,438,0.0001
0,440,0.0001
15,440,0.0001
25,440,0.0001
35,440,0.0001
45,440,0.0001
55,440,0.0001
65,440,0.0001
70,440,0.0001
75,440,0.0001
0,442,0.0001
15,442,0.0001
25,442,0.0001
35,442,0.0001
45,442,0.0001
55,442,0.0001
65,442,0.0001
70,442,0.0001
75,442,0.0001
0,444,0.0002
15,444,0.0002
25,444,0.0002
35,444,0.0002
45,444,0.0002
55,444,0.0002
65,444,0.0002
70,444,0.0002
75,444,0.0002
0,446,0.0003
15,446,0.0003
25,446,0.0003
35,446,0.0003
45,446,0.0003
55,446,0.0003
65,446,0.0003
70,446,0.0003
75,446,0.0003
0,448,0.0003
15,448,0.0003
25,448,0.0003
35,448,0.0003
45,448,0.0003
55,448,0.0003
65,448,0.0003
70,448,0.0003
75,448,0.0003
0,450,0.0003
15,450,0.0004
25,450,0.0003
35,450,0.0003
45,450,0.0003
55,450,0.0003
65,450,0.0003
70,450,0.0003
75,450,0.0003
0,452,0.0004
15,452,0.0004
25,452,0.0004
35,452,0.0004
45,452,0.0004
55,452,0.0004
65,452,0.0003
70,452,0.0003
75,452,0.0003
0,454,0.0004
15,454,0.0004
25,454,0.0004
35,454,0.0004
45,454,0.0004
55,454,0.0004
65,454,0.0004
70,454,0.0004
75,454,0.0004
0,456,0.0004
15,456,0.0004
25,456,0.0004
35,456,0.0004
45,456,0.0004
55,456,0.0004
65,456,0.0004
70,456,0.0004
75,456,0.0004
0,458,0.0004
15,458,0.0004
25,458,0.0004
35,458,0.0004
45,458,0.0004
55,458,0.0003
65,458,0.0003
70,458,0.0003
75,458,0.0003
0,460,0.0003
15,460,0.0003
25,460,0.0003
35,460,0.0003
45,460,0.0003
55,460,0.0003
65,460,0.0003
70,460,0.0003
75,460,0.0003
0,462,0.0002
15,462,0.0002
25,462,0.0002
35,462,0.0002
45,462,0.0002
55,462,0.0002
65,462,0.0001
70,462,0.0001
75,462,0.0001
0,464,0
15,464,0
25,464,0
35,464,0
45,464,0
55,464,0
65,464,0
70,464,0
75,464,0
0,466,0
15,466,0
25,466,0
35,466,0
45,466,0
55,466,0
65,466,0
70,466,0
75,466,0
0,468,0
15,468,0
25,468,0
35,468,0
45,468,0
55,468,0
65,468,0
70,468,0
75,468,0
0,470,0
15,470,0
25,470,0
35,470,0
45,470,0
55,470,0
65,470,0
70,470,0
75,470,0
0,472,0
15,472,0
25,472,0
35,472,0
45,472,0
55,472,0
65,472,0
70,472,0
75,472,0
0,474,0
15,474,0
25,474,0
35,474,0
45,474,0
55,474,0
65,474,0
70,474,0
75,474,0
0,476,0
15,476,0
25,476,0
35,476,0
45,476,0
55,476,0
65,476,0
70,476,0
75,476,0
0,478,0
15,478,0
25,478,0
35,478,0
45,478,0
55,478,0
65,478,0
70,478,0
75,478,0
0,480,0.0006
15,480,0.0005
25,480,0.0004
35,480,0.0002
45,480,0.0001
55,480,0
65,480,0
70,480,0
75,480,0
0,482,0.0024
15,482,0.0022
25,482,0.0018
35,482,0.0015
45,482,0.0011
55,482,0.0008
65,482,0.0005
70,482,0.0004
75,482,0.0002
0,484,0.0071
15,484,0.0064
25,484,0.0057
35,484,0.0048
45,484,0.0038
55,484,0.003
65,484,0.002
70,484,0.0017
75,484,0.0012
0,486,0.0171
15,486,0.0157
25,486,0.0143
35,486,0.0124
45,486,0.0101
55,486,0.0083
65,486,0.006
70,486,0.0051
75,486,0.0037
0,488,0.0356
15,488,0.0333
25,488,0.0308
35,488,0.0274
45,488,0.0233
55,488,0.0197
65,488,0.0149
70,488,0.0128
75,488,0.0093
0,490,0.0658
15,490,0.0623
25,490,0.0587
35,490,0.0534
45,490,0.047
55,490,0.041
65,490,0.0321
70,490,0.0279
75,490,0.0204
0,492,0.1097
15,492,0.1051
25,492,0.1004
35,492,0.0934
45,492,0.0844
55,492,0.0756
65,492,0.0612
70,492,0.0537
75,492,0.0397
0,494,0.1675
15,494,0.1622
25,494,0.1568
35,494,0.1485
45,494,0.1375
55,494,0.126
65,494,0.1049
70,494,0.0929
75,494,0.0693
0,496,0.2364
15,496,0.2309
25,496,0.2254
35,496,0.2168
45,496,0.2047
55,496,0.1913
65,496,0.1631
70,496,0.1456
75,496,0.1096
0,498,0.3107
15,498,0.3057
25,498,0.3007
35,498,0.2928
45,498,0.2811
55,498,0.2667
65,498,0.2322
70,498,0.2086
75,498,0.1582
0,500,0.386
15,500,0.3821
25,500,0.3782
35,500,0.3717
45,500,0.3617
55,500,0.3475
65,500,0.3076
70,500,0.2777
75,500,0.2121
0,502,0.4586
15,502,0.4558
25,502,0.4535
35,502,0.4494
45,502,0.4419
55,502,0.4286
65,502,0.3843
70,502,0.3483
75,502,0.2677
0,504,0.5262
15,504,0.5249
25,504,0.5243
35,504,0.5229
45,504,0.5182
55,504,0.5066
65,504,0.4588
70,504,0.4172
75,504,0.3222
0,506,0.5872
15,506,0.5874
25,506,0.5885
35,506,0.5898
45,506,0.5881
55,506,0.5784
65,506,0.5281
70,506,0.4811
75,506,0.3731
0,508,0.6398
15,508,0.6413
25,508,0.6442
35,508,0.6481
45,508,0.6493
55,508,0.6411
65,508,0.5888
70,508,0.5371
75,508,0.4181
0,510,0.6847
15,510,0.6875
25,510,0.6919
35,510,0.6982
45,510,0.7019
55,510,0.6954
65,510,0.6413
70,510,0.5856
75,510,0.4573
0,512,0.7228
15,512,0.7265
25,512,0.7322
35,512,0.7404
45,512,0.7463
55,512,0.7411
65,512,0.6857
70,512,0.6264
75,512,0.4905
0,514,0.7547
15,514,0.7594
25,514,0.7662
35,514,0.7759
45,514,0.7836
55,514,0.7794
65,514,0.7226
70,514,0.6605
75,514,0.5183
0,516,0.7814
15,516,0.7866
25,516,0.7943
35,516,0.8053
45,516,0.8145
55,516,0.8111
65,516,0.7529
70,516,0.6885
75,516,0.5413
0,518,0.803
15,518,0.8089
25,518,0.8172
35,518,0.8292
45,518,0.8393
55,518,0.8363
65,518,0.777
70,518,0.7108
75,518,0.5596
0,520,0.8206
15,520,0.8269
25,520,0.8357
35,520,0.8484
45,520,0.8592
55,520,0.8564
65,520,0.7961
70,520,0.7283
75,520,0.5741
0,522,0.8351
15,522,0.8417
25,522,0.8509
35,522,0.8641
45,522,0.8752
55,522,0.8724
65,522,0.8111
70,522,0.7421
75,522,0.5854
0,524,0.847
15,524,0.8538
25,524,0.8633
35,524,0.8768
45,524,0.8882
55,524,0.8853
65,524,0.8229
70,524,0.7529
75,524,0.5944
0,526,0.8568
15,526,0.8639
25,526,0.8734
35,526,0.8871
45,526,0.8987
55,526,0.8954
65,526,0.8322
70,526,0.7613
75,526,0.6013
0,528,0.8648
15,528,0.872
25,528,0.8815
35,528,0.8955
45,528,0.9069
55,528,0.9033
65,528,0.8391
70,528,0.7677
75,528,0.6065
0,530,0.8714
15,530,0.8786
25,530,0.8881
35,530,0.9021
45,530,0.9134
55,530,0.9095
65,530,0.8445
70,530,0.7726
75,530,0.6104
0,532,0.8769
15,532,0.884
25,532,0.8936
35,532,0.9075
45,532,0.9187
55,532,0.9144
65,532,0.8485
70,532,0.7762
75,532,0.6134
0,534,0.8813
15,534,0.8884
25,534,0.8981
35,534,0.9119
45,534,0.9229
55,534,0.9182
65,534,0.8515
70,534,0.7788
75,534,0.6155
0,536,0.8851
15,536,0.8921
25,536,0.9018
35,536,0.9156
45,536,0.9263
55,536,0.9211
65,536,0.8537
70,536,0.7807
75,536,0.6171
0,538,0.8881
15,538,0.8953
25,538,0.9049
35,538,0.9185
45,538,0.929
55,538,0.9234
65,538,0.8553
70,538,0.7821
75,538,0.6181
0,540,0.8907
15,540,0.8979
25,540,0.9073
35,540,0.9208
45,540,0.9311
55,540,0.9252
65,540,0.8564
70,540,0.783
75,540,0.6188
0,542,0.8928
15,542,0.9
25,542,0.9094
35,542,0.9226
45,542,0.9328
55,542,0.9265
65,542,0.8572
70,542,0.7836
75,542,0.6193
0,544,0.8948
15,544,0.9017
25,544,0.911
35,544,0.9243
45,544,0.9342
55,544,0.9275
65,544,0.8577
70,544,0.7839
75,544,0.6195
0,546,0.8963
15,546,0.9033
25,546,0.9125
35,546,0.9256
45,546,0.9352
55,546,0.9283
65,546,0.8581
70,546,0.7841
75,546,0.6196
0,548,0.8975
15,548,0.9045
25,548,0.9138
35,548,0.9267
45,548,0.936
55,548,0.9289
65,548,0.8582
70,548,0.7841
75,548,0.6196
0,550,0.8987
15,550,0.9055
25,550,0.9148
35,550,0.9275
45,550,0.9367
55,550,0.9293
65,550,0.8582
70,550,0.7839
75,550,0.6195
0,552,0.8996
15,552,0.9064
25,552,0.9156
35,552,0.9282
45,552,0.9372
55,552,0.9296
65,552,0.8581
70,552,0.7838
75,552,0.6193
0,554,0.9004
15,554,0.9073
25,554,0.9164
35,554,0.9288
45,554,0.9377
55,554,0.9297
65,554,0.858
70,554,0.7836
75,554,0.619
0,556,0.9012
15,556,0.9079
25,556,0.9169
35,556,0.9294
45,556,0.9381
55,556,0.9299
65,556,0.8578
70,556,0.7834
75,556,0.6188
0,558,0.9017
15,558,0.9085
25,558,0.9174
35,558,0.9298
45,558,0.9384
55,558,0.9299
65,558,0.8577
70,558,0.7831
75,558,0.6186
0,560,0.9022
15,560,0.9091
25,560,0.9178
35,560,0.9301
45,560,0.9385
55,560,0.93
65,560,0.8574
70,560,0.7828
75,560,0.6184
0,562,0.9027
15,562,0.9094
25,562,0.9182
35,562,0.9303
45,562,0.9388
55,562,0.9301
65,562,0.8573
70,562,0.7827
75,562,0.6183
0,564,0.9031
15,564,0.9097
25,564,0.9186
35,564,0.9306
45,564,0.939
55,564,0.9301
65,564,0.8573
70,564,0.7827
75,564,0.6183
0,566,0.9034
15,566,0.91
25,566,0.9189
35,566,0.9309
45,566,0.9391
55,566,0.93
65,566,0.857
70,566,0.7824
75,566,0.6181
0,568,0.9037
15,568,0.9102
25,568,0.919
35,568,0.9311
45,568,0.9391
55,568,0.93
65,568,0.8567
70,568,0.7822
75,568,0.6179
0,570,0.9039
15,570,0.9105
25,570,0.9193
35,570,0.9312
45,570,0.9392
55,570,0.9301
65,570,0.8566
70,570,0.782
75,570,0.6177
0,572,0.9043
15,572,0.9108
25,572,0.9195
35,572,0.9313
45,572,0.9393
55,572,0.9301
65,572,0.8565
70,572,0.7819
75,572,0.6176
0,574,0.9045
15,574,0.9109
25,574,0.9196
35,574,0.9316
45,574,0.9393
55,574,0.9299
65,574,0.8565
70,574,0.7817
75,574,0.6175
0,576,0.9047
15,576,0.9111
25,576,0.9198
35,576,0.9316
45,576,0.9393
55,576,0.93
65,576,0.8563
70,576,0.7816
75,576,0.6174
0,578,0.9048
15,578,0.9114
25,578,0.92
35,578,0.9317
45,578,0.9395
55,578,0.93
65,578,0.8562
70,578,0.7815
75,578,0.6173
0,580,0.905
15,580,0.9115
25,580,0.9201
35,580,0.9318
45,580,0.9395
55,580,0.93
65,580,0.8562
70,580,0.7814
75,580,0.6172
0,582,0.9051
15,582,0.9117
25,582,0.9201
35,582,0.9319
45,582,0.9396
55,582,0.9301
65,582,0.8561
70,582,0.7813
75,582,0.6171
0,584,0.9052
15,584,0.9117
25,584,0.9202
35,584,0.932
45,584,0.9395
55,584,0.9301
65,584,0.856
70,584,0.7812
75,584,0.6171
0,586,0.9052
15,586,0.9117
25,586,0.9203
35,586,0.932
45,586,0.9396
55,586,0.9301
65,586,0.856
70,586,0.7813
75,586,0.6172
0,588,0.9052
15,588,0.9118
25,588,0.9205
35,588,0.9321
45,588,0.9397
55,588,0.9301
65,588,0.8561
70,588,0.7813
75,588,0.6172
0,590,0.9054
15,590,0.9119
25,590,0.9205
35,590,0.9322
45,590,0.9398
55,590,0.9302
65,590,0.8561
70,590,0.7813
75,590,0.6172
0,592,0.9055
15,592,0.9121
25,592,0.9205
35,592,0.9323
45,592,0.9398
55,592,0.9303
65,592,0.8562
70,592,0.7814
75,592,0.6172
0,594,0.9056
15,594,0.9121
25,594,0.9205
35,594,0.9325
45,594,0.9399
55,594,0.9304
65,594,0.8562
70,594,0.7814
75,594,0.6172
0,596,0.9056
15,596,0.9121
25,596,0.9206
35,596,0.9325
45,596,0.9402
55,596,0.9305
65,596,0.8564
70,596,0.7814
75,596,0.6173
0,598,0.9056
15,598,0.9122
25,598,0.9208
35,598,0.9326
45,598,0.9403
55,598,0.9306
65,598,0.8565
70,598,0.7815
75,598,0.6175
0,600,0.9057
15,600,0.9123
25,600,0.9208
35,600,0.9327
45,600,0.9403
55,600,0.9307
65,600,0.8565
70,600,0.7817
75,600,0.6176
0,602,0.9058
15,602,0.9123
25,602,0.9208
35,602,0.9327
45,602,0.9403
55,602,0.9309
65,602,0.8566
70,602,0.7818
75,602,0.6177
0,604,0.9058
15,604,0.9122
25,604,0.9209
35,604,0.9326
45,604,0.9404
55,604,0.9309
65,604,0.8567
70,604,0.7819
75,604,0.6178
0,606,0.9057
15,606,0.9122
25,606,0.9209
35,606,0.9325
45,606,0.9405
55,606,0.9308
65,606,0.8567
70,606,0.7819
75,606,0.6178
0,608,0.9056
15,608,0.9122
25,608,0.9207
35,608,0.9325
45,608,0.9404
55,608,0.9309
65,608,0.8568
70,608,0.782
75,608,0.6179
0,610,0.9055
15,610,0.9121
25,610,0.9207
35,610,0.9325
45,610,0.9404
55,610,0.931
65,610,0.8568
70,610,0.7819
75,610,0.618
0,612,0.9054
15,612,0.9121
25,612,0.9205
35,612,0.9323
45,612,0.9402
55,612,0.931
65,612,0.8569
70,612,0.7821
75,612,0.6181
0,614,0.9052
15,614,0.9119
25,614,0.9204
35,614,0.9323
45,614,0.9403
55,614,0.9309
65,614,0.857
70,614,0.7822
75,614,0.6181
0,616,0.905
15,616,0.9117
25,616,0.9204
35,616,0.9322
45,616,0.9403
55,616,0.9309
65,616,0.857
70,616,0.7822
75,616,0.6182
0,618,0.9049
15,618,0.9116
25,618,0.9204
35,618,0.9321
45,618,0.9402
55,618,0.931
65,618,0.8569
70,618,0.7823
75,618,0.6183
0,620,0.9048
15,620,0.9115
25,620,0.9202
35,620,0.932
45,620,0.9403
55,620,0.9311
65,620,0.8571
70,620,0.7823
75,620,0.6183
0,622,0.9047
15,622,0.9114
25,622,0.9201
35,622,0.9319
45,622,0.9402
55,622,0.9311
65,622,0.8571
70,622,0.7824
75,622,0.6185
0,624,0.9046
15,624,0.9113
25,624,0.92
35,624,0.9318
45,624,0.9401
55,624,0.9311
65,624,0.8571
70,624,0.7825
75,624,0.6186
0,626,0.9044
15,626,0.9111
25,626,0.9198
35,626,0.9318
45,626,0.9402
55,626,0.9311
65,626,0.8573
70,626,0.7826
75,626,0.6187
0,628,0.9043
15,628,0.911
25,628,0.9197
35,628,0.9316
45,628,0.9401
55,628,0.9311
65,628,0.8575
70,628,0.7826
75,628,0.6188
0,630,0.9042
15,630,0.911
25,630,0.9196
35,630,0.9315
45,630,0.9401
55,630,0.9312
65,630,0.8575
70,630,0.7827
75,630,0.6189
0,632,0.9041
15,632,0.911
25,632,0.9196
35,632,0.9316
45,632,0.9401
55,632,0.9312
65,632,0.8578
70,632,0.7829
75,632,0.619
0,634,0.9039
15,634,0.9109
25,634,0.9196
35,634,0.9316
45,634,0.9401
55,634,0.9314
65,634,0.8579
70,634,0.783
75,634,0.6193
0,636,0.9039
15,636,0.9108
25,636,0.9196
35,636,0.9315
45,636,0.9404
55,636,0.9317
65,636,0.8581
70,636,0.7833
75,636,0.6196
0,638,0.904
15,638,0.9109
25,638,0.9196
35,638,0.9316
45,638,0.9405
55,638,0.932
65,638,0.8585
70,638,0.7836
75,638,0.6198
0,640,0.904
15,640,0.9109
25,640,0.9195
35,640,0.9318
45,640,0.9406
55,640,0.9322
65,640,0.8588
70,640,0.7839
75,640,0.62
0,642,0.904
15,642,0.911
25,642,0.9196
35,642,0.9318
45,642,0.9408
55,642,0.9324
65,642,0.8591
70,642,0.7842
75,642,0.6203
0,644,0.9041
15,644,0.911
25,644,0.9197
35,644,0.9318
45,644,0.941
55,644,0.9326
65,644,0.8594
70,644,0.7846
75,644,0.6206
0,646,0.9041
15,646,0.911
25,646,0.9197
35,646,0.9321
45,646,0.9412
55,646,0.9329
65,646,0.8599
70,646,0.7851
75,646,0.621
0,648,0.9042
15,648,0.9112
25,648,0.9199
35,648,0.9324
45,648,0.9415
55,648,0.9334
65,648,0.8604
70,648,0.7855
75,648,0.6215
0,650,0.9044
15,650,0.9114
25,650,0.9202
35,650,0.9325
45,650,0.9419
55,650,0.9339
65,650,0.8608
70,650,0.7858
75,650,0.6219
0,652,0.9045
15,652,0.9115
25,652,0.9205
35,652,0.9328
45,652,0.9424
55,652,0.9343
65,652,0.8614
70,652,0.7864
75,652,0.6224
0,654,0.9046
15,654,0.9117
25,654,0.9208
35,654,0.9331
45,654,0.9428
55,654,0.9349
65,654,0.862
70,654,0.787
75,654,0.6229
0,656,0.9048
15,656,0.9119
25,656,0.9212
35,656,0.9335
45,656,0.9432
55,656,0.9354
65,656,0.8626
70,656,0.7876
75,656,0.6235
0,658,0.9051
15,658,0.9122
25,658,0.9214
35,658,0.934
45,658,0.9436
55,658,0.936
65,658,0.8632
70,658,0.7882
75,658,0.6241
0,660,0.9054
15,660,0.9126
25,660,0.9217
35,660,0.9343
45,660,0.9441
55,660,0.9365
65,660,0.864
70,660,0.7888
75,660,0.6246
0,662,0.9056
15,662,0.9129
25,662,0.9221
35,662,0.9346
45,662,0.9447
55,662,0.937
65,662,0.8648
70,662,0.7894
75,662,0.6252
0,664,0.906
15,664,0.9133
25,664,0.9224
35,664,0.9351
45,664,0.9452
55,664,0.9377
65,664,0.8654
70,664,0.7902
75,664,0.6258
0,666,0.9063
15,666,0.9137
25,666,0.9228
35,666,0.9357
45,666,0.9458
55,666,0.9383
65,666,0.866
70,666,0.791
75,666,0.6264
0,668,0.9066
15,668,0.914
25,668,0.9232
35,668,0.9362
45,668,0.9464
55,668,0.9391
65,668,0.8668
70,668,0.7918
75,668,0.6272
0,670,0.907
15,670,0.9144
25,670,0.9237
35,670,0.9366
45,670,0.9469
55,670,0.94
65,670,0.8677
70,670,0.7926
75,670,0.6279
0,672,0.9073
15,672,0.9148
25,672,0.9241
35,672,0.9371
45,672,0.9476
55,672,0.9406
65,672,0.8686
70,672,0.7934
75,672,0.6285
0,674,0.9077
15,674,0.9153
25,674,0.9246
35,674,0.9377
45,674,0.9484
55,674,0.9415
65,674,0.8695
70,674,0.7942
75,674,0.6292
0,676,0.9081
15,676,0.9157
25,676,0.9251
35,676,0.9384
45,676,0.9491
55,676,0.9423
65,676,0.8704
70,676,0.795
75,676,0.63
0,678,0.9086
15,678,0.9161
25,678,0.9256
35,678,0.9388
45,678,0.9498
55,678,0.9431
65,678,0.8713
70,678,0.7958
75,678,0.6308
0,680,0.9091
15,680,0.9166
25,680,0.9262
35,680,0.9392
45,680,0.9503
55,680,0.9439
65,680,0.8722
70,680,0.7966
75,680,0.6316
0,682,0.9095
15,682,0.9171
25,682,0.9266
35,682,0.9398
45,682,0.951
55,682,0.9446
65,682,0.8731
70,682,0.7976
75,682,0.6324
0,684,0.91
15,684,0.9175
25,684,0.9271
35,684,0.9404
45,684,0.9517
55,684,0.9455
65,684,0.8739
70,684,0.7983
75,684,0.633
0,686,0.9104
15,686,0.918
25,686,0.9276
35,686,0.941
45,686,0.9524
55,686,0.9463
65,686,0.8748
70,686,0.7992
75,686,0.6337
0,688,0.9107
15,688,0.9185
25,688,0.928
35,688,0.9415
45,688,0.9531
55,688,0.947
65,688,0.8756
70,688,0.8
75,688,0.6345
0,690,0.911
15,690,0.9187
25,690,0.9283
35,690,0.942
45,690,0.9536
55,690,0.9477
65,690,0.8764
70,690,0.8009
75,690,0.6353
0,692,0.9113
15,692,0.919
25,692,0.9286
35,692,0.9425
45,692,0.9541
55,692,0.9484
65,692,0.8773
70,692,0.8017
75,692,0.636
0,694,0.9116
15,694,0.9192
25,694,0.929
35,694,0.9428
45,694,0.9546
55,694,0.9488
65,694,0.8779
70,694,0.8022
75,694,0.6366
0,696,0.9117
15,696,0.9196
25,696,0.9293
35,696,0.9431
45,696,0.955
55,696,0.9495
65,696,0.8785
70,696,0.8029
75,696,0.6372
0,698,0.9118
15,698,0.9198
25,698,0.9296
35,698,0.9435
45,698,0.9553
55,698,0.95
65,698,0.8792
70,698,0.8035
75,698,0.6376
0,700,0.912
15,700,0.9199
25,700,0.9298
35,700,0.9437
45,700,0.9558
55,700,0.9505
65,700,0.8798
70,700,0.8041
75,700,0.6382
0,702,0.9122
15,702,0.9202
25,702,0.9299
35,702,0.944
45,702,0.9564
55,702,0.9511
65,702,0.8803
70,702,0.8048
75,702,0.6387
0,704,0.9123
15,704,0.9202
25,704,0.9301
35,704,0.9443
45,704,0.9568
55,704,0.9516
65,704,0.8809
70,704,0.8053
75,704,0.6391
0,706,0.9124
15,706,0.9203
25,706,0.9302
35,706,0.9446
45,706,0.9571
55,706,0.952
65,706,0.8815
70,706,0.8058
75,706,0.6396
0,708,0.9126
15,708,0.9204
25,708,0.9303
35,708,0.9447
45,708,0.9572
55,708,0.9526
65,708,0.8821
70,708,0.8062
75,708,0.6401
0,710,0.9129
15,710,0.9207
25,710,0.9308
35,710,0.9449
45,710,0.9577
55,710,0.9529
65,710,0.8825
70,710,0.8067
75,710,0.6406
0,712,0.9128
15,712,0.9208
25,712,0.931
35,712,0.945
45,712,0.958
55,712,0.9532
65,712,0.8831
70,712,0.8073
75,712,0.641
0,714,0.9128
15,714,0.9206
25,714,0.9311
35,714,0.9452
45,714,0.9583
55,714,0.9536
65,714,0.8835
70,714,0.8077
75,714,0.6414
0,716,0.9128
15,716,0.9208
25,716,0.9312
35,716,0.9453
45,716,0.9586
55,716,0.954
65,716,0.884
70,716,0.808
75,716,0.6417
0,718,0.9128
15,718,0.921
25,718,0.9311
35,718,0.9456
45,718,0.9588
55,718,0.9543
65,718,0.8845
70,718,0.8085
75,718,0.6422
0,720,0.9129
15,720,0.9211
25,720,0.9313
35,720,0.9458
45,720,0.959
55,720,0.9546
65,720,0.8849
70,720,0.809
75,720,0.6427
0,722,0.9129
15,722,0.9211
25,722,0.9314
35,722,0.946
45,722,0.9592
55,722,0.955
65,722,0.8853
70,722,0.8096
75,722,0.6431
0,724,0.913
15,724,0.9213
25,724,0.9315
35,724,0.9461
45,724,0.9596
55,724,0.9554
65,724,0.8857
70,724,0.8099
75,724,0.6436
0,726,0.9131
15,726,0.9214
25,726,0.9317
35,726,0.9464
45,726,0.9599
55,726,0.9559
65,726,0.8862
70,726,0.8103
75,726,0.644
0,728,0.9132
15,728,0.9214
25,728,0.9318
35,728,0.9466
45,728,0.9601
55,728,0.9562
65,728,0.8867
70,728,0.8108
75,728,0.6444
0,730,0.9131
15,730,0.9214
25,730,0.9319
35,730,0.9469
45,730,0.9604
55,730,0.9566
65,730,0.8871
70,730,0.8112
75,730,0.6447
0,732,0.913
15,732,0.9215
25,732,0.932
35,732,0.947
45,732,0.9607
55,732,0.957
65,732,0.8876
70,732,0.8116
75,732,0.645
0,734,0.9133
15,734,0.9215
25,734,0.932
35,734,0.9469
45,734,0.9609
55,734,0.9573
65,734,0.888
70,734,0.8121
75,734,0.6454
0,736,0.9132
15,736,0.9217
25,736,0.9322
35,736,0.947
45,736,0.9612
55,736,0.9578
65,736,0.8884
70,736,0.8125
75,736,0.6458
0,738,0.9131
15,738,0.9216
25,738,0.9321
35,738,0.9472
45,738,0.9615
55,738,0.9581
65,738,0.8887
70,738,0.8129
75,738,0.6463
0,740,0.9132
15,740,0.9216
25,740,0.9322
35,740,0.9473
45,740,0.9618
55,740,0.9585
65,740,0.8892
70,740,0.8132
75,740,0.6466
0,742,0.9133
15,742,0.9217
25,742,0.9323
35,742,0.9476
45,742,0.962
55,742,0.9587
65,742,0.8897
70,742,0.8136
75,742,0.647
0,744,0.9133
15,744,0.9219
25,744,0.9322
35,744,0.9475
45,744,0.9621
55,744,0.959
65,744,0.8902
70,744,0.8142
75,744,0.6474
0,746,0.9132
15,746,0.9218
25,746,0.9323
35,746,0.9476
45,746,0.9624
55,746,0.9595
65,746,0.8905
70,746,0.8146
75,746,0.6477
0,748,0.9133
15,748,0.922
25,748,0.9324
35,748,0.9477
45,748,0.9627
55,748,0.9596
65,748,0.8911
70,748,0.8148
75,748,0.6481
0,750,0.9133
15,750,0.9218
25,750,0.9324
35,750,0.9479
45,750,0.9628
55,750,0.9598
65,750,0.8913
70,750,0.8152
75,750,0.6484
0,752,0.9133
15,752,0.9217
25,752,0.9324
35,752,0.948
45,752,0.963
55,752,0.9601
65,752,0.8917
70,752,0.8157
75,752,0.6487
0,754,0.9135
15,754,0.9219
25,754,0.9326
35,754,0.9482
45,754,0.9631
55,754,0.9604
65,754,0.8922
70,754,0.8161
75,754,0.6489
0,756,0.9135
15,756,0.9221
25,756,0.9327
35,756,0.9483
45,756,0.9633
55,756,0.9607
65,756,0.8925
70,756,0.8164
75,756,0.6492
0,758,0.9134
15,758,0.9219
25,758,0.9329
35,758,0.9483
45,758,0.9633
55,758,0.961
65,758,0.8928
70,758,0.8166
75,758,0.6496
0,760,0.9133
15,760,0.9219
25,760,0.9327
35,760,0.9483
45,760,0.9635
55,760,0.9613
65,760,0.8932
70,760,0.817
75,760,0.6501
0,762,0.9129
15,762,0.9219
25,762,0.9328
35,762,0.9482
45,762,0.9639
55,762,0.9613
65,762,0.8934
70,762,0.8171
75,762,0.6502
0,764,0.9129
15,764,0.922
25,764,0.9326
35,764,0.9485
45,764,0.9641
55,764,0.9613
65,764,0.8938
70,764,0.8178
75,764,0.6505
0,766,0.9132
15,766,0.9221
25,766,0.9326
35,766,0.9486
45,766,0.9641
55,766,0.9616
65,766,0.8941
70,766,0.818
75,766,0.6508
0,768,0.9131
15,768,0.9218
25,768,0.9328
35,768,0.9486
45,768,0.9641
55,768,0.9619
65,768,0.8942
70,768,0.818
75,768,0.651
0,770,0.9129
15,770,0.9219
25,770,0.9328
35,770,0.9487
45,770,0.9643
55,770,0.9621
65,770,0.8947
70,770,0.8185
75,770,0.6514
0,772,0.9128
15,772,0.9218
25,772,0.9327
35,772,0.9487
45,772,0.9645
55,772,0.9623
65,772,0.8951
70,772,0.8191
75,772,0.6519
0,774,0.9129
15,774,0.9218
25,774,0.9329
35,774,0.9489
45,774,0.9647
55,774,0.9627
65,774,0.8953
70,774,0.8194
75,774,0.6521
0,776,0.913
15,776,0.9218
25,776,0.933
35,776,0.9489
45,776,0.9648
55,776,0.9631
65,776,0.8956
70,776,0.8197
75,776,0.6524
0,778,0.9131
15,778,0.9221
25,778,0.933
35,778,0.9489
45,778,0.9649
55,778,0.9634
65,778,0.8961
70,778,0.82
75,778,0.6526
0,780,0.913
15,780,0.922
25,780,0.933
35,780,0.9488
45,780,0.9651
55,780,0.9638
65,780,0.8962
70,780,0.8203
75,780,0.6528
0,782,0.913
15,782,0.9219
25,782,0.9335
35,782,0.9489
45,782,0.9653
55,782,0.9637
65,782,0.8966
70,782,0.8204
75,782,0.6532
0,784,0.913
15,784,0.9219
25,784,0.9332
35,784,0.9493
45,784,0.9656
55,784,0.9642
65,784,0.897
70,784,0.821
75,784,0.6536
0,786,0.9132
15,786,0.922
25,786,0.9332
35,786,0.9495
45,786,0.9657
55,786,0.9645
65,786,0.8974
70,786,0.8214
75,786,0.6537
0,788,0.9132
15,788,0.9223
25,788,0.9334
35,788,0.9497
45,788,0.9656
55,788,0.9648
65,788,0.8977
70,788,0.8216
75,788,0.6544
0,790,0.9131
15,790,0.9222
25,790,0.9334
35,790,0.9497
45,790,0.9662
55,790,0.9649
65,790,0.8981
70,790,0.8221
75,790,0.6547
0,792,0.9131
15,792,0.9225
25,792,0.9335
35,792,0.9496
45,792,0.9666
55,792,0.9652
65,792,0.8985
70,792,0.8224
75,792,0.655
0,794,0.9132
15,794,0.9225
25,794,0.9333
35,794,0.9495
45,794,0.9664
55,794,0.9654
65,794,0.8989
70,794,0.8229
75,794,0.6552
0,796,0.9134
15,796,0.922
25,796,0.9334
35,796,0.9499
45,796,0.9667
55,796,0.966
65,796,0.8992
70,796,0.8233
75,796,0.6555
0,798,0.9132
15,798,0.922
25,798,0.9333
35,798,0.9501
45,798,0.9672
55,798,0.966
65,798,0.8998
70,798,0.8237
75,798,0.6558
0,800,0.9129
15,800,0.9221
25,800,0.9334
35,800,0.95
45,800,0.9671
55,800,0.9661
65,800,0.9
70,800,0.8238
75,800,0.6563
0,802,0.9131
15,802,0.9223
25,802,0.9338
35,802,0.9502
45,802,0.9673
55,802,0.9669
65,802,0.9003
70,802,0.8243
75,802,0.6566
0,804,0.9132
15,804,0.9223
25,804,0.9338
35,804,0.9503
45,804,0.9669
55,804,0.9669
65,804,0.9004
70,804,0.8246
75,804,0.657
0,806,0.9131
15,806,0.9225
25,806,0.9338
35,806,0.9502
45,806,0.9676
55,806,0.9671
65,806,0.9009
70,806,0.8251
75,806,0.6573
0,808,0.9131
15,808,0.9223
25,808,0.9338
35,808,0.9504
45,808,0.968
55,808,0.9675
65,808,0.9013
70,808,0.8251
75,808,0.6578
0,810,0.9129
15,810,0.9221
25,810,0.934
35,810,0.9505
45,810,0.968
55,810,0.9677
65,810,0.9017
70,810,0.8255
75,810,0.658
0,812,0.9126
15,812,0.9223
25,812,0.9338
35,812,0.9508
45,812,0.9678
55,812,0.9681
65,812,0.9025
70,812,0.827
75,812,0.6596
0,814,0.9128
15,814,0.9221
25,814,0.9337
35,814,0.9507
45,814,0.9683
55,814,0.9682
65,814,0.9028
70,814,0.8278
75,814,0.66
0,816,0.9128
15,816,0.9223
25,816,0.9337
35,816,0.9506
45,816,0.9685
55,816,0.9686
65,816,0.9036
70,816,0.8282
75,816,0.6605
0,818,0.9129
15,818,0.922
25,818,0.9339
35,818,0.9505
45,818,0.9688
55,818,0.9691
65,818,0.904
70,818,0.8286
75,818,0.6608
0,820,0.9128
15,820,0.9222
25,820,0.9344
35,820,0.9507
45,820,0.9689
55,820,0.9695
65,820,0.9046
70,820,0.8289
75,820,0.6613
0,822,0.9132
15,822,0.9222
25,822,0.9338
35,822,0.9512
45,822,0.9694
55,822,0.9699
65,822,0.9051
70,822,0.8294
75,822,0.662
0,824,0.9128
15,824,0.9224
25,824,0.9342
35,824,0.9513
45,824,0.9698
55,824,0.9704
65,824,0.9059
70,824,0.8302
75,824,0.6622
0,826,0.913
15,826,0.9226
25,826,0.9339
35,826,0.9513
45,826,0.9697
55,826,0.9709
65,826,0.9062
70,826,0.8308
75,826,0.6628
0,828,0.913
15,828,0.9225
25,828,0.9342
35,828,0.9513
45,828,0.9703
55,828,0.9715
65,828,0.9067
70,828,0.8312
75,828,0.6634
0,830,0.9128
15,830,0.9225
25,830,0.9342
35,830,0.9517
45,830,0.9705
55,830,0.9716
65,830,0.9074
70,830,0.8319
75,830,0.6636
0,832,0.9127
15,832,0.9226
25,832,0.9346
35,832,0.952
45,832,0.9714
55,832,0.9722
65,832,0.9084
70,832,0.8323
75,832,0.6642
0,834,0.9124
15,834,0.9224
25,834,0.9347
35,834,0.9526
45,834,0.9713
55,834,0.9728
65,834,0.9092
70,834,0.8331
75,834,0.6648
0,836,0.913
15,836,0.9228
25,836,0.9348
35,836,0.9529
45,836,0.9718
55,836,0.9738
65,836,0.91
70,836,0.8339
75,836,0.6655
0,838,0.9126
15,838,0.9225
25,838,0.9351
35,838,0.9534
45,838,0.9725
55,838,0.974
65,838,0.9105
70,838,0.8342
75,838,0.6664
0,840,0.9126
15,840,0.9231
25,840,0.9348
35,840,0.9535
45,840,0.9731
55,840,0.9749
65,840,0.9112
70,840,0.835
75,840,0.667
0,842,0.9131
15,842,0.9228
25,842,0.9358
35,842,0.9535
45,842,0.9729
55,842,0.9753
65,842,0.9123
70,842,0.8355
75,842,0.6674
0,844,0.9126
15,844,0.923
25,844,0.9354
35,844,0.9536
45,844,0.9737
55,844,0.9759
65,844,0.9135
70,844,0.8368
75,844,0.6684
0,846,0.9125
15,846,0.9232
25,846,0.9357
35,846,0.9544
45,846,0.9749
55,846,0.9762
65,846,0.9144
70,846,0.8373
75,846,0.669
0,848,0.9131
15,848,0.9231
25,848,0.9355
35,848,0.954
45,848,0.9746
55,848,0.9769
65,848,0.9154
70,848,0.8385
75,848,0.6699
0,850,0.9127
15,850,0.9227
25,850,0.9357
35,850,0.9549
45,850,0.9754
55,850,0.9779
65,850,0.9161
70,850,0.8392
75,850,0.6707
0,852,0.9125
15,852,0.9229
25,852,0.9358
35,852,0.9546
45,852,0.9753
55,852,0.9783
65,852,0.9169
70,852,0.8402
75,852,0.6708
0,854,0.9126
15,854,0.9235
25,854,0.9363
35,854,0.9557
45,854,0.9757
55,854,0.979
65,854,0.9167
70,854,0.8402
75,854,0.6724
0,856,0.9132
15,856,0.9235
25,856,0.9366
35,856,0.9544
45,856,0.9764
55,856,0.9799
65,856,0.9179
70,856,0.8417
75,856,0.6728
0,858,0.9128
15,858,0.9231
25,858,0.9357
35,858,0.9544
45,858,0.9755
55,858,0.9806
65,858,0.9185
70,858,0.8416
75,858,0.6733
0,860,0.913
15,860,0.9237
25,860,0.9365
35,860,0.9559
45,860,0.9775
55,860,0.981
65,860,0.9187
70,860,0.8427
75,860,0.6738
0,862,0.9113
15,862,0.925
25,862,0.9362
35,862,0.9563
45,862,0.9773
55,862,0.9822
65,862,0.9196
70,862,0.8431
75,862,0.6747
0,864,0.9119
15,864,0.9237
25,864,0.9372
35,864,0.9546
45,864,0.9787
55,864,0.9816
65,864,0.9206
70,864,0.8453
75,864,0.6754
0,866,0.9125
15,866,0.9234
25,866,0.937
35,866,0.9556
45,866,0.9784
55,866,0.9807
65,866,0.9216
70,866,0.8461
75,866,0.6767
0,868,0.9125
15,868,0.9243
25,868,0.9349
35,868,0.9539
45,868,0.9771
55,868,0.983
65,868,0.921
70,868,0.8471
75,868,0.6769
0,870,0.9101
15,870,0.9234
25,870,0.9375
35,870,0.9566
45,870,0.9793
55,870,0.9799
65,870,0.9218
70,870,0.8465
75,870,0.6781
0,872,0.9116
15,872,0.9228
25,872,0.9351
35,872,0.9569
45,872,0.9781
55,872,0.9822
65,872,0.9209
70,872,0.8465
75,872,0.6785
0,874,0.912
15,874,0.9229
25,874,0.9349
35,874,0.9558
45,874,0.9778
55,874,0.9838
65,874,0.9216
70,874,0.8476
75,874,0.6775
0,876,0.9121
15,876,0.9217
25,876,0.9391
35,876,0.9561
45,876,0.9788
55,876,0.9837
65,876,0.922
70,876,0.8458
75,876,0.6795
0,878,0.9115
15,878,0.9199
25,878,0.936
35,878,0.9551
45,878,0.9788
55,878,0.9822
65,878,0.9233
70,878,0.8475
75,878,0.6786
0,880,0.9113
15,880,0.9207
25,880,0.9345
35,880,0.9544
45,880,0.9762
55,880,0.9826
65,880,0.922
70,880,0.8451
75,880,0.678
0,882,0.9108
15,882,0.9234
25,882,0.94
35,882,0.9572
45,882,0.9768
55,882,0.9806
65,882,0.9225
70,882,0.8457
75,882,0.6781
0,884,0.9128
15,884,0.9248
25,884,0.9359
35,884,0.9535
45,884,0.9759
55,884,0.9815
65,884,0.9234
70,884,0.847
75,884,0.6789
0,886,0.9107
15,886,0.9221
25,886,0.9361
35,886,0.9612
45,886,0.9779
55,886,0.979
65,886,0.9213
70,886,0.8483
75,886,0.6807
0,888,0.9135
15,888,0.9262
25,888,0.9363
35,888,0.9593
45,888,0.9749
55,888,0.983
65,888,0.9218
70,888,0.8505
75,888,0.6798
0,890,0.9123
15,890,0.922
25,890,0.9363
35,890,0.9553
45,890,0.9796
55,890,0.9797
65,890,0.9215
70,890,0.8471
75,890,0.6789
0,892,0.9131
15,892,0.9262
25,892,0.934
35,892,0.9559
45,892,0.9784
55,892,0.9794
65,892,0.9263
70,892,0.8466
75,892,0.6774
0,894,0.9111
15,894,0.9209
25,894,0.9364
35,894,0.9543
45,894,0.9766
55,894,0.9784
65,894,0.9248
70,894,0.848
75,894,0.6792
0,896,0.912
15,896,0.923
25,896,0.9359
35,896,0.954
45,896,0.979
55,896,0.9827
65,896,0.9216
70,896,0.8457
75,896,0.6781
0,898,0.9109
15,898,0.9208
25,898,0.9361
35,898,0.9518
45,898,0.9759
55,898,0.9766
65,898,0.9212
70,898,0.8459
75,898,0.679
0,900,0.9142
15,900,0.9196
25,900,0.9342
35,900,0.9549
45,900,0.9755
55,900,0.9843
65,900,0.9215
70,900,0.8505
75,900,0.6805
